0 0.681152 0.296653 0.033828 0.055351
0 0.651931 0.302803 0.024602 0.061501
0 0.470511 0.109074 0.043054 0.061501
0 0.568909 0.147512 0.067645 0.046126
0 0.618114 0.248990 0.030753 0.064577
0 0.602738 0.258215 0.030753 0.076877
0 0.621190 0.359680 0.036904 0.052276
0 0.658082 0.444245 0.030753 0.049201
0 0.645781 0.485758 0.049205 0.058426
0 0.508946 0.521121 0.039979 0.073802
0 0.519716 0.637974 0.036904 0.061501
0 0.447452 0.650274 0.039979 0.055351
0 0.378263 0.842454 0.049205 0.070727
0 0.373644 0.721001 0.039979 0.055351
0 0.332133 0.697938 0.030753 0.046126
0 0.336752 0.721001 0.039979 0.055351
0 0.287547 0.651812 0.039979 0.052276
0 0.242961 0.687175 0.049205 0.055351
0 0.258337 0.753277 0.030753 0.052276
0 0.310606 0.759427 0.036904 0.046126
0 0.295241 0.767115 0.030753 0.067652
0 0.591968 0.964585 0.033828 0.062831
0 0.631947 0.966122 0.027678 0.059756
0 0.671926 0.827079 0.046130 0.052276
0 0.665776 0.784028 0.039979 0.058426
0 0.796459 0.840917 0.036904 0.043051
0 0.811836 0.896268 0.030753 0.049201
0 0.841046 0.879355 0.027678 0.070727
0 0.874874 0.871668 0.027678 0.067652
0 0.919460 0.877818 0.036904 0.073802
0 0.902540 0.978422 0.046130 0.035155
0 0.985402 0.976885 0.021195 0.038230
0 0.983867 0.936244 0.024265 0.061501
0 0.991550 0.950082 0.008900 0.052276
