0 0.378263 0.042454 0.049205 0.070727
0 0.591968 0.165457 0.033828 0.064577
0 0.631947 0.173145 0.027678 0.073802
0 0.671926 0.027079 0.046130 0.052276
0 0.796459 0.040917 0.036904 0.043051
0 0.811836 0.096268 0.030753 0.049201
0 0.841046 0.079355 0.027678 0.070727
0 0.874874 0.071668 0.027678 0.067652
0 0.919460 0.077818 0.036904 0.073802
0 0.902540 0.194670 0.046130 0.067652
0 0.982327 0.246947 0.027346 0.055351
0 0.985402 0.185445 0.021195 0.055351
0 0.983867 0.136244 0.024265 0.061501
0 0.991550 0.150082 0.008900 0.052276
