0 0.013711 0.900783 0.027421 0.025524
0 0.040706 0.694469 0.026001 0.039597
0 0.192712 0.815679 0.030800 0.026799
0 0.263110 0.801880 0.030800 0.024797
0 0.266715 0.827273 0.021202 0.033198
0 0.285112 0.784077 0.022002 0.032400
0 0.139307 0.804073 0.037604 0.026001
0 0.175509 0.653478 0.022801 0.038405
0 0.286109 0.644279 0.032006 0.035200
0 0.145312 0.701678 0.029594 0.042802
0 0.164717 0.571472 0.028400 0.033603
0 0.191309 0.576477 0.024795 0.031601
0 0.101506 0.621269 0.034799 0.029194
0 0.103117 0.646078 0.037999 0.023606
0 0.384212 0.569446 0.027995 0.037202
0 0.472415 0.572044 0.036399 0.028003
0 0.452616 0.533246 0.034405 0.037595
0 0.466410 0.670053 0.033199 0.037595
0 0.593018 0.659651 0.039204 0.042397
0 0.344810 0.677846 0.030000 0.022795
0 0.386217 0.670053 0.034405 0.026406
0 0.384015 0.686045 0.027995 0.011999
0 0.385220 0.694850 0.027995 0.011999
0 0.414212 0.758244 0.031600 0.016396
0 0.430220 0.743444 0.037604 0.020400
0 0.463814 0.633245 0.032805 0.031196
0 0.709611 0.626047 0.028400 0.041599
0 0.712196 0.584616 0.033605 0.026001
0 0.714004 0.541623 0.028400 0.038405
0 0.736006 0.569423 0.024401 0.040395
0 0.754205 0.567016 0.031600 0.016396
0 0.757196 0.539418 0.029200 0.040395
0 0.791798 0.506220 0.023196 0.048403
0 0.626867 0.311453 0.036295 0.031458
0 0.779325 0.271761 0.023717 0.045007
0 0.898873 0.301777 0.027589 0.042111
0 0.939295 0.186335 0.040653 0.039692
0 0.982891 0.004599 0.026218 0.009198
