0 0.031834 0.579451 0.022257 0.031041
0 0.007719 0.482813 0.015437 0.031041
0 0.004496 0.525567 0.008992 0.035724
0 0.206653 0.515320 0.024007 0.035140
0 0.017483 0.131434 0.021665 0.032209
0 0.017785 0.198783 0.024598 0.038072
0 0.069612 0.251487 0.022836 0.040407
0 0.118507 0.037726 0.022257 0.032209
0 0.296839 0.110354 0.026349 0.036892
0 0.459347 0.041539 0.023427 0.031625
0 0.282778 0.194970 0.033385 0.028110
0 0.298010 0.230110 0.024007 0.040991
0 0.351298 0.273449 0.026349 0.031625
0 0.268137 0.313272 0.028702 0.033973
0 0.597558 0.190585 0.026940 0.039239
0 0.484826 0.355729 0.024007 0.038072
0 0.296966 0.526258 0.026801 0.030803
0 0.329969 0.590057 0.020796 0.037595
0 0.294764 0.609253 0.026395 0.025596
0 0.589212 0.611112 0.037268 0.026620
0 0.489509 0.657573 0.027589 0.040169
0 0.312616 0.728723 0.023230 0.028551
0 0.280668 0.706214 0.022268 0.041623
0 0.190888 0.791878 0.021781 0.040657
0 0.191375 0.848515 0.025653 0.042588
0 0.485499 0.864351 0.022002 0.033436
0 0.618157 0.771287 0.021561 0.036523
0 0.511894 0.913409 0.036955 0.028598
0 0.711438 0.910764 0.021561 0.039156
