0 0.187054 0.988118 0.034069 0.015764
0 0.102664 0.872426 0.037802 0.022891
0 0.225922 0.870567 0.023427 0.035140
0 0.121570 0.751037 0.028748 0.035677
0 0.188653 0.784319 0.036202 0.027681
0 0.110917 0.677563 0.023427 0.039931
0 0.087258 0.342462 0.025468 0.044328
0 0.201381 0.455175 0.029235 0.035843
0 0.595532 0.267057 0.030869 0.042874
0 0.682565 0.311206 0.033443 0.047164
0 0.569381 0.429532 0.038590 0.042016
0 0.532889 0.680542 0.026580 0.041158
0 0.489164 0.790289 0.052303 0.029158
0 0.767395 0.747415 0.030869 0.041158
0 0.824417 0.712263 0.026580 0.044590
0 0.700521 0.627373 0.036016 0.060021
0 0.934598 0.705840 0.027438 0.040300
0 0.898582 0.773999 0.029154 0.046306
0 0.619922 0.915049 0.024007 0.031720
0 0.622924 0.950201 0.030012 0.040300
0 0.758829 0.977215 0.029154 0.034294
0 0.887442 0.846449 0.020576 0.036868
0 0.975164 0.896186 0.041672 0.026585
