0 0.112195 0.838986 0.036295 0.048879
0 0.170039 0.982715 0.039691 0.026569
0 0.181167 0.946433 0.024204 0.038238
0 0.123092 0.931681 0.031948 0.027109
0 0.138822 0.939414 0.033397 0.025167
0 0.147527 0.950556 0.035332 0.022259
0 0.198347 0.908683 0.029525 0.025655
0 0.200526 0.888605 0.042589 0.024201
0 0.179962 0.877463 0.037268 0.027109
0 0.355256 0.924210 0.025595 0.041206
0 0.399653 0.942811 0.038404 0.028801
0 0.477656 0.897017 0.035205 0.031601
0 0.417459 0.911614 0.027601 0.035998
0 0.427463 0.896410 0.029200 0.043195
0 0.625895 0.935327 0.037836 0.021556
0 0.615554 0.844468 0.028597 0.036963
0 0.705763 0.795410 0.029478 0.032995
0 0.805200 0.900783 0.044444 0.025524
0 0.742916 0.735270 0.030394 0.040395
0 0.840706 0.694469 0.026001 0.039597
0 0.986656 0.815679 0.018688 0.026799
0 0.939307 0.804073 0.037604 0.026001
0 0.975509 0.653478 0.022801 0.038405
0 0.945312 0.701678 0.029594 0.042802
0 0.964717 0.571472 0.028400 0.033603
0 0.987456 0.576477 0.017088 0.031601
0 0.901506 0.621269 0.034799 0.029194
0 0.903117 0.646078 0.037999 0.023606
