0 0.139295 0.981245 0.040653 0.029511
0 0.253522 0.897764 0.028076 0.041623
0 0.185025 0.797097 0.030487 0.024201
0 0.310381 0.748456 0.024679 0.042111
0 0.361212 0.793224 0.025653 0.039692
0 0.407916 0.822752 0.034846 0.033877
0 0.432352 0.670049 0.023717 0.040169
0 0.411788 0.629868 0.036781 0.024690
0 0.580695 0.678998 0.036781 0.025167
0 0.578527 0.805808 0.032423 0.037750
0 0.711139 0.724016 0.025653 0.042588
0 0.629346 0.537912 0.033397 0.029528
0 0.487530 0.480322 0.049857 0.029528
0 0.402584 0.440141 0.032910 0.042111
0 0.390250 0.338748 0.027589 0.043565
0 0.289817 0.359315 0.033883 0.041146
0 0.274330 0.304871 0.029038 0.035819
0 0.195435 0.294707 0.035819 0.039692
0 0.175114 0.392954 0.027102 0.037750
0 0.193986 0.424412 0.021295 0.042588
0 0.241895 0.475472 0.037755 0.044042
0 0.572546 0.917163 0.053196 0.030398
0 0.786754 0.956366 0.034405 0.025596
0 0.101864 0.240394 0.024494 0.041527
0 0.176401 0.217241 0.035135 0.029278
0 0.187054 0.193814 0.034069 0.027157
0 0.237629 0.226285 0.036202 0.051644
0 0.102664 0.072426 0.037802 0.022891
0 0.225922 0.070567 0.023427 0.035140
0 0.619922 0.115049 0.024007 0.031720
0 0.622924 0.150201 0.030012 0.040300
0 0.592913 0.211509 0.031727 0.032578
0 0.568477 0.254812 0.032585 0.040300
0 0.713377 0.226082 0.024007 0.037726
0 0.758829 0.177215 0.029154 0.034294
0 0.887442 0.046449 0.020576 0.036868
0 0.975164 0.096186 0.041672 0.026585
0 0.679876 0.309757 0.027519 0.029278
0 0.688071 0.322638 0.022836 0.031625
0 0.763918 0.380323 0.033965 0.020496
0 0.893053 0.269052 0.026349 0.035724
0 0.906233 0.223675 0.023427 0.040991
0 0.928478 0.245339 0.021086 0.036308
0 0.928779 0.293658 0.028702 0.033377
0 0.921743 0.326153 0.024007 0.036308
0 0.908273 0.434207 0.024007 0.038072
0 0.894513 0.593500 0.030452 0.032209
0 0.770653 0.601413 0.040410 0.030457
0 0.707697 0.621610 0.032794 0.040407
0 0.879873 0.829807 0.024598 0.039823
