0 0.681335 0.963945 0.025201 0.038798
0 0.602139 0.912539 0.022801 0.039204
0 0.548143 0.854949 0.026801 0.029599
0 0.540736 0.877947 0.024795 0.030803
0 0.649944 0.834740 0.028795 0.021997
0 0.603344 0.854747 0.024401 0.028396
0 0.087442 0.046449 0.020576 0.036868
0 0.175762 0.096186 0.042867 0.026585
0 0.273505 0.043458 0.024007 0.039442
0 0.336948 0.100905 0.030869 0.044590
0 0.437277 0.087607 0.025723 0.040300
0 0.372965 0.065741 0.039448 0.051441
0 0.425697 0.154491 0.040294 0.040300
0 0.702224 0.019447 0.024007 0.037726
0 0.093053 0.269052 0.026349 0.035724
0 0.106233 0.223675 0.023427 0.040991
0 0.128478 0.245339 0.021086 0.036308
0 0.128779 0.293658 0.028702 0.033377
0 0.121743 0.326153 0.024007 0.036308
0 0.108273 0.434207 0.024007 0.038072
0 0.223057 0.308875 0.026349 0.038072
0 0.234487 0.251487 0.021086 0.043922
0 0.255271 0.259686 0.022836 0.032209
0 0.228042 0.195268 0.021086 0.038072
0 0.261716 0.372721 0.022836 0.034556
0 0.328185 0.387068 0.024598 0.040991
0 0.316767 0.365392 0.024007 0.035140
0 0.381184 0.474614 0.024007 0.035724
0 0.094513 0.593500 0.030452 0.032209
0 0.079873 0.829807 0.024598 0.039823
0 0.265229 0.654999 0.021665 0.035724
0 0.333459 0.602866 0.024598 0.034556
0 0.424526 0.601115 0.020495 0.032209
0 0.420133 0.630106 0.022257 0.029278
0 0.414858 0.650900 0.036306 0.024011
0 0.316767 0.630392 0.020495 0.038072
0 0.334329 0.645919 0.020495 0.031625
0 0.534325 0.566558 0.023427 0.035724
0 0.547795 0.546361 0.021086 0.037476
0 0.588205 0.581501 0.025769 0.030457
0 0.710025 0.598183 0.022257 0.040407
0 0.712367 0.651186 0.029281 0.031625
0 0.645597 0.656167 0.022257 0.034556
0 0.604898 0.694524 0.022836 0.037476
0 0.558344 0.745477 0.021086 0.037476
0 0.543993 0.766556 0.021665 0.032793
0 0.831834 0.579451 0.022257 0.031041
0 0.799040 0.482813 0.032794 0.031041
0 0.797278 0.525567 0.023427 0.035724
0 0.696254 0.450318 0.020495 0.036308
0 0.621300 0.434207 0.020495 0.038072
0 0.581470 0.381205 0.026349 0.032793
0 0.622181 0.298627 0.023427 0.042171
0 0.478695 0.308005 0.028111 0.039823
0 0.534325 0.354561 0.026940 0.031041
0 0.539890 0.328500 0.026349 0.042171
0 0.531984 0.429226 0.038648 0.033973
0 0.519395 0.258804 0.032214 0.038656
0 0.519685 0.231576 0.030452 0.041575
0 0.660238 0.246804 0.022257 0.038072
0 0.727297 0.245637 0.034556 0.035724
0 0.574445 0.192920 0.022836 0.039239
0 0.560094 0.141681 0.025769 0.038656
0 0.817483 0.131434 0.021665 0.032209
0 0.817785 0.198783 0.024598 0.038072
0 0.869612 0.251487 0.022836 0.040407
0 0.918507 0.037726 0.022257 0.032209
0 0.987999 0.791878 0.016003 0.040657
0 0.987274 0.848515 0.017452 0.042588
