0 0.383067 0.989767 0.034003 0.012466
0 0.380865 0.963934 0.025601 0.039998
0 0.155467 0.963135 0.045203 0.022400
0 0.070464 0.974136 0.029600 0.042804
0 0.930246 0.790217 0.024399 0.036406
0 0.745850 0.756218 0.026005 0.031604
0 0.941265 0.345165 0.024399 0.039599
0 0.823674 0.218761 0.042002 0.022799
0 0.810474 0.264969 0.021198 0.047195
0 0.833671 0.268562 0.027600 0.037603
0 0.858272 0.257561 0.022399 0.034797
0 0.871068 0.259968 0.022399 0.040397
0 0.725535 0.064849 0.023601 0.037603
0 0.612740 0.042649 0.020400 0.036406
0 0.167730 0.430046 0.039598 0.025206
0 0.393926 0.542045 0.032801 0.035596
0 0.475525 0.522052 0.042395 0.023597
0 0.317528 0.585847 0.027196 0.029597
0 0.318729 0.556650 0.023995 0.033600
0 0.354722 0.538253 0.024803 0.029597
0 0.349329 0.525644 0.024399 0.024396
0 0.062508 0.884806 0.038002 0.032802
0 0.045501 0.755607 0.031195 0.035995
0 0.078037 0.306106 0.032068 0.027354
0 0.049437 0.112044 0.032801 0.020404
0 0.690926 0.532137 0.042523 0.031886
