0 0.458093 0.174325 0.028347 0.041874
0 0.067062 0.397227 0.029630 0.039291
0 0.269022 0.641383 0.052185 0.030273
0 0.263866 0.674550 0.031561 0.038656
0 0.266115 0.526066 0.029630 0.041874
0 0.284161 0.534435 0.029630 0.047025
0 0.190892 0.824890 0.028347 0.034010
0 0.193587 0.989592 0.031949 0.012816
0 0.308294 0.988622 0.024203 0.014756
0 0.310707 0.964304 0.025169 0.036787
0 0.388638 0.915904 0.025169 0.032907
0 0.391545 0.880817 0.026134 0.038240
0 0.536353 0.976856 0.023426 0.038288
0 0.654544 0.880505 0.029818 0.046856
0 0.729614 0.902863 0.030878 0.043651
0 0.790039 0.923637 0.032479 0.039395
0 0.822248 0.940934 0.026616 0.040991
0 0.984388 0.691419 0.023224 0.038656
0 0.959309 0.651297 0.031620 0.035723
0 0.982634 0.721874 0.026732 0.046856
