0 0.952455 0.130151 0.060770 0.064340
0 0.989057 0.891869 0.013885 0.078642
0 0.950665 0.887938 0.047186 0.086503
0 0.977261 0.724765 0.037479 0.082573
0 0.954596 0.736557 0.055049 0.090434
0 0.822883 0.848617 0.051118 0.110088
0 0.771765 0.805366 0.066842 0.094365
0 0.575169 0.846645 0.051118 0.066836
0 0.575169 0.787670 0.051118 0.066836
0 0.551582 0.785698 0.035381 0.070767
0 0.537816 0.711001 0.039324 0.094365
0 0.940601 0.012024 0.034304 0.024049
0 0.865945 0.046240 0.054480 0.052465
0 0.479562 0.038172 0.052460 0.036314
0 0.027390 0.573453 0.054781 0.068243
