0 0.879399 0.092623 0.046473 0.060768
0 0.872250 0.033648 0.060770 0.050037
0 0.722127 0.142660 0.032175 0.067912
0 0.700681 0.083685 0.032175 0.071484
0 0.798973 0.090843 0.035744 0.064340
0 0.791824 0.046157 0.035744 0.067912
0 0.831148 0.067604 0.028595 0.060768
0 0.688173 0.528698 0.057190 0.096503
0 0.586301 0.498314 0.053622 0.064340
0 0.545187 0.471516 0.057190 0.067912
0 0.441536 0.512617 0.042892 0.057195
0 0.386136 0.548365 0.046473 0.064340
0 0.378988 0.496535 0.039324 0.060768
0 0.336083 0.516189 0.053622 0.064340
0 0.171662 0.426830 0.039324 0.092930
0 0.091236 0.478661 0.078636 0.067912
0 0.039417 0.416114 0.046473 0.078642
