0 0.878058 0.957717 0.039324 0.076566
0 0.920950 0.839013 0.046473 0.082214
0 0.822658 0.837220 0.042892 0.064340
0 0.797632 0.892623 0.042892 0.067912
0 0.733293 0.760371 0.057190 0.053610
0 0.697549 0.853302 0.042892 0.053610
0 0.702908 0.896195 0.032175 0.046465
0 0.701130 0.939088 0.042892 0.053610
0 0.720786 0.944453 0.032175 0.071484
0 0.667164 0.856874 0.032175 0.060768
0 0.665386 0.822918 0.035744 0.092930
0 0.631421 0.209905 0.060770 0.053610
0 0.794063 0.192044 0.071487 0.089358
0 0.468790 0.018277 0.042892 0.036553
0 0.379425 0.170598 0.050041 0.075056
0 0.313296 0.104465 0.046473 0.085786
0 0.570662 0.956962 0.039324 0.067912
0 0.477729 0.862239 0.039324 0.092930
0 0.372276 0.847950 0.050041 0.057195
0 0.306147 0.881906 0.060770 0.075056
0 0.152455 0.930151 0.060770 0.064340
0 0.316138 0.694914 0.038332 0.068601
0 0.276790 0.650518 0.044392 0.052465
0 0.255610 0.701976 0.042372 0.050437
0 0.216262 0.654559 0.024216 0.056492
0 0.196086 0.611183 0.044392 0.050437
0 0.139597 0.544595 0.052460 0.070615
0 0.083097 0.626313 0.028244 0.056492
0 0.157753 0.654559 0.032284 0.064560
0 0.127489 0.650518 0.048420 0.032287
0 0.126473 0.687853 0.026224 0.066588
0 0.140601 0.789748 0.034304 0.068601
0 0.116385 0.779652 0.030264 0.056492
0 0.065945 0.846240 0.054480 0.052465
0 0.007250 0.641443 0.014500 0.046410
0 0.030636 0.639429 0.040352 0.046410
0 0.046785 0.614203 0.028244 0.060533
0 0.020548 0.608149 0.036312 0.052465
