0 0.801104 0.655492 0.095147 0.099482
0 0.673516 0.642527 0.064871 0.082173
0 0.615128 0.441412 0.069201 0.069194
0 0.442119 0.560341 0.069201 0.116777
0 0.517816 0.679283 0.082180 0.112446
0 0.403194 0.761456 0.077850 0.112446
0 0.333993 0.798225 0.077850 0.090820
0 0.126390 0.700909 0.069201 0.121108
0 0.163161 0.839312 0.082180 0.077856
0 0.091795 0.822016 0.043255 0.086503
0 0.063684 0.847959 0.047574 0.086503
0 0.017786 0.813369 0.035573 0.095151
0 0.089630 0.497629 0.082180 0.095151
0 0.093960 0.207859 0.064871 0.112446
0 0.039891 0.253262 0.060553 0.082173
