0 0.940898 0.589345 0.061738 0.084490
0 0.806040 0.831423 0.032490 0.074739
0 0.780046 0.813548 0.038998 0.090986
0 0.736186 0.797301 0.042239 0.071484
0 0.732932 0.969765 0.048747 0.052469
0 0.632196 0.941910 0.042239 0.074739
0 0.458353 0.781054 0.051989 0.064988
0 0.375483 0.727445 0.061738 0.061747
0 0.573700 0.447991 0.068234 0.061747
0 0.575333 0.321256 0.038998 0.094241
0 0.547706 0.313133 0.048747 0.077994
0 0.458353 0.332635 0.038998 0.071484
0 0.373862 0.308264 0.058496 0.068243
0 0.289371 0.300141 0.058496 0.084490
0 0.019583 0.259523 0.039166 0.087731
0 0.014711 0.438240 0.029422 0.081235
0 0.640325 0.789178 0.071487 0.048741
0 0.602948 0.805425 0.042239 0.061747
0 0.627322 0.816803 0.032490 0.064988
