0 0.878058 0.158755 0.039324 0.078642
0 0.920950 0.040060 0.046473 0.080120
0 0.822658 0.037220 0.042892 0.064340
0 0.797632 0.092623 0.042892 0.067912
0 0.697549 0.053302 0.042892 0.053610
0 0.702908 0.096195 0.032175 0.046465
0 0.701130 0.139088 0.042892 0.053610
0 0.720786 0.144453 0.032175 0.071484
0 0.667164 0.056874 0.032175 0.060768
0 0.665386 0.034692 0.035744 0.069383
0 0.570662 0.156962 0.039324 0.067912
0 0.477729 0.062239 0.039324 0.092930
0 0.372276 0.047950 0.050041 0.057195
0 0.306147 0.081906 0.060770 0.075056
0 0.372276 0.349981 0.050041 0.096503
0 0.266835 0.215937 0.046473 0.050037
0 0.152455 0.130151 0.060770 0.064340
0 0.350830 0.543000 0.050041 0.067912
0 0.340113 0.761038 0.057190 0.067912
0 0.286310 0.973418 0.066842 0.045163
0 0.211605 0.891869 0.058980 0.078642
0 0.150665 0.887938 0.047186 0.086503
0 0.182115 0.724765 0.047186 0.082573
0 0.154596 0.736557 0.055049 0.090434
0 0.024221 0.848617 0.048442 0.110088
0 0.140601 0.012024 0.034304 0.024049
0 0.065945 0.046240 0.054480 0.052465
