0 0.078681 0.656162 0.035947 0.039666
0 0.197678 0.712869 0.027265 0.041525
0 0.269263 0.622070 0.032844 0.037185
0 0.103779 0.438296 0.026649 0.037808
0 0.089838 0.354012 0.027265 0.036562
0 0.114936 0.341300 0.029125 0.038432
0 0.507759 0.488629 0.039198 0.029200
0 0.589360 0.445235 0.027197 0.042395
0 0.574553 0.398030 0.039198 0.042395
0 0.521152 0.289427 0.026797 0.044406
0 0.681959 0.273833 0.030003 0.038796
0 0.742957 0.239835 0.026398 0.036397
0 0.803956 0.183234 0.025200 0.035198
0 0.791555 0.263825 0.020398 0.037197
0 0.839754 0.391233 0.046396 0.023202
0 0.861361 0.494427 0.022405 0.036797
0 0.873955 0.497226 0.023603 0.036797
0 0.029935 0.131878 0.036871 0.030012
