0 0.145641 0.041514 0.028349 0.033504
0 0.165285 0.035716 0.028988 0.041231
0 0.215538 0.114308 0.023831 0.041231
0 0.330850 0.118824 0.021253 0.045100
0 0.350494 0.131384 0.021903 0.039302
0 0.415235 0.139757 0.025120 0.039302
0 0.565341 0.192912 0.031566 0.039937
0 0.798213 0.177119 0.032205 0.035433
0 0.825592 0.180988 0.022542 0.038008
0 0.835585 0.199345 0.039939 0.025766
0 0.870688 0.190654 0.023831 0.044453
0 0.876483 0.034105 0.028988 0.039302
0 0.936078 0.090483 0.024482 0.037362
0 0.966355 0.102713 0.028349 0.028342
0 0.730016 0.143026 0.025166 0.033881
0 0.725201 0.448328 0.037475 0.020498
0 0.887720 0.384200 0.042757 0.029282
