0 0.028657 0.096398 0.043385 0.051873
0 0.161652 0.128938 0.030186 0.043383
0 0.355474 0.260038 0.029239 0.045276
0 0.164721 0.988290 0.028132 0.015421
0 0.212360 0.986928 0.027219 0.018143
0 0.155651 0.853989 0.031760 0.040831
0 0.372985 0.970601 0.029033 0.039925
0 0.739228 0.933616 0.021447 0.036303
0 0.731390 0.967438 0.028874 0.037950
0 0.594859 0.924137 0.031349 0.038773
0 0.528864 0.949704 0.028052 0.040419
0 0.380788 0.769458 0.023923 0.029694
0 0.335419 0.796682 0.025577 0.034645
0 0.292935 0.797094 0.021447 0.033822
0 0.288395 0.693147 0.020626 0.032175
0 0.290870 0.660972 0.027219 0.028871
0 0.382442 0.837102 0.022268 0.032999
0 0.373373 0.865149 0.027219 0.029694
0 0.735794 0.423855 0.030688 0.029224
