0 0.021045 0.158467 0.035080 0.053002
0 0.093542 0.229004 0.036631 0.041313
0 0.183187 0.183410 0.049111 0.032740
0 0.239690 0.222383 0.028064 0.048334
0 0.127504 0.511444 0.020763 0.042054
0 0.169565 0.489347 0.029284 0.031940
0 0.403806 0.476070 0.025120 0.037362
0 0.548106 0.557884 0.025120 0.034786
0 0.567762 0.388128 0.033494 0.025119
0 0.673731 0.455772 0.027699 0.041877
0 0.731067 0.482832 0.026410 0.040584
0 0.742019 0.517288 0.031566 0.030917
0 0.820609 0.191971 0.038011 0.028342
0 0.691447 0.090835 0.028349 0.036080
0 0.984199 0.404839 0.023602 0.045205
0 0.727348 0.246550 0.033003 0.044194
