0 0.069660 0.299996 0.031840 0.031846
0 0.020241 0.368075 0.031840 0.038432
0 0.154753 0.432308 0.030745 0.032940
0 0.175059 0.455910 0.045016 0.025249
0 0.368539 0.210068 0.024504 0.044465
0 0.677981 0.189194 0.035388 0.033575
0 0.785501 0.087117 0.027219 0.041736
0 0.650293 0.318048 0.023592 0.046276
0 0.907555 0.241373 0.026318 0.041736
0 0.964721 0.199636 0.028132 0.038114
0 0.955651 0.053989 0.031760 0.040831
0 0.809572 0.780780 0.025577 0.038773
0 0.694488 0.832760 0.021447 0.043724
0 0.510945 0.592291 0.025577 0.047851
0 0.352202 0.907777 0.027448 0.041724
0 0.465290 0.888561 0.034041 0.036233
0 0.317066 0.469670 0.038434 0.028553
