0 0.007157 0.177119 0.014315 0.035433
0 0.025592 0.180988 0.022542 0.038008
0 0.035585 0.199345 0.039939 0.025766
0 0.070688 0.190654 0.023831 0.044453
0 0.076483 0.034105 0.028988 0.039302
0 0.136078 0.090483 0.024482 0.037362
0 0.166355 0.102713 0.028349 0.028342
0 0.087720 0.384200 0.042757 0.029282
0 0.247010 0.300740 0.024014 0.038067
0 0.230377 0.249443 0.023204 0.041195
0 0.388971 0.171638 0.045198 0.023202
0 0.362972 0.106641 0.021995 0.039596
0 0.455377 0.171838 0.021995 0.043594
0 0.489578 0.201838 0.024002 0.042795
0 0.496172 0.260838 0.030802 0.025602
0 0.528776 0.142238 0.041605 0.025202
0 0.612579 0.213633 0.028395 0.038396
0 0.697181 0.160643 0.021595 0.037197
0 0.707379 0.207036 0.030802 0.036397
0 0.631379 0.112039 0.024402 0.039996
0 0.588177 0.086037 0.054005 0.032799
0 0.510580 0.034434 0.022805 0.033598
0 0.503781 0.059236 0.023603 0.031999
0 0.418974 0.082439 0.029204 0.035198
0 0.439177 0.101243 0.024801 0.039196
0 0.774173 0.149835 0.023603 0.034798
0 0.830175 0.159043 0.025999 0.041995
0 0.890980 0.171838 0.028395 0.036397
0 0.725940 0.303927 0.037201 0.037197
0 0.852740 0.323719 0.029204 0.033598
0 0.933144 0.261120 0.029204 0.036397
0 0.558494 0.421774 0.030881 0.042054
0 0.556360 0.459570 0.030881 0.034610
0 0.500997 0.491781 0.031942 0.035139
0 0.651925 0.480868 0.032479 0.045252
0 0.594965 0.621153 0.033540 0.030882
0 0.551307 0.608910 0.032479 0.044723
0 0.549972 0.661619 0.025554 0.035139
0 0.713426 0.600925 0.038331 0.024496
