0 0.972846 0.614385 0.046308 0.076694
0 0.893911 0.616122 0.062753 0.066239
0 0.885198 0.555116 0.045315 0.076694
0 0.750990 0.861892 0.048809 0.055772
0 0.719619 0.901976 0.034865 0.059257
0 0.744024 0.919413 0.034865 0.073209
0 0.569720 0.809593 0.048809 0.069724
0 0.552293 0.715474 0.034865 0.076694
0 0.716136 0.626589 0.055775 0.073209
0 0.576686 0.522003 0.041831 0.052287
0 0.562742 0.443572 0.048809 0.097604
0 0.437248 0.379082 0.041831 0.073209
0 0.433765 0.546410 0.041831 0.080179
0 0.322214 0.548146 0.048809 0.090634
0 0.268175 0.494111 0.038348 0.073209
0 0.160119 0.412195 0.045315 0.069724
0 0.278636 0.257071 0.073202 0.101089
