0 0.413357 0.982303 0.021197 0.019602
0 0.290157 0.991653 0.021197 0.008695
0 0.007978 0.977104 0.015955 0.019602
0 0.063757 0.972705 0.021197 0.019602
0 0.096371 0.427372 0.021082 0.031626
0 0.112186 0.494135 0.021082 0.031626
0 0.273235 0.633223 0.031622 0.022840
0 0.763923 0.011699 0.023763 0.017160
0 0.809683 0.042936 0.023763 0.017160
0 0.562400 0.011259 0.023763 0.017160
0 0.705402 0.106296 0.023763 0.017160
0 0.951821 0.191799 0.021600 0.015598
0 0.994709 0.198200 0.002582 0.015598
0 0.991336 0.609508 0.009328 0.022800
0 0.784710 0.326168 0.016397 0.021198
