0 0.008659 0.151999 0.017318 0.019602
0 0.185523 0.235997 0.021197 0.019602
0 0.141920 0.150398 0.021197 0.019602
0 0.523872 0.068962 0.031040 0.028697
0 0.553152 0.091219 0.031040 0.028697
0 0.762227 0.090046 0.031040 0.028697
0 0.662976 0.302561 0.023322 0.021559
0 0.669133 0.379118 0.023322 0.021559
0 0.639654 0.414759 0.023322 0.021559
0 0.453536 0.383957 0.023322 0.021559
0 0.688058 0.489119 0.023322 0.021559
0 0.813018 0.389236 0.023322 0.021559
0 0.970976 0.451281 0.023322 0.021559
0 0.869338 0.563479 0.023322 0.021559
0 0.877990 0.310375 0.021197 0.019602
