0 0.347661 0.809868 0.011597 0.019602
0 0.289702 0.830683 0.011597 0.019602
0 0.015046 0.728541 0.016986 0.028697
0 0.245760 0.676655 0.015437 0.026089
0 0.222336 0.722443 0.015437 0.026089
0 0.325088 0.732562 0.015437 0.026089
0 0.330944 0.752256 0.015437 0.026089
0 0.131296 0.745867 0.015437 0.026089
0 0.144077 0.728833 0.015437 0.026089
0 0.075910 0.796317 0.012762 0.021559
0 0.191187 0.757599 0.012762 0.021559
0 0.242227 0.739998 0.023322 0.021559
0 0.262470 0.808198 0.023322 0.021559
0 0.397984 0.736881 0.025651 0.023715
0 0.509786 0.804640 0.025651 0.023715
0 0.533984 0.833680 0.025651 0.023715
0 0.405120 0.161197 0.021197 0.019602
0 0.432320 0.245996 0.021197 0.019602
0 0.505120 0.237999 0.021197 0.019602
0 0.770323 0.229997 0.021197 0.019602
0 0.761120 0.241597 0.021197 0.019602
0 0.717120 0.227200 0.021197 0.019602
0 0.627923 0.245996 0.021197 0.019602
0 0.640723 0.235997 0.021197 0.019602
0 0.806720 0.151999 0.021197 0.019602
0 0.985462 0.235997 0.021075 0.019602
0 0.941920 0.150398 0.021197 0.019602
0 0.620614 0.081329 0.021197 0.019602
0 0.380282 0.007876 0.021197 0.015752
0 0.165517 0.692997 0.021197 0.019602
0 0.040717 0.608999 0.021197 0.019602
0 0.002288 0.736892 0.004576 0.021198
0 0.181178 0.696492 0.016397 0.021198
