0 0.013018 0.389236 0.023322 0.021559
0 0.170976 0.451281 0.023322 0.021559
0 0.069338 0.563479 0.023322 0.021559
0 0.222458 0.553801 0.023322 0.021559
0 0.298573 0.536641 0.023322 0.021559
0 0.599098 0.520356 0.023322 0.021559
0 0.643974 0.521677 0.023322 0.021559
0 0.857075 0.607060 0.021197 0.019602
0 0.077990 0.310375 0.021197 0.019602
0 0.393594 0.246374 0.021197 0.019602
0 0.271994 0.287975 0.021197 0.019602
0 0.480922 0.229219 0.021197 0.019602
0 0.513722 0.208822 0.021197 0.019602
0 0.982246 0.854770 0.021830 0.028217
