0 0.405120 0.961197 0.021197 0.019602
0 0.806720 0.951999 0.021197 0.019602
0 0.941920 0.950398 0.021197 0.019602
0 0.620614 0.881329 0.021197 0.019602
0 0.380282 0.805951 0.021197 0.019602
0 0.304685 0.643148 0.021197 0.019602
0 0.700774 0.639401 0.021197 0.019602
0 0.218342 0.396587 0.021197 0.019602
0 0.158746 0.518589 0.021197 0.019602
0 0.306342 0.325390 0.021197 0.019602
0 0.413542 0.321386 0.021197 0.019602
0 0.467142 0.321386 0.021197 0.019602
0 0.442342 0.424587 0.021197 0.019602
0 0.692640 0.322302 0.021197 0.019602
