0 0.155927 0.663469 0.021603 0.034396
0 0.187328 0.590273 0.021204 0.032004
0 0.164926 0.562469 0.020406 0.033200
0 0.268528 0.604869 0.023599 0.034803
0 0.173127 0.524065 0.027204 0.023605
0 0.087935 0.587270 0.025595 0.039601
0 0.037326 0.554465 0.021204 0.033200
0 0.015769 0.595274 0.031538 0.028403
0 0.266327 0.502864 0.023998 0.033200
0 0.248135 0.493867 0.022003 0.036801
0 0.183336 0.449864 0.026805 0.040797
0 0.150931 0.475072 0.023599 0.032004
0 0.133331 0.433066 0.022003 0.043202
0 0.044535 0.449074 0.025196 0.033595
0 0.264101 0.408935 0.023200 0.023605
0 0.270101 0.373139 0.023998 0.035198
0 0.313102 0.354535 0.028401 0.025196
0 0.328900 0.371536 0.027204 0.023198
0 0.397835 0.331648 0.044804 0.021200
0 0.333242 0.255246 0.038804 0.026799
0 0.277431 0.218839 0.032804 0.042006
0 0.583532 0.116499 0.024797 0.027194
0 0.555337 0.021696 0.021204 0.036801
0 0.594528 0.006051 0.029998 0.012101
