0 0.372404 0.973169 0.032103 0.033822
0 0.351199 0.939634 0.030954 0.041276
0 0.375270 0.919295 0.027518 0.038404
0 0.429436 0.935626 0.021204 0.038979
0 0.423993 0.984441 0.028655 0.023118
0 0.308779 0.967726 0.029805 0.030951
0 0.598139 0.825354 0.032792 0.029635
0 0.632504 0.789103 0.027119 0.032793
0 0.635346 0.730145 0.026478 0.035940
0 0.742856 0.719425 0.035937 0.028379
0 0.955927 0.663469 0.021603 0.034396
0 0.986363 0.590273 0.019274 0.032004
0 0.964926 0.562469 0.020406 0.033200
0 0.973127 0.524065 0.027204 0.023605
0 0.887935 0.587270 0.025595 0.039601
0 0.837326 0.554465 0.021204 0.033200
0 0.815335 0.595274 0.032405 0.028403
0 0.982967 0.449864 0.026066 0.040797
0 0.950931 0.475072 0.023599 0.032004
0 0.933331 0.433066 0.022003 0.043202
0 0.844535 0.449074 0.025196 0.033595
0 0.768536 0.411268 0.022801 0.039601
0 0.755133 0.491271 0.038405 0.027601
0 0.718325 0.388668 0.025595 0.037603
0 0.703725 0.337869 0.038006 0.022397
0 0.658934 0.361067 0.029200 0.032805
0 0.580128 0.349474 0.025196 0.029599
0 0.598333 0.273873 0.035998 0.023198
0 0.624533 0.199469 0.025994 0.032805
0 0.557932 0.220873 0.025595 0.038799
0 0.463136 0.152870 0.023200 0.039601
0 0.451330 0.179669 0.022801 0.034803
0 0.417933 0.081672 0.033603 0.031597
0 0.559928 0.115470 0.037594 0.025603
0 0.256536 0.050063 0.027603 0.037196
0 0.345926 0.078071 0.033603 0.025998
0 0.355735 0.099869 0.034800 0.029599
0 0.197133 0.078370 0.032792 0.033966
0 0.176049 0.136934 0.024591 0.033966
0 0.143838 0.126680 0.024591 0.041575
0 0.008696 0.126884 0.017392 0.035605
