0 0.494456 0.005774 0.028362 0.011547
0 0.424069 0.042141 0.026865 0.038308
0 0.448941 0.110049 0.034825 0.024877
0 0.322924 0.483338 0.038304 0.026271
0 0.337151 0.464454 0.022982 0.027905
0 0.308143 0.450508 0.037210 0.028457
0 0.269298 0.412201 0.026266 0.036121
0 0.334685 0.520000 0.038857 0.022980
0 0.328937 0.535051 0.026266 0.028998
0 0.202125 0.259799 0.027199 0.030794
0 0.233724 0.256596 0.028800 0.038798
0 0.264529 0.236606 0.027199 0.029199
0 0.304929 0.243604 0.028800 0.040004
0 0.281129 0.238805 0.024399 0.024801
0 0.260934 0.261797 0.023201 0.021195
