0 0.622139 0.021513 0.040038 0.043026
0 0.631816 0.138953 0.058520 0.026396
0 0.614906 0.311956 0.029200 0.050793
0 0.566909 0.314752 0.028401 0.044405
0 0.469899 0.393355 0.023200 0.062398
0 0.400299 0.522359 0.060794 0.028395
0 0.023672 0.608267 0.047343 0.035641
0 0.076162 0.727065 0.027724 0.053243
0 0.070441 0.800331 0.025075 0.055438
0 0.179123 0.872259 0.033881 0.056761
0 0.218943 0.852687 0.023757 0.053679
0 0.249522 0.903947 0.033881 0.047080
0 0.469548 0.732522 0.036070 0.054115
0 0.477278 0.854927 0.030917 0.059271
