0 0.040517 0.079790 0.040401 0.041203
0 0.156312 0.124781 0.034401 0.048794
0 0.580506 0.048057 0.039602 0.038001
0 0.469102 0.049455 0.040001 0.038407
0 0.640503 0.123458 0.040401 0.040797
0 0.619697 0.177258 0.037195 0.049996
0 0.675097 0.206450 0.044005 0.037204
0 0.473505 0.114048 0.050404 0.025194
0 0.655707 0.267254 0.050005 0.036408
0 0.552299 0.325248 0.029599 0.043593
0 0.667307 0.419453 0.027603 0.054401
0 0.579502 0.297859 0.028801 0.029598
0 0.562508 0.299453 0.025994 0.039203
0 0.581099 0.325458 0.025595 0.044795
0 0.366988 0.413771 0.032115 0.063796
0 0.608763 0.570194 0.029926 0.060714
0 0.434084 0.559191 0.044876 0.038722
0 0.512188 0.660176 0.060274 0.024202
0 0.449047 0.680183 0.032562 0.042240
0 0.366758 0.704836 0.036965 0.048403
0 0.052383 0.513163 0.028002 0.053604
0 0.018393 0.614764 0.036785 0.043202
0 0.988518 0.448014 0.014965 0.025599
0 0.045210 0.990922 0.035199 0.010156
0 0.394361 0.855561 0.043594 0.049996
0 0.653760 0.888752 0.035199 0.053995
0 0.456559 0.982481 0.030397 0.027037
0 0.615367 0.987878 0.033603 0.016244
