0 0.219926 0.599341 0.037195 0.062398
0 0.350527 0.490344 0.032006 0.059602
0 0.326516 0.481144 0.035199 0.055603
0 0.012354 0.734854 0.024709 0.049606
0 0.611268 0.764813 0.032006 0.065194
0 0.750469 0.717222 0.043195 0.036408
0 0.771238 0.369532 0.040461 0.059091
0 0.555094 0.363233 0.061605 0.028395
0 0.544692 0.346037 0.058399 0.024397
0 0.412918 0.963762 0.053198 0.043999
0 0.040518 0.913961 0.046799 0.034002
0 0.202327 0.926152 0.029599 0.038407
0 0.043385 0.562212 0.059996 0.022398
0 0.073589 0.571006 0.046001 0.024006
