0 0.815520 0.008779 0.062355 0.017557
0 0.810064 0.083432 0.063915 0.027289
0 0.794473 0.217488 0.038973 0.041320
0 0.896974 0.310643 0.053779 0.026498
0 0.561794 0.266211 0.033518 0.031175
0 0.384854 0.364817 0.025728 0.045997
0 0.383692 0.545661 0.035853 0.050674
0 0.638579 0.671540 0.024942 0.063915
0 0.838127 0.638026 0.037413 0.042094
0 0.632737 0.753389 0.030397 0.054561
0 0.886063 0.910460 0.030397 0.050674
0 0.567261 0.974762 0.056900 0.024950
0 0.271442 0.911637 0.026502 0.054561
0 0.278457 0.982660 0.026502 0.026681
