0 0.464341 0.964008 0.067293 0.056079
0 0.552942 0.845121 0.056073 0.056079
0 0.697629 0.800262 0.040381 0.087483
0 0.955443 0.578226 0.048196 0.037071
0 0.919296 0.496653 0.053761 0.025955
0 0.922073 0.623638 0.051902 0.035228
0 0.909094 0.667206 0.044489 0.037071
0 0.770991 0.731165 0.061174 0.027809
0 0.748740 0.716328 0.046349 0.020390
0 0.753376 0.694083 0.048196 0.042636
0 0.703321 0.684820 0.040783 0.031519
0 0.718146 0.666273 0.037076 0.027809
0 0.725572 0.639397 0.055621 0.029664
0 0.638440 0.680178 0.048196 0.055619
0 0.587456 0.651447 0.079719 0.038926
0 0.697755 0.516122 0.037076 0.064881
0 0.511456 0.446598 0.068587 0.066735
0 0.451199 0.389137 0.044489 0.055619
0 0.874794 0.352054 0.064880 0.048200
0 0.919296 0.298290 0.046349 0.033373
0 0.930415 0.230633 0.042642 0.057473
0 0.988697 0.255654 0.014606 0.048200
0 0.899319 0.118013 0.056726 0.047773
0 0.876930 0.070240 0.071652 0.053741
0 0.965004 0.035117 0.050759 0.070234
0 0.524435 0.024552 0.058988 0.043822
