0 0.876038 0.044793 0.071652 0.089586
0 0.061087 0.168682 0.059717 0.071654
0 0.018601 0.331402 0.037202 0.056724
0 0.132739 0.431419 0.041800 0.083601
0 0.179012 0.507555 0.050759 0.050757
0 0.261118 0.489641 0.065685 0.050757
0 0.523856 0.473213 0.077620 0.053741
0 0.453686 0.667279 0.056726 0.065687
0 0.517876 0.691160 0.053736 0.059708
0 0.808846 0.514685 0.073286 0.062427
0 0.833270 0.309756 0.062431 0.054282
0 0.808846 0.826808 0.078713 0.067853
0 0.829199 0.760315 0.065144 0.048856
0 0.789849 0.718244 0.029852 0.040712
0 0.746415 0.730455 0.062431 0.059708
