0 0.155443 0.578226 0.048196 0.037071
0 0.119296 0.496653 0.053761 0.025955
0 0.122073 0.623638 0.051902 0.035228
0 0.109094 0.667206 0.044489 0.037071
0 0.074794 0.352054 0.064880 0.048200
0 0.119296 0.298290 0.046349 0.033373
0 0.130415 0.230633 0.042642 0.057473
0 0.209204 0.255654 0.055621 0.048200
0 0.234231 0.220438 0.064880 0.022245
0 0.224029 0.193550 0.063034 0.035228
0 0.249057 0.171305 0.050055 0.038926
0 0.099319 0.118013 0.056726 0.047773
0 0.076930 0.070240 0.071652 0.053741
0 0.165004 0.035117 0.050759 0.070234
0 0.223225 0.009744 0.047768 0.019489
0 0.241142 0.035910 0.059717 0.020897
