0 0.459793 0.960319 0.105789 0.062508
0 0.536722 0.885796 0.086553 0.105788
0 0.543934 0.772796 0.081741 0.081746
0 0.575193 0.731923 0.076929 0.048084
0 0.577593 0.618935 0.052894 0.052888
0 0.647311 0.679035 0.057694 0.057704
0 0.721840 0.683850 0.062506 0.076931
0 0.755499 0.585274 0.062506 0.072127
0 0.880523 0.604512 0.052894 0.110592
0 0.940906 0.359505 0.048082 0.083048
0 0.912499 0.040401 0.096165 0.074316
0 0.798845 0.119082 0.061199 0.048084
0 0.916632 0.198420 0.050759 0.032844
0 0.918115 0.170047 0.059717 0.029860
0 0.694199 0.168561 0.065685 0.038811
0 0.635978 0.129750 0.104495 0.020897
0 0.610599 0.113322 0.071652 0.035827
0 0.558357 0.090939 0.050759 0.038811
0 0.561335 0.019345 0.080611 0.038690
0 0.513567 0.032717 0.044778 0.053741
0 0.464303 0.016358 0.041800 0.032717
0 0.398631 0.453681 0.065685 0.041795
0 0.379220 0.486524 0.050759 0.065687
0 0.316526 0.422335 0.056726 0.050757
0 0.104546 0.413384 0.074643 0.068671
0 0.064240 0.332767 0.053736 0.074638
0 0.015699 0.310372 0.031398 0.071654
