0 0.009593 0.427643 0.019187 0.045680
0 0.075403 0.392498 0.045679 0.030458
0 0.006080 0.361164 0.012160 0.050948
0 0.018593 0.561748 0.022251 0.045680
0 0.052570 0.559404 0.011714 0.029865
0 0.067788 0.557652 0.011714 0.029865
0 0.119323 0.614459 0.011714 0.029865
0 0.251096 0.769066 0.011714 0.029865
0 0.348904 0.785461 0.011714 0.029865
0 0.326641 0.764379 0.011714 0.029865
0 0.310247 0.839924 0.011714 0.029865
0 0.332498 0.721634 0.011714 0.029865
0 0.282424 0.674782 0.035723 0.036305
0 0.291215 0.716071 0.041580 0.024006
0 0.317862 0.716355 0.011714 0.029865
