0 0.510556 0.198070 0.022251 0.044508
0 0.581706 0.262785 0.028702 0.043928
0 0.558872 0.372587 0.024009 0.055056
0 0.678635 0.285915 0.026944 0.038649
0 0.692392 0.330127 0.032207 0.038069
0 0.714061 0.453400 0.020493 0.042164
0 0.806012 0.427643 0.026350 0.045680
0 0.875403 0.392498 0.045679 0.030458
0 0.785222 0.382839 0.040998 0.026350
0 0.801913 0.361164 0.020493 0.050948
0 0.753597 0.547981 0.022251 0.045100
0 0.818593 0.561748 0.022251 0.045680
0 0.852570 0.559404 0.011714 0.029865
0 0.867788 0.557652 0.011714 0.029865
0 0.919323 0.614459 0.011714 0.029865
