0 0.043796 0.218030 0.023831 0.050886
0 0.095331 0.126546 0.025126 0.036724
0 0.137208 0.080816 0.045738 0.023833
0 0.147829 0.096273 0.038658 0.012879
0 0.034458 0.132344 0.012890 0.038649
0 0.066023 0.111089 0.012890 0.038649
0 0.052171 0.141361 0.036721 0.038007
0 0.411957 0.079200 0.028346 0.042522
0 0.362679 0.171005 0.012236 0.038649
0 0.261853 0.294365 0.032207 0.013533
0 0.199697 0.345905 0.036721 0.013533
0 0.287300 0.409682 0.036721 0.013533
0 0.123677 0.405808 0.036721 0.013533
0 0.078581 0.421278 0.036721 0.013533
0 0.035421 0.412901 0.036721 0.013533
0 0.058290 0.501795 0.020612 0.046383
0 0.299228 0.345905 0.033502 0.041227
0 0.331114 0.334950 0.039299 0.028348
0 0.529842 0.333988 0.034785 0.032851
0 0.314042 0.476679 0.030924 0.036070
0 0.733739 0.291466 0.032860 0.035429
