0 0.855399 0.003505 0.020002 0.007009
0 0.883799 0.105810 0.020002 0.014397
0 0.700600 0.130212 0.020002 0.014397
0 0.619002 0.257807 0.020002 0.014397
0 0.589799 0.221409 0.020002 0.014397
0 0.560202 0.329411 0.020002 0.014397
0 0.569801 0.397010 0.020002 0.014397
0 0.522600 0.426209 0.020002 0.014397
0 0.500200 0.424207 0.020002 0.014397
0 0.501401 0.386611 0.020002 0.014397
0 0.508200 0.464210 0.020002 0.014397
0 0.558602 0.530212 0.020002 0.014397
0 0.408200 0.509010 0.020002 0.014397
0 0.391397 0.504612 0.020002 0.014397
0 0.345801 0.602609 0.020002 0.014397
0 0.324597 0.598610 0.020002 0.014397
0 0.242600 0.613811 0.020002 0.014397
0 0.212998 0.620611 0.020002 0.014397
0 0.293799 0.629811 0.020002 0.014397
0 0.270597 0.625807 0.020002 0.014397
0 0.260599 0.720609 0.020002 0.014397
0 0.209399 0.676209 0.020002 0.014397
0 0.185001 0.655811 0.020002 0.014397
0 0.135801 0.645811 0.020002 0.014397
0 0.170601 0.700611 0.020002 0.014397
0 0.143801 0.620611 0.020002 0.014397
0 0.086600 0.618609 0.020002 0.014397
0 0.021799 0.600207 0.020002 0.014397
0 0.110201 0.532608 0.020002 0.014397
0 0.132197 0.517007 0.020002 0.014397
0 0.016202 0.553810 0.020002 0.014397
0 0.004700 0.567808 0.009401 0.014397
0 0.021400 0.513807 0.020002 0.014397
0 0.023000 0.477409 0.020002 0.014397
0 0.077399 0.460211 0.020002 0.014397
0 0.053799 0.445010 0.020002 0.014397
0 0.071398 0.394209 0.021602 0.014397
0 0.117399 0.361411 0.021602 0.014397
0 0.057801 0.362209 0.021602 0.014397
0 0.320637 0.381809 0.021602 0.014397
0 0.276242 0.385413 0.021602 0.014397
0 0.207039 0.478213 0.021602 0.014397
0 0.473442 0.446612 0.021602 0.014397
0 0.448241 0.501012 0.021602 0.014397
0 0.113884 0.227313 0.021602 0.014397
0 0.073885 0.183311 0.021602 0.014397
0 0.279883 0.070513 0.021602 0.014397
0 0.173881 0.092513 0.021602 0.014397
0 0.492684 0.003656 0.021602 0.007311
0 0.401485 0.012913 0.021602 0.014397
0 0.366685 0.026911 0.021602 0.014397
0 0.779201 0.080128 0.021602 0.014397
0 0.978127 0.136044 0.021602 0.014397
0 0.694196 0.262205 0.021602 0.014397
0 0.633392 0.282209 0.021602 0.014397
0 0.543794 0.378209 0.021602 0.014397
0 0.744194 0.398607 0.021602 0.014397
0 0.662595 0.385807 0.021602 0.014397
0 0.673828 0.499292 0.021602 0.014397
0 0.670229 0.622495 0.021602 0.014397
0 0.594627 0.700093 0.021602 0.014397
0 0.443826 0.691292 0.021602 0.014397
0 0.587828 0.622894 0.021602 0.014397
0 0.457142 0.952028 0.031624 0.021084
0 0.479476 0.902118 0.023760 0.015841
0 0.618955 0.891556 0.023760 0.015841
0 0.276195 0.986598 0.023760 0.015841
0 0.232198 0.985277 0.023760 0.015841
