0 0.985001 0.655811 0.020002 0.014397
0 0.935801 0.645811 0.020002 0.014397
0 0.970601 0.700611 0.020002 0.014397
0 0.943801 0.620611 0.020002 0.014397
0 0.886600 0.618609 0.020002 0.014397
0 0.821799 0.600207 0.020002 0.014397
0 0.910201 0.532608 0.020002 0.014397
0 0.932197 0.517007 0.020002 0.014397
0 0.816202 0.553810 0.020002 0.014397
0 0.799400 0.567808 0.020002 0.014397
0 0.763398 0.565811 0.020002 0.014397
0 0.754202 0.553011 0.020002 0.014397
0 0.739797 0.585011 0.020002 0.014397
0 0.821400 0.513807 0.020002 0.014397
0 0.794201 0.513408 0.020002 0.014397
0 0.823000 0.477409 0.020002 0.014397
0 0.877399 0.460211 0.020002 0.014397
0 0.791400 0.488207 0.020002 0.014397
0 0.853799 0.445010 0.020002 0.014397
0 0.763201 0.486211 0.029198 0.014397
0 0.871398 0.394209 0.021602 0.014397
0 0.917399 0.361411 0.021602 0.014397
0 0.857801 0.362209 0.021602 0.014397
0 0.913884 0.227313 0.021602 0.014397
0 0.873885 0.183311 0.021602 0.014397
0 0.973881 0.092513 0.021602 0.014397
