0 0.935664 0.554558 0.030881 0.038336
0 0.780351 0.737223 0.025764 0.036078
0 0.673725 0.594539 0.028994 0.039304
0 0.877615 0.408680 0.046388 0.020612
0 0.889215 0.376150 0.029635 0.043159
0 0.882127 0.288865 0.033494 0.036078
0 0.944615 0.227982 0.037365 0.036723
0 0.895662 0.171937 0.027059 0.040578
0 0.896304 0.121682 0.025764 0.040578
0 0.871821 0.014304 0.028341 0.028607
0 0.807398 0.007861 0.038647 0.015721
0 0.684357 0.047929 0.030917 0.045094
0 0.721722 0.116215 0.032212 0.042513
0 0.686293 0.155503 0.028341 0.032208
0 0.690478 0.183210 0.034147 0.027063
0 0.633784 0.118150 0.050888 0.029627
0 0.474347 0.017525 0.045094 0.035051
0 0.276250 0.035043 0.031571 0.046384
0 0.191869 0.102038 0.030276 0.039933
0 0.328312 0.324089 0.035332 0.042110
0 0.407202 0.271318 0.029526 0.049852
0 0.567159 0.273495 0.035816 0.029047
0 0.567643 0.368602 0.027107 0.042110
