0 0.014196 0.664879 0.028392 0.036014
0 0.074266 0.790919 0.038586 0.036014
0 0.118429 0.812353 0.030869 0.044594
0 0.123570 0.709037 0.029151 0.043723
0 0.174155 0.721472 0.036010 0.042868
0 0.137286 0.636155 0.029151 0.042013
0 0.335237 0.721295 0.028075 0.034853
0 0.321448 0.755421 0.024688 0.038239
0 0.350478 0.787597 0.021785 0.043562
0 0.385327 0.760986 0.031462 0.028079
0 0.492776 0.772356 0.033397 0.030498
0 0.322416 0.842529 0.027591 0.027595
0 0.333786 0.874962 0.032913 0.028563
0 0.261911 0.937394 0.031462 0.039207
0 0.605547 0.869398 0.035332 0.035820
0 0.652987 0.870850 0.042106 0.026143
0 0.466648 0.992715 0.045977 0.006569
0 0.559751 0.583223 0.039941 0.024482
0 0.746247 0.629284 0.027700 0.034143
0 0.799071 0.651509 0.026418 0.045094
0 0.759771 0.665040 0.048311 0.024482
0 0.950138 0.649251 0.032212 0.040578
0 0.891835 0.755550 0.034147 0.038014
0 0.903749 0.987708 0.023188 0.016585
0 0.936929 0.991566 0.047029 0.008868
