0 0.370217 0.048429 0.025196 0.041207
0 0.364811 0.087426 0.028002 0.033595
0 0.508221 0.115441 0.031595 0.031998
0 0.423017 0.178437 0.028401 0.037998
0 0.429621 0.215434 0.031196 0.028805
0 0.424020 0.244642 0.025595 0.036804
0 0.297617 0.225030 0.028801 0.035207
0 0.273812 0.190839 0.029200 0.036401
0 0.435149 0.335217 0.023962 0.041530
0 0.468147 0.377279 0.033542 0.023418
0 0.456970 0.347732 0.020769 0.037804
0 0.472150 0.348797 0.022366 0.042062
0 0.249596 0.435033 0.028752 0.034611
0 0.218993 0.501593 0.036736 0.032482
0 0.135664 0.554558 0.030881 0.038336
0 0.292730 0.550042 0.033010 0.036740
0 0.409856 0.494932 0.031946 0.037272
0 0.421033 0.552961 0.026623 0.037272
0 0.536828 0.555090 0.021833 0.037272
0 0.549081 0.521818 0.027156 0.036740
0 0.246584 0.670792 0.020503 0.036901
0 0.256249 0.652938 0.025764 0.031627
0 0.256539 0.705354 0.028692 0.038062
0 0.545259 0.724095 0.027530 0.040417
0 0.527103 0.810477 0.032212 0.033966
0 0.520123 0.978330 0.029768 0.035339
0 0.077615 0.408680 0.046388 0.020612
0 0.089215 0.376150 0.029635 0.043159
0 0.082127 0.288865 0.033494 0.036078
0 0.144615 0.227982 0.037365 0.036723
0 0.095662 0.171937 0.027059 0.040578
0 0.096304 0.121682 0.025764 0.040578
0 0.071821 0.014304 0.028341 0.028607
