0 0.980245 0.645006 0.031510 0.036078
0 0.986365 0.902038 0.019269 0.039933
0 0.379352 0.869347 0.036639 0.037417
0 0.497445 0.865057 0.037413 0.041320
0 0.696593 0.891168 0.035078 0.029627
0 0.822876 0.766837 0.030397 0.047545
0 0.765589 0.699422 0.037413 0.046771
0 0.751945 0.646022 0.038199 0.045997
0 0.725442 0.467905 0.031958 0.045207
0 0.826770 0.503370 0.030397 0.045997
0 0.863022 0.469469 0.032744 0.038981
0 0.914079 0.416473 0.035078 0.040530
0 0.118429 0.017325 0.030869 0.034650
0 0.322416 0.042529 0.027591 0.027595
0 0.333786 0.074962 0.032913 0.028563
0 0.261911 0.137394 0.031462 0.039207
0 0.605547 0.069398 0.035332 0.035820
0 0.652987 0.070850 0.042106 0.026143
0 0.466648 0.202986 0.045977 0.027111
0 0.903749 0.198422 0.023188 0.038014
0 0.936929 0.200986 0.047029 0.027708
