0 0.902708 0.635152 0.039409 0.030901
0 0.274635 0.461131 0.027869 0.048190
0 0.430226 0.473904 0.035998 0.030772
0 0.256999 0.572140 0.031595 0.029998
0 0.379798 0.673150 0.028401 0.038401
0 0.410787 0.666940 0.028002 0.032401
0 0.326188 0.713954 0.021204 0.033595
0 0.324398 0.746742 0.034401 0.026402
0 0.423791 0.739742 0.022801 0.035594
0 0.436189 0.761144 0.024398 0.037594
0 0.370217 0.848429 0.025196 0.041207
0 0.364811 0.887426 0.028002 0.033595
0 0.508221 0.915441 0.031595 0.031998
0 0.423017 0.977719 0.028401 0.036562
0 0.273812 0.984319 0.029200 0.023361
0 0.095662 0.971937 0.027059 0.040578
0 0.096304 0.921682 0.025764 0.040578
0 0.071821 0.803803 0.028341 0.049610
0 0.106609 0.679472 0.032212 0.052174
0 0.013361 0.793497 0.026721 0.044449
