0 0.895662 0.971937 0.027059 0.040578
0 0.896304 0.921682 0.025764 0.040578
0 0.871821 0.803803 0.028341 0.049610
0 0.906609 0.679472 0.032212 0.052174
0 0.807398 0.793497 0.038647 0.044449
0 0.749422 0.650474 0.038647 0.036723
0 0.677269 0.692036 0.032212 0.041223
0 0.664714 0.679472 0.035429 0.039304
0 0.636687 0.681085 0.032212 0.045094
0 0.684357 0.847929 0.030917 0.045094
0 0.721722 0.916215 0.032212 0.042513
0 0.686293 0.955503 0.028341 0.032208
0 0.690478 0.982840 0.034147 0.026321
0 0.633784 0.918150 0.050888 0.029627
0 0.573873 0.745177 0.038006 0.049610
0 0.474347 0.816044 0.045094 0.038014
0 0.343250 0.740339 0.034147 0.041223
0 0.288818 0.734872 0.046388 0.030272
0 0.253704 0.746468 0.027700 0.038014
0 0.181236 0.645006 0.033494 0.036078
0 0.276250 0.835043 0.031571 0.046384
0 0.191869 0.902038 0.030276 0.039933
0 0.022876 0.766837 0.030397 0.047545
0 0.026770 0.503370 0.030397 0.045997
0 0.063022 0.469469 0.032744 0.038981
0 0.114079 0.416473 0.035078 0.040530
0 0.242575 0.078914 0.028994 0.036078
0 0.103749 0.198422 0.023188 0.038014
0 0.136929 0.200986 0.047029 0.027708
0 0.267058 0.141087 0.032853 0.039304
0 0.283810 0.226436 0.044453 0.021902
0 0.428116 0.221292 0.036723 0.028353
0 0.406210 0.248661 0.039300 0.025127
0 0.363692 0.321785 0.032853 0.039933
0 0.415234 0.314689 0.034147 0.041223
0 0.292508 0.340461 0.027059 0.037369
0 0.306357 0.356251 0.022547 0.031562
0 0.575639 0.215163 0.039300 0.027708
0 0.634897 0.053786 0.031571 0.043804
0 0.630071 0.181665 0.030917 0.041868
0 0.632974 0.232242 0.036723 0.032208
0 0.684829 0.203567 0.041223 0.027708
0 0.674523 0.240613 0.033494 0.042513
0 0.490277 0.374927 0.041223 0.023837
