0 0.077024 0.992643 0.024405 0.006714
0 0.199424 0.982692 0.037994 0.022001
0 0.080827 0.901087 0.026403 0.035602
0 0.120226 0.849290 0.033198 0.024001
0 0.058627 0.909694 0.023605 0.030402
0 0.085098 0.712017 0.020762 0.033008
0 0.279695 0.833934 0.024496 0.038338
0 0.397355 0.812643 0.025558 0.034079
0 0.263890 0.984297 0.026403 0.023406
0 0.287084 0.960200 0.024804 0.032802
0 0.482526 0.934186 0.021824 0.033008
0 0.497966 0.932056 0.020762 0.030879
0 0.513942 0.921411 0.023959 0.035138
0 0.648367 0.959206 0.042597 0.022363
