0 0.013012 0.018361 0.026023 0.036722
0 0.084431 0.271329 0.030868 0.036867
0 0.195045 0.266181 0.030868 0.038583
0 0.339097 0.266619 0.036007 0.044583
0 0.394392 0.091693 0.036875 0.042867
0 0.297082 0.013696 0.030868 0.027392
0 0.240725 0.331836 0.036635 0.046764
0 0.323737 0.576986 0.029623 0.036634
0 0.487043 0.485781 0.030400 0.033512
0 0.500678 0.502156 0.024941 0.031963
0 0.523290 0.486181 0.038976 0.023382
0 0.659302 0.596858 0.024165 0.042093
0 0.719714 0.534119 0.029623 0.044428
0 0.724396 0.643635 0.034294 0.038970
0 0.501854 0.684554 0.033518 0.033512
0 0.837031 0.747693 0.036635 0.035073
0 0.796890 0.771463 0.026506 0.034299
0 0.832749 0.836163 0.024941 0.035860
0 0.560313 0.946854 0.041318 0.026505
0 0.991125 0.835053 0.009749 0.032479
0 0.912792 0.666282 0.038337 0.025021
0 0.994060 0.630073 0.003879 0.036738
0 0.789627 0.384949 0.035722 0.031628
0 0.929008 0.470735 0.025181 0.038067
0 0.849651 0.315835 0.024599 0.032802
0 0.851409 0.343076 0.026940 0.029873
0 0.877024 0.206487 0.024405 0.034402
0 0.974231 0.234282 0.037195 0.026002
0 0.988213 0.182692 0.015573 0.022001
0 0.880827 0.101087 0.026403 0.035602
0 0.920226 0.049290 0.033198 0.024001
0 0.858627 0.109694 0.023605 0.030402
0 0.771629 0.007047 0.028002 0.014095
