0 0.391224 0.869924 0.033598 0.026402
0 0.557031 0.827121 0.033198 0.032802
0 0.575828 0.949928 0.022794 0.032002
0 0.629228 0.884325 0.027202 0.033602
0 0.641424 0.911126 0.030800 0.030402
0 0.621222 0.983562 0.024005 0.024877
0 0.683427 0.909526 0.022794 0.034402
0 0.811822 0.815920 0.028402 0.041602
0 0.841628 0.775724 0.031199 0.038802
0 0.589201 0.671202 0.023719 0.031460
0 0.156908 0.059385 0.032855 0.035434
0 0.050451 0.670518 0.026837 0.030363
0 0.147247 0.458660 0.029475 0.030802
0 0.201812 0.391998 0.029475 0.038286
0 0.943769 0.508302 0.036898 0.037486
0 0.856509 0.463796 0.041580 0.025769
0 0.880228 0.203484 0.026940 0.039241
0 0.587408 0.149016 0.031622 0.033383
