0 0.007653 0.523125 0.015306 0.024001
0 0.105707 0.460528 0.025604 0.038002
0 0.024100 0.451521 0.025604 0.039202
0 0.036901 0.472528 0.026403 0.028402
0 0.048504 0.440927 0.022395 0.026002
0 0.142240 0.543165 0.040039 0.023318
0 0.040476 0.383491 0.022258 0.036312
0 0.041355 0.232682 0.027522 0.039241
0 0.224361 0.261677 0.029281 0.024595
0 0.024979 0.046813 0.028801 0.036402
0 0.191974 0.069214 0.040404 0.026002
0 0.465700 0.181208 0.033518 0.035860
0 0.615758 0.218629 0.032741 0.042093
0 0.501410 0.304118 0.026620 0.033008
0 0.519773 0.304918 0.021824 0.034609
0 0.505567 0.369400 0.041603 0.025602
0 0.717248 0.346676 0.024199 0.033434
0 0.565236 0.585826 0.023765 0.039164
0 0.676113 0.534339 0.032558 0.024195
0 0.833412 0.367361 0.021561 0.035202
0 0.854756 0.284866 0.032558 0.021563
0 0.870596 0.296079 0.035196 0.020246
0 0.880052 0.361425 0.029475 0.030363
0 0.882256 0.435558 0.030354 0.039602
0 0.972679 0.428306 0.034317 0.038286
0 0.904696 0.275175 0.028596 0.046196
