0 0.011082 0.047096 0.022165 0.032428
0 0.299722 0.180201 0.033004 0.036957
0 0.080390 0.383917 0.034317 0.022879
0 0.170151 0.314183 0.028162 0.034763
0 0.233509 0.354883 0.024644 0.038725
0 0.542511 0.439868 0.026403 0.037835
0 0.580129 0.483871 0.025078 0.036957
0 0.609615 0.487833 0.025958 0.030802
0 0.613350 0.275975 0.028162 0.041796
0 0.818704 0.554249 0.042597 0.024492
0 0.883661 0.510866 0.027682 0.040996
0 0.912942 0.489562 0.024496 0.038867
0 0.889702 0.580522 0.023205 0.030802
0 0.989253 0.511924 0.013493 0.036002
