0 0.307461 0.300240 0.021196 0.029202
0 0.287865 0.293646 0.022794 0.032002
0 0.371870 0.362644 0.020396 0.034802
0 0.350069 0.432041 0.022395 0.035202
0 0.373069 0.432235 0.029201 0.026802
0 0.511868 0.427641 0.030000 0.020801
0 0.484666 0.477038 0.023605 0.030802
0 0.518868 0.508846 0.024804 0.032802
0 0.669007 0.540306 0.030000 0.038402
0 0.755011 0.632105 0.026003 0.033202
0 0.852812 0.701709 0.026403 0.030002
0 0.803603 0.762706 0.023205 0.020801
0 0.828408 0.739505 0.025604 0.028802
0 0.963598 0.872197 0.021995 0.040919
0 0.961839 0.912019 0.026403 0.031679
0 0.985960 0.968551 0.020080 0.034763
