0 0.020001 0.554249 0.040002 0.024492
0 0.083661 0.510866 0.027682 0.040996
0 0.112942 0.489562 0.024496 0.038867
0 0.089702 0.580522 0.023205 0.030802
0 0.193704 0.511924 0.022395 0.036002
0 0.261505 0.528119 0.022794 0.038002
0 0.316709 0.518725 0.044401 0.022401
0 0.412900 0.521125 0.027202 0.032802
0 0.478302 0.572122 0.024405 0.035602
0 0.534705 0.573722 0.030000 0.034802
0 0.618905 0.537719 0.025604 0.030802
0 0.700307 0.445520 0.026003 0.034402
0 0.719298 0.482323 0.031199 0.032802
0 0.772299 0.355721 0.025204 0.038002
0 0.801705 0.523125 0.027202 0.024001
0 0.792501 0.454927 0.027202 0.023601
0 0.905707 0.460528 0.025604 0.038002
0 0.824100 0.451521 0.025604 0.039202
0 0.836901 0.472528 0.026403 0.028402
0 0.848504 0.440927 0.022395 0.026002
0 0.942240 0.543165 0.040039 0.023318
0 0.676702 0.589581 0.023765 0.033434
0 0.695179 0.590471 0.029041 0.036957
0 0.840476 0.383491 0.022258 0.036312
0 0.841355 0.232682 0.027522 0.039241
0 0.786779 0.175620 0.024405 0.033202
0 0.577176 0.147619 0.042802 0.026802
0 0.480769 0.129411 0.023605 0.040802
0 0.473369 0.019611 0.025604 0.034002
0 0.824979 0.046813 0.028801 0.036402
0 0.983886 0.069214 0.024228 0.026002
