0 0.037031 0.747693 0.036635 0.035073
0 0.005072 0.771463 0.010143 0.034299
0 0.032749 0.836163 0.024941 0.035860
0 0.335059 0.937808 0.022897 0.034609
0 0.201160 0.835053 0.029818 0.032479
0 0.112792 0.666282 0.038337 0.025021
0 0.207292 0.630073 0.030343 0.036738
0 0.289014 0.627944 0.028744 0.036738
0 0.269040 0.743216 0.035676 0.038338
0 0.129008 0.470735 0.025181 0.038067
0 0.049651 0.315835 0.024599 0.032802
0 0.051409 0.343076 0.026940 0.029873
0 0.077024 0.206487 0.024405 0.034402
0 0.174231 0.234282 0.037195 0.026002
0 0.199424 0.182692 0.037994 0.022001
0 0.080827 0.101087 0.026403 0.035602
0 0.120226 0.049290 0.033198 0.024001
0 0.058627 0.109694 0.023605 0.030402
0 0.279695 0.033934 0.024496 0.038338
0 0.397355 0.014841 0.025558 0.029683
0 0.263890 0.185195 0.026403 0.025202
0 0.287084 0.160200 0.024804 0.032802
0 0.286890 0.268400 0.028402 0.032402
0 0.280643 0.304828 0.022749 0.032918
0 0.270719 0.354921 0.022269 0.032428
0 0.496024 0.376213 0.024679 0.037267
0 0.435521 0.436952 0.022749 0.030970
0 0.451498 0.440823 0.021778 0.033886
0 0.284274 0.497936 0.023228 0.035822
0 0.476907 0.528674 0.026140 0.033396
0 0.425917 0.703665 0.038976 0.031176
0 0.480481 0.642719 0.023388 0.026931
0 0.484376 0.623944 0.021264 0.029060
0 0.772594 0.466128 0.025764 0.035434
0 0.482526 0.134186 0.021824 0.033008
0 0.497966 0.132056 0.020762 0.030879
0 0.513942 0.121411 0.023959 0.035138
0 0.648367 0.159206 0.042597 0.022363
