0 0.013012 0.815920 0.026023 0.041602
0 0.041628 0.775724 0.031199 0.038802
0 0.394392 0.891693 0.036875 0.042867
0 0.297082 0.808526 0.030868 0.037731
0 0.143769 0.508302 0.036898 0.037486
0 0.056509 0.463796 0.041580 0.025769
0 0.080228 0.203484 0.026940 0.039241
0 0.877024 0.992643 0.024405 0.006714
0 0.988213 0.982692 0.015573 0.022001
0 0.880827 0.901087 0.026403 0.035602
0 0.920226 0.849290 0.033198 0.024001
0 0.858627 0.909694 0.023605 0.030402
0 0.771629 0.794693 0.028002 0.038802
0 0.885098 0.712017 0.020762 0.033008
