0 0.939972 0.742975 0.053888 0.053890
0 0.888153 0.578188 0.029018 0.051816
0 0.964842 0.893246 0.049739 0.068393
0 0.900588 0.877700 0.049739 0.033166
0 0.905777 0.906718 0.051819 0.024871
0 0.896451 0.932620 0.053888 0.031092
0 0.861215 0.947136 0.045602 0.060111
0 0.810436 0.942989 0.068403 0.055964
0 0.789704 0.825884 0.026950 0.062185
0 0.708866 0.679760 0.068403 0.043522
0 0.617674 0.736754 0.064254 0.053890
0 0.713015 0.896350 0.047670 0.053890
0 0.709906 0.982448 0.041453 0.027103
0 0.644612 0.963712 0.031087 0.047669
0 0.448754 0.934694 0.037304 0.060111
0 0.406260 0.984522 0.039385 0.022956
0 0.310920 0.977267 0.039385 0.037465
