0 0.850764 0.031118 0.051589 0.062236
0 0.611033 0.081968 0.045517 0.075863
0 0.536679 0.113833 0.054626 0.060691
0 0.454753 0.746550 0.042481 0.051584
0 0.469921 0.804201 0.042481 0.051584
0 0.428952 0.881584 0.045517 0.091036
0 0.515438 0.845173 0.042481 0.060691
0 0.539715 0.773856 0.060698 0.075863
0 0.709652 0.792068 0.054626 0.057664
0 0.624689 0.825440 0.042481 0.063730
0 0.650478 0.845173 0.033385 0.060691
0 0.699031 0.921036 0.039445 0.054624
0 0.732416 0.969134 0.045517 0.053731
0 0.903865 0.946834 0.042481 0.057664
0 0.940286 0.958967 0.042481 0.069797
0 0.872004 0.848199 0.033385 0.060691
0 0.849240 0.823934 0.036421 0.048558
0 0.826487 0.851239 0.045517 0.078903
0 0.293912 0.934689 0.048553 0.069797
0 0.175565 0.946834 0.060698 0.063730
0 0.146740 0.884624 0.069794 0.048558
0 0.143704 0.828480 0.063722 0.051584
0 0.148252 0.763230 0.054626 0.066757
