0 0.953561 0.359635 0.048553 0.097102
0 0.883755 0.450671 0.048553 0.066757
0 0.788172 0.440045 0.063722 0.069797
0 0.795756 0.594811 0.054626 0.088009
0 0.739619 0.649435 0.045517 0.057664
0 0.684993 0.635782 0.051589 0.060691
0 0.706234 0.693446 0.027313 0.042478
0 0.735071 0.083488 0.048553 0.078903
0 0.683481 0.056170 0.054626 0.066757
0 0.050764 0.031118 0.051589 0.062236
0 0.411878 0.776896 0.051589 0.069797
0 0.572718 0.854279 0.057662 0.084969
0 0.727474 0.746550 0.039445 0.057664
0 0.750239 0.799655 0.036421 0.066757
0 0.103865 0.946834 0.042481 0.057664
0 0.140286 0.958967 0.042481 0.069797
0 0.072004 0.848199 0.033385 0.060691
0 0.049240 0.823934 0.036421 0.048558
0 0.026487 0.851239 0.045517 0.078903
0 0.231321 0.814827 0.066758 0.054624
0 0.261670 0.852759 0.060698 0.051584
0 0.296567 0.949861 0.033385 0.063730
0 0.261670 0.925582 0.042481 0.057664
0 0.220700 0.910410 0.051589 0.057664
