0 0.931586 0.935443 0.051589 0.063730
0 0.890629 0.903591 0.066758 0.060691
0 0.532539 0.978624 0.048553 0.034751
0 0.392951 0.513636 0.054626 0.094076
0 0.415704 0.431707 0.045517 0.069797
0 0.544683 0.448399 0.066758 0.103182
0 0.717656 0.411974 0.054626 0.091036
0 0.819311 0.452946 0.045517 0.088009
0 0.904285 0.418054 0.069794 0.091036
0 0.617961 0.149467 0.051408 0.066087
0 0.564726 0.186188 0.047731 0.102808
0 0.197540 0.277984 0.055073 0.102808
0 0.193863 0.507480 0.069770 0.099137
0 0.116751 0.434038 0.062427 0.062416
