0 0.572718 0.054279 0.057662 0.084969
0 0.750239 0.016517 0.036421 0.033033
0 0.041315 0.221178 0.082631 0.072836
0 0.103865 0.146834 0.042481 0.057664
0 0.140286 0.158967 0.042481 0.069797
0 0.072004 0.048199 0.033385 0.060691
0 0.049240 0.024106 0.036421 0.048212
0 0.026487 0.051239 0.045517 0.078903
0 0.231321 0.021070 0.066758 0.042139
0 0.261670 0.052759 0.060698 0.051584
0 0.296567 0.149861 0.033385 0.063730
0 0.261670 0.125582 0.042481 0.057664
0 0.220700 0.110410 0.051589 0.057664
0 0.372844 0.741465 0.048553 0.088009
