0 0.983777 0.115868 0.024446 0.062700
0 0.955255 0.094552 0.042638 0.045144
0 0.941453 0.119629 0.030095 0.060188
0 0.917636 0.115868 0.032599 0.062700
0 0.873740 0.129663 0.035115 0.045144
0 0.758380 0.157239 0.035115 0.065211
0 0.723265 0.169784 0.030095 0.055178
0 0.696932 0.119629 0.027591 0.070222
0 0.676865 0.216178 0.032599 0.062700
0 0.443630 0.257561 0.022571 0.065211
0 0.411031 0.276366 0.032599 0.062700
0 0.327013 0.019684 0.040122 0.039368
0 0.214157 0.095801 0.045142 0.087777
0 0.093778 0.268844 0.040122 0.087777
0 0.053002 0.867700 0.033385 0.086785
0 0.027963 0.640703 0.036723 0.086785
0 0.129775 0.815948 0.053404 0.070093
0 0.101410 0.740845 0.036723 0.093470
0 0.123098 0.719155 0.040062 0.076778
0 0.133114 0.582292 0.046727 0.063421
0 0.213226 0.520532 0.053404 0.073442
0 0.146468 0.637367 0.040062 0.060085
0 0.008142 0.383669 0.016285 0.100142
0 0.547039 0.518871 0.046727 0.076778
0 0.707262 0.465457 0.066758 0.090121
0 0.602112 0.593974 0.036723 0.093470
