0 0.982531 0.250446 0.026938 0.091796
0 0.853394 0.933408 0.055073 0.099137
0 0.644109 0.782867 0.055073 0.062416
0 0.590862 0.861808 0.051408 0.095467
0 0.456839 0.514821 0.033046 0.091796
0 0.455000 0.558884 0.051408 0.077113
0 0.394411 0.558884 0.040389 0.069771
0 0.394411 0.612130 0.047731 0.066087
0 0.427457 0.927909 0.040389 0.088125
0 0.273245 0.904042 0.040389 0.091796
0 0.146564 0.883846 0.058750 0.080783
0 0.229180 0.793879 0.047731 0.077113
0 0.142899 0.759000 0.058750 0.073442
0 0.269568 0.498296 0.033046 0.073442
0 0.174107 0.525834 0.033046 0.113833
0 0.124537 0.492796 0.044066 0.069771
0 0.032741 0.421184 0.051408 0.073442
0 0.014529 0.459746 0.029057 0.106479
0 0.645947 0.458729 0.040389 0.088125
0 0.607385 0.453229 0.058750 0.091796
