0 0.987524 0.311449 0.016952 0.062700
0 0.974981 0.237466 0.042039 0.055178
0 0.978742 0.662557 0.034515 0.062700
0 0.932642 0.668830 0.037619 0.070222
0 0.747065 0.711463 0.032599 0.050155
0 0.812263 0.341549 0.057686 0.052666
0 0.746847 0.044408 0.051589 0.027306
0 0.742299 0.076273 0.066758 0.048558
0 0.654301 0.013861 0.060698 0.027722
0 0.587531 0.089926 0.042481 0.051584
0 0.552634 0.082339 0.045517 0.060691
0 0.589055 0.272010 0.063722 0.069797
0 0.370565 0.041173 0.063722 0.082346
0 0.361457 0.469254 0.057662 0.094076
0 0.364493 0.602781 0.063722 0.075863
0 0.372077 0.702923 0.060698 0.075863
0 0.217309 0.581529 0.048553 0.094076
0 0.174828 0.551184 0.042481 0.069797
0 0.103510 0.598222 0.057662 0.078903
0 0.153684 0.947971 0.056742 0.096058
0 0.288869 0.828168 0.053404 0.083450
0 0.362303 0.984689 0.053404 0.022622
