0 0.969640 0.344803 0.052720 0.063537
0 0.967714 0.391235 0.048868 0.039104
0 0.923732 0.381459 0.039094 0.048867
0 0.938393 0.344803 0.039094 0.063537
0 0.906617 0.444996 0.063540 0.068419
0 0.816211 0.359460 0.058641 0.102628
0 0.813768 0.464535 0.063540 0.068419
0 0.779548 0.579386 0.034207 0.083089
0 0.750227 0.591609 0.053755 0.078194
0 0.684256 0.459654 0.068427 0.068419
0 0.630489 0.733341 0.078201 0.078194
0 0.498534 0.679580 0.068427 0.087970
0 0.420345 0.569623 0.068427 0.092852
0 0.315267 0.618490 0.053755 0.083089
0 0.403230 0.750445 0.053755 0.092852
0 0.654923 0.879954 0.048868 0.097746
0 0.285064 0.977267 0.024869 0.037465
0 0.276766 0.949197 0.029018 0.031092
0 0.330666 0.968973 0.020733 0.054055
0 0.259154 0.881834 0.031087 0.066319
0 0.237393 0.876657 0.041453 0.043522
0 0.212512 0.762656 0.037304 0.072540
0 0.248788 0.776128 0.022801 0.049743
0 0.287132 0.838313 0.024869 0.062185
0 0.288172 0.757478 0.043521 0.024871
0 0.288172 0.775098 0.031087 0.039387
0 0.139972 0.742975 0.053888 0.053890
0 0.088153 0.578188 0.029018 0.051816
0 0.164842 0.893246 0.049739 0.068393
0 0.100588 0.877700 0.049739 0.033166
0 0.105777 0.906718 0.051819 0.024871
0 0.096451 0.932620 0.053888 0.031092
0 0.061215 0.947136 0.045602 0.060111
0 0.022319 0.942989 0.044638 0.055964
0 0.910753 0.983154 0.036723 0.025693
0 0.872373 0.983150 0.040062 0.025699
