0 0.654923 0.079954 0.048868 0.097746
0 0.826094 0.779145 0.045142 0.065211
0 0.674361 0.856901 0.042638 0.075232
0 0.643009 0.779145 0.035115 0.055178
0 0.715742 0.965995 0.040122 0.052666
0 0.790979 0.987895 0.050162 0.016211
0 0.506324 0.905807 0.057686 0.052666
0 0.566526 0.535880 0.037619 0.085266
0 0.654294 0.374120 0.072733 0.047656
0 0.639247 0.342770 0.057686 0.045144
0 0.442372 0.313932 0.050162 0.077744
0 0.364631 0.346531 0.050162 0.057677
0 0.328271 0.352804 0.032599 0.045144
0 0.290652 0.326464 0.037619 0.062700
0 0.323251 0.382891 0.022571 0.040121
0 0.363373 0.514564 0.032599 0.057677
0 0.283128 0.475692 0.067713 0.055178
0 0.288136 0.537129 0.032599 0.052666
0 0.258041 0.550924 0.037619 0.055178
0 0.194090 0.545914 0.040122 0.065211
0 0.161491 0.604852 0.045142 0.077744
0 0.250518 0.979114 0.062694 0.033773
0 0.299567 0.216559 0.020733 0.062185
0 0.285064 0.185480 0.024869 0.053890
0 0.276766 0.149197 0.029018 0.031092
0 0.330666 0.170964 0.020733 0.058037
0 0.326517 0.221750 0.024869 0.051816
0 0.259154 0.081834 0.031087 0.066319
0 0.237393 0.076657 0.041453 0.043522
0 0.287132 0.038313 0.024869 0.062185
0 0.164842 0.093246 0.049739 0.068393
0 0.100588 0.077700 0.049739 0.033166
0 0.105777 0.106718 0.051819 0.024871
0 0.096451 0.132620 0.053888 0.031092
0 0.061215 0.147136 0.045602 0.060111
0 0.022319 0.142989 0.044638 0.055964
0 0.032197 0.358548 0.062186 0.039387
0 0.015058 0.550267 0.030116 0.049743
0 0.028048 0.574095 0.053888 0.035240
0 0.910753 0.202018 0.036723 0.063421
0 0.872373 0.203679 0.040062 0.066757
