0 0.942899 0.317013 0.066093 0.091796
0 0.863948 0.291304 0.047731 0.084454
0 0.946564 0.083846 0.058750 0.080783
0 0.781333 0.078334 0.051408 0.069771
0 0.755629 0.115054 0.036723 0.069771
0 0.280123 0.025401 0.069770 0.050803
0 0.970623 0.718096 0.036421 0.075863
0 0.850764 0.816718 0.051589 0.091036
0 0.611033 0.881968 0.045517 0.075863
0 0.536679 0.913833 0.054626 0.060691
0 0.533643 0.630100 0.060698 0.112275
0 0.600413 0.549677 0.060698 0.072836
0 0.394055 0.590648 0.066758 0.088009
0 0.310605 0.488987 0.051589 0.072836
0 0.174041 0.492026 0.027313 0.054624
0 0.163421 0.534504 0.048553 0.060691
0 0.148252 0.731762 0.066758 0.103182
