0 0.992436 0.462052 0.007128 0.094076
0 0.978773 0.474185 0.034453 0.106208
0 0.829549 0.231423 0.051589 0.069797
0 0.780996 0.307286 0.063722 0.081930
0 0.576162 0.204104 0.054626 0.057664
0 0.582235 0.339151 0.036421 0.097102
0 0.957533 0.313352 0.076934 0.045518
0 0.966638 0.278460 0.058724 0.048558
0 0.821965 0.067550 0.042481 0.075863
0 0.852314 0.099416 0.030349 0.048558
0 0.559470 0.809516 0.045517 0.133527
0 0.351600 0.880832 0.060698 0.081930
0 0.328835 0.762478 0.051589 0.075863
0 0.281806 0.814062 0.042481 0.051584
0 0.304559 0.851994 0.039445 0.060691
0 0.131586 0.935443 0.051589 0.063730
0 0.090629 0.903591 0.066758 0.060691
0 0.021035 0.452946 0.042070 0.088009
0 0.104285 0.418054 0.069794 0.091036
