0 0.853394 0.133408 0.055073 0.099137
0 0.590862 0.061808 0.051408 0.095467
0 0.427457 0.127909 0.040389 0.088125
0 0.273245 0.104042 0.040389 0.091796
0 0.232857 0.245400 0.055073 0.117504
0 0.142899 0.317013 0.066093 0.091796
0 0.063948 0.291304 0.047731 0.084454
0 0.146564 0.083846 0.058750 0.080783
0 0.229180 0.016218 0.047731 0.032436
0 0.735071 0.883488 0.048553 0.078903
0 0.683481 0.856170 0.054626 0.066757
0 0.557538 0.569409 0.075866 0.112275
0 0.481672 0.604301 0.057662 0.072836
0 0.475612 0.683204 0.045517 0.084969
0 0.410366 0.655886 0.060698 0.078903
0 0.342084 0.713549 0.033385 0.091036
0 0.319319 0.721136 0.036421 0.106208
0 0.234357 0.677138 0.072830 0.103182
0 0.170623 0.718096 0.036421 0.075863
0 0.050764 0.816718 0.051589 0.091036
0 0.672861 0.452575 0.051589 0.121381
0 0.642512 0.451055 0.045517 0.088009
