0 0.985014 0.545914 0.021972 0.065211
0 0.961491 0.604852 0.045142 0.077744
0 0.964842 0.093246 0.049739 0.068393
0 0.900588 0.077700 0.049739 0.033166
0 0.905777 0.106718 0.051819 0.024871
0 0.896451 0.132620 0.053888 0.031092
0 0.861215 0.147136 0.045602 0.060111
0 0.810436 0.142989 0.068403 0.055964
0 0.789704 0.028488 0.026950 0.056976
0 0.713015 0.096350 0.047670 0.053890
0 0.709906 0.202056 0.041453 0.066319
0 0.644612 0.163712 0.031087 0.047669
0 0.832197 0.358548 0.062186 0.039387
0 0.808356 0.550267 0.043521 0.049743
0 0.828048 0.574095 0.053888 0.035240
0 0.731667 0.545089 0.043521 0.051816
0 0.723381 0.506733 0.031087 0.037313
0 0.651870 0.577212 0.049739 0.041448
0 0.552380 0.511923 0.049739 0.051816
0 0.559638 0.378229 0.031087 0.033166
0 0.564815 0.414499 0.020733 0.043522
0 0.581398 0.411395 0.024869 0.053890
0 0.448754 0.134694 0.037304 0.060111
0 0.406260 0.198952 0.039385 0.051816
0 0.410409 0.260094 0.047670 0.058037
0 0.310920 0.192731 0.039385 0.068393
0 0.442536 0.449739 0.078757 0.043522
0 0.394866 0.522279 0.041453 0.055964
0 0.345115 0.568917 0.049739 0.058037
0 0.411437 0.487052 0.037304 0.039387
0 0.437347 0.503629 0.035236 0.060111
0 0.763540 0.736679 0.066758 0.078903
0 0.746847 0.844408 0.051589 0.027306
0 0.742299 0.876273 0.066758 0.048558
0 0.654301 0.809516 0.060698 0.036412
0 0.651265 0.782197 0.084974 0.030345
0 0.587531 0.889926 0.042481 0.051584
0 0.552634 0.882339 0.045517 0.060691
0 0.370565 0.832275 0.063722 0.100142
0 0.209725 0.738199 0.051589 0.063730
0 0.144479 0.688135 0.078902 0.078903
0 0.026722 0.551568 0.053444 0.091036
0 0.179376 0.298180 0.057662 0.081930
0 0.660942 0.505780 0.033385 0.063421
0 0.632564 0.492423 0.023369 0.050065
