0 0.989965 0.738199 0.012070 0.063730
0 0.944479 0.688135 0.078902 0.078903
0 0.826131 0.551568 0.054626 0.091036
0 0.973272 0.298180 0.045455 0.081930
0 0.301141 0.381629 0.042481 0.054624
0 0.266244 0.348257 0.045517 0.072836
0 0.201010 0.462052 0.024277 0.094076
0 0.179758 0.474185 0.036421 0.106208
0 0.029549 0.231423 0.051589 0.069797
0 0.158517 0.313352 0.078902 0.045518
0 0.169137 0.278460 0.063722 0.048558
0 0.021965 0.067550 0.042481 0.075863
0 0.052314 0.099416 0.030349 0.048558
0 0.683060 0.360120 0.075527 0.048867
