0 0.731073 0.199699 0.066762 0.076778
0 0.584195 0.020570 0.086788 0.041140
0 0.417290 0.062836 0.060090 0.090121
0 0.350529 0.171324 0.053407 0.073442
0 0.340516 0.234746 0.080116 0.053413
0 0.181959 0.309862 0.056749 0.063421
0 0.211999 0.388301 0.056749 0.066757
0 0.372231 0.498451 0.056749 0.073442
0 0.330502 0.546854 0.046736 0.076778
0 0.337174 0.606939 0.053407 0.070093
0 0.225353 0.511807 0.063420 0.086785
0 0.181959 0.541856 0.036722 0.086785
0 0.143572 0.535172 0.040052 0.073442
0 0.108514 0.493453 0.043394 0.083450
0 0.071804 0.436704 0.043394 0.056749
0 0.130217 0.366598 0.046736 0.090121
0 0.051778 0.243092 0.043394 0.070093
0 0.021727 0.204709 0.023368 0.053413
