0 0.327771 0.452997 0.012000 0.019599
0 0.487772 0.618998 0.012000 0.019599
0 0.396171 0.565796 0.012000 0.019599
0 0.414169 0.576998 0.012000 0.019599
0 0.466571 0.655396 0.012000 0.019599
0 0.429772 0.704195 0.012000 0.019599
0 0.362171 0.745795 0.012000 0.019599
0 0.355369 0.707395 0.012000 0.019599
0 0.351371 0.741396 0.012000 0.019599
0 0.344569 0.748595 0.012000 0.019599
0 0.582522 0.693407 0.012000 0.019599
0 0.598525 0.731003 0.012000 0.019599
0 0.626923 0.727404 0.012000 0.019599
0 0.650923 0.737807 0.012000 0.019599
0 0.649324 0.712207 0.012000 0.019599
0 0.783326 0.683003 0.012000 0.019599
0 0.792122 0.710605 0.012000 0.019599
0 0.912525 0.661806 0.012000 0.019599
0 0.851327 0.619003 0.012000 0.019599
0 0.976523 0.617805 0.012000 0.019599
0 0.734522 0.703007 0.012000 0.019599
0 0.843325 0.671406 0.012000 0.019599
0 0.844125 0.757806 0.012000 0.019599
0 0.948925 0.604206 0.012000 0.019599
0 0.974124 0.874604 0.012000 0.019599
0 0.924525 0.809805 0.012000 0.019599
0 0.816122 0.919004 0.012000 0.019599
0 0.915621 0.947523 0.021601 0.016000
0 0.888818 0.937923 0.021601 0.016000
0 0.969077 0.833444 0.023761 0.017603
