0 0.659338 0.854564 0.012000 0.021601
0 0.632139 0.857764 0.012000 0.021601
0 0.610539 0.873764 0.012000 0.021601
0 0.610539 0.894367 0.012000 0.019599
0 0.782539 0.824765 0.012000 0.019599
0 0.977341 0.727168 0.012000 0.019599
0 0.925338 0.707569 0.012000 0.019599
0 0.881342 0.691164 0.012000 0.019599
0 0.993269 0.726364 0.005463 0.019599
0 0.938138 0.697564 0.012000 0.019599
0 0.854539 0.754365 0.012000 0.019599
0 0.896141 0.749967 0.012000 0.019599
0 0.842539 0.759168 0.012000 0.019599
0 0.832138 0.766766 0.012000 0.019599
0 0.908140 0.689966 0.012000 0.019599
0 0.638888 0.635423 0.012000 0.019599
0 0.878899 0.710011 0.012000 0.019599
0 0.896102 0.699612 0.012000 0.019599
0 0.918102 0.654213 0.021601 0.012001
0 0.878499 0.748611 0.021601 0.012001
0 0.640633 0.867569 0.018002 0.011602
0 0.822684 0.753587 0.024400 0.016000
