0 0.177341 0.727168 0.012000 0.019599
0 0.125338 0.707569 0.012000 0.019599
0 0.081342 0.691164 0.012000 0.019599
0 0.196537 0.726364 0.012000 0.019599
0 0.212141 0.718367 0.012000 0.019599
0 0.228938 0.701568 0.012000 0.019599
0 0.138138 0.697564 0.012000 0.019599
0 0.245741 0.716365 0.012000 0.019599
0 0.054539 0.754365 0.012000 0.019599
0 0.096141 0.749967 0.012000 0.019599
0 0.042539 0.759168 0.012000 0.019599
0 0.032138 0.766766 0.012000 0.019599
0 0.108140 0.689966 0.012000 0.019599
0 0.279137 0.703304 0.012000 0.019599
0 0.345133 0.680504 0.012000 0.019599
0 0.365535 0.681303 0.012000 0.019599
0 0.399135 0.695700 0.012000 0.019599
0 0.435135 0.694902 0.012000 0.019599
0 0.466336 0.691302 0.012000 0.019599
0 0.506734 0.723702 0.012000 0.019599
0 0.750271 0.729892 0.012000 0.019599
0 0.779468 0.705490 0.012000 0.019599
0 0.789869 0.684293 0.012000 0.019599
0 0.734672 0.723492 0.012000 0.019599
0 0.713471 0.686290 0.012000 0.019599
0 0.835469 0.647890 0.012000 0.019599
0 0.842671 0.627092 0.012000 0.019599
0 0.078899 0.710011 0.012000 0.019599
0 0.096102 0.699612 0.012000 0.019599
0 0.118102 0.654213 0.021601 0.012001
0 0.078499 0.748611 0.021601 0.012001
0 0.266371 0.749850 0.021601 0.012001
0 0.701018 0.702223 0.012400 0.020398
0 0.722619 0.752625 0.015598 0.020398
0 0.494022 0.727823 0.012800 0.020398
0 0.497221 0.709028 0.012800 0.020398
0 0.554821 0.722227 0.012800 0.020398
0 0.518022 0.728627 0.012800 0.020398
0 0.538018 0.720625 0.012800 0.020398
0 0.022684 0.753587 0.024400 0.016000
