0 0.338123 0.011003 0.012000 0.019599
0 0.342126 0.038205 0.012000 0.019599
0 0.350123 0.006003 0.012000 0.012006
0 0.375722 0.056207 0.012000 0.019599
0 0.174124 0.074604 0.012000 0.019599
0 0.124525 0.009805 0.012000 0.019599
0 0.016122 0.119004 0.012000 0.019599
0 0.820608 0.184310 0.012000 0.019599
0 0.896211 0.277110 0.012000 0.019599
0 0.966210 0.359910 0.012000 0.019599
0 0.444610 0.184310 0.012000 0.019599
0 0.414208 0.264709 0.012000 0.019599
0 0.393007 0.073508 0.012000 0.019599
0 0.091407 0.210708 0.012000 0.019599
0 0.115621 0.147523 0.021601 0.016000
0 0.088818 0.137923 0.021601 0.016000
0 0.169077 0.033444 0.023761 0.017603
0 0.378979 0.045005 0.021601 0.016000
0 0.446980 0.162606 0.021601 0.016000
0 0.846685 0.240369 0.021601 0.016000
0 0.744689 0.236769 0.021601 0.016000
0 0.741485 0.254367 0.021601 0.016000
0 0.749887 0.213970 0.021601 0.016000
