0 0.112525 0.661806 0.012000 0.019599
0 0.051327 0.619003 0.012000 0.019599
0 0.176523 0.617805 0.012000 0.019599
0 0.043325 0.671406 0.012000 0.019599
0 0.044125 0.757806 0.012000 0.019599
0 0.148925 0.604206 0.012000 0.019599
0 0.221723 0.583803 0.012000 0.019599
0 0.241725 0.605404 0.012000 0.019599
0 0.243324 0.675005 0.012000 0.019599
0 0.254124 0.688205 0.012000 0.019599
0 0.259722 0.580603 0.012000 0.019599
0 0.289724 0.607007 0.012000 0.019599
0 0.304922 0.672604 0.012000 0.019599
0 0.264525 0.722606 0.012000 0.019599
0 0.288125 0.709806 0.012000 0.019599
0 0.312924 0.743404 0.012000 0.019599
0 0.324924 0.749804 0.012000 0.019599
0 0.338123 0.811003 0.012000 0.019599
0 0.342126 0.838205 0.012000 0.019599
0 0.350123 0.802207 0.012000 0.019599
0 0.331726 0.783007 0.012000 0.019599
0 0.336124 0.794604 0.012000 0.019599
0 0.318526 0.768205 0.012000 0.019599
0 0.375722 0.856207 0.012000 0.019599
0 0.174124 0.874604 0.012000 0.019599
0 0.124525 0.809805 0.012000 0.019599
0 0.016122 0.919004 0.012000 0.019599
0 0.331872 0.518497 0.012000 0.019599
0 0.360675 0.495299 0.012000 0.019599
0 0.261872 0.392100 0.012000 0.019599
0 0.525405 0.187653 0.012000 0.019599
0 0.428207 0.242857 0.012000 0.019599
0 0.820608 0.984310 0.012000 0.019599
0 0.444610 0.984310 0.012000 0.019599
0 0.393007 0.873508 0.012000 0.019599
0 0.115621 0.947523 0.021601 0.016000
0 0.088818 0.937923 0.021601 0.016000
0 0.169077 0.833444 0.023761 0.017603
0 0.294922 0.619602 0.023761 0.017603
0 0.378979 0.845005 0.021601 0.016000
0 0.446980 0.962606 0.021601 0.016000
