0 0.605261 0.011267 0.084745 0.022534
0 0.426349 0.154363 0.047078 0.094164
0 0.574658 0.260290 0.042372 0.089449
0 0.494618 0.267350 0.061206 0.075329
0 0.494618 0.342679 0.042372 0.056494
0 0.617030 0.521590 0.042372 0.056494
0 0.565235 0.521590 0.042372 0.075329
0 0.626441 0.651068 0.051795 0.070626
0 0.701775 0.716979 0.032962 0.061209
0 0.668813 0.848814 0.051795 0.108285
0 0.562876 0.627530 0.037667 0.061209
0 0.200359 0.634590 0.065911 0.037671
0 0.181526 0.133170 0.037667 0.070626
0 0.167397 0.067259 0.056500 0.080044
0 0.160333 0.027745 0.042372 0.055490
