0 0.984492 0.433693 0.023016 0.069001
0 0.958602 0.393441 0.051759 0.057511
0 0.852217 0.252548 0.057504 0.063256
0 0.787528 0.341687 0.043134 0.063256
0 0.875224 0.443756 0.040255 0.066135
0 0.899658 0.534334 0.037377 0.057511
0 0.813401 0.599017 0.043134 0.054632
0 0.780331 0.683838 0.063262 0.063256
0 0.714202 0.879363 0.057504 0.057511
0 0.715641 0.617716 0.031631 0.051754
0 0.709896 0.576025 0.025873 0.043130
0 0.705577 0.502706 0.040255 0.057511
0 0.570441 0.547263 0.051759 0.060377
0 0.541689 0.682411 0.046001 0.071880
