0 0.989500 0.087058 0.013000 0.067959
0 0.943791 0.216449 0.047053 0.065353
0 0.903269 0.115820 0.028752 0.062735
0 0.896737 0.079216 0.036590 0.052275
0 0.879755 0.080531 0.039203 0.054893
0 0.807868 0.010862 0.031365 0.021724
0 0.813094 0.106663 0.041828 0.060117
0 0.763754 0.111576 0.025535 0.043205
0 0.840346 0.269666 0.021603 0.037311
0 0.876670 0.375718 0.054988 0.033390
0 0.868820 0.386513 0.035345 0.039271
0 0.830524 0.339387 0.025535 0.051059
0 0.717608 0.140052 0.031425 0.064807
0 0.734300 0.130225 0.025535 0.072661
