0 0.806410 0.689566 0.033978 0.060117
0 0.784189 0.696092 0.036590 0.057511
0 0.765900 0.557557 0.057504 0.047051
0 0.763275 0.460849 0.041828 0.052275
0 0.696626 0.415101 0.054892 0.028749
0 0.752824 0.503979 0.036590 0.039209
0 0.870446 0.258276 0.031365 0.075800
0 0.832549 0.276565 0.049666 0.070577
0 0.826017 0.222988 0.041828 0.057511
0 0.797265 0.141951 0.031365 0.057511
0 0.775045 0.135424 0.023527 0.049669
0 0.763275 0.135424 0.036590 0.060117
0 0.725379 0.161556 0.044441 0.054893
0 0.729298 0.203383 0.031365 0.044433
0 0.585537 0.215146 0.057504 0.036591
0 0.551559 0.147187 0.036590 0.052275
0 0.551559 0.189002 0.031365 0.020907
0 0.379046 0.132806 0.036590 0.049669
0 0.345056 0.102742 0.047053 0.052275
0 0.201295 0.087058 0.036590 0.067959
0 0.207827 0.276565 0.028752 0.054893
0 0.210440 0.222988 0.033978 0.052275
0 0.143791 0.216449 0.047053 0.065353
0 0.103269 0.115820 0.028752 0.062735
0 0.096737 0.079216 0.036590 0.052275
0 0.079755 0.080531 0.039203 0.054893
0 0.017004 0.106663 0.034008 0.060117
0 0.040346 0.269666 0.021603 0.037311
0 0.076670 0.375718 0.054988 0.033390
0 0.068820 0.386513 0.035345 0.039271
0 0.030524 0.339387 0.025535 0.051059
