0 0.989500 0.887058 0.013000 0.067959
0 0.941178 0.751141 0.047053 0.057511
0 0.894125 0.749838 0.031365 0.044433
0 0.907200 0.785126 0.041828 0.047051
0 0.903269 0.915820 0.028752 0.062735
0 0.896737 0.879216 0.036590 0.052275
0 0.879755 0.880531 0.039203 0.054893
0 0.807868 0.785126 0.031365 0.073195
0 0.792180 0.738075 0.041828 0.067959
0 0.875823 0.670104 0.020914 0.062735
0 0.856228 0.643973 0.028752 0.057511
0 0.831395 0.607382 0.041828 0.062735
0 0.692859 0.705392 0.041828 0.060117
0 0.813094 0.906663 0.041828 0.060117
0 0.763754 0.911576 0.025535 0.043205
0 0.717608 0.940052 0.031425 0.064807
0 0.734300 0.930225 0.025535 0.072661
