0 0.712549 0.005967 0.029235 0.011933
0 0.471564 0.021058 0.022634 0.042116
0 0.478645 0.130301 0.025467 0.046222
0 0.784232 0.175104 0.029235 0.045267
0 0.826669 0.048245 0.023582 0.046222
0 0.980423 0.069937 0.031155 0.031124
0 0.572015 0.143515 0.040552 0.025460
0 0.840819 0.230282 0.031119 0.042441
0 0.942594 0.541462 0.045349 0.021963
0 0.904679 0.457482 0.027636 0.041099
0 0.769683 0.352250 0.022680 0.041809
0 0.697052 0.445443 0.023388 0.042519
0 0.721856 0.482284 0.041809 0.038260
0 0.616975 0.541810 0.023388 0.046764
0 0.680402 0.591065 0.014172 0.035434
0 0.696698 0.586806 0.014172 0.035434
0 0.801225 0.527280 0.024804 0.021963
0 0.838420 0.472722 0.014172 0.021253
0 0.844096 0.456424 0.014172 0.021253
0 0.849760 0.438707 0.014172 0.021253
0 0.847636 0.418861 0.014172 0.021253
0 0.851885 0.398318 0.014172 0.021253
0 0.841253 0.384846 0.014172 0.021253
0 0.857560 0.373516 0.014172 0.021253
0 0.823186 0.454644 0.023388 0.036854
0 0.479855 0.569799 0.014172 0.035434
0 0.534420 0.569799 0.014172 0.035434
0 0.418918 0.522325 0.014172 0.035434
0 0.260180 0.528700 0.014172 0.035434
0 0.195703 0.515950 0.014172 0.035434
0 0.109253 0.490439 0.014172 0.035434
0 0.317588 0.519138 0.045349 0.022672
0 0.087989 0.579722 0.014172 0.035434
0 0.019193 0.557050 0.038387 0.021963
0 0.079127 0.513460 0.031885 0.042519
0 0.213061 0.011548 0.026220 0.023095
0 0.246008 0.139670 0.043933 0.034725
0 0.552041 0.823982 0.036304 0.048609
