0 0.884647 0.743960 0.025718 0.055732
0 0.705010 0.672369 0.043727 0.025718
0 0.599112 0.603346 0.024005 0.043732
0 0.482080 0.632496 0.031725 0.052300
0 0.258088 0.788673 0.037732 0.039615
0 0.258842 0.635670 0.022794 0.036002
0 0.234049 0.656871 0.025204 0.036802
0 0.261846 0.671272 0.025604 0.032002
0 0.261446 0.695674 0.008005 0.026002
0 0.160196 0.445814 0.021081 0.045099
0 0.101634 0.399553 0.025764 0.047435
0 0.122419 0.429709 0.015817 0.032208
0 0.091413 0.296282 0.025170 0.036299
0 0.009894 0.221994 0.019787 0.035822
0 0.030842 0.037996 0.023834 0.037370
0 0.200589 0.033815 0.028344 0.035434
0 0.334968 0.137627 0.025764 0.041228
0 0.493763 0.135692 0.027705 0.037370
0 0.490542 0.163074 0.028984 0.036725
0 0.494094 0.577538 0.010803 0.022001
0 0.485301 0.573137 0.010803 0.022001
