0 0.079143 0.204361 0.037663 0.046454
0 0.011662 0.814075 0.021698 0.047164
0 0.039025 0.773053 0.031120 0.048106
0 0.294776 0.809365 0.028835 0.045990
0 0.769870 0.792616 0.023388 0.053010
0 0.391434 0.889654 0.022600 0.045990
0 0.055207 0.462170 0.035139 0.028105
0 0.142467 0.508728 0.043339 0.041577
0 0.877869 0.993449 0.017393 0.005101
0 0.888170 0.710985 0.017393 0.035434
0 0.879799 0.899100 0.017393 0.035434
0 0.872068 0.933889 0.017393 0.035434
0 0.859826 0.910042 0.017393 0.035434
0 0.985413 0.981879 0.021175 0.026414
0 0.920066 0.847238 0.034785 0.030273
