0 0.077869 0.993449 0.017393 0.005101
0 0.276280 0.837251 0.017393 0.035434
0 0.397390 0.813417 0.017393 0.035434
0 0.088170 0.710985 0.017393 0.035434
0 0.079799 0.899100 0.017393 0.035434
0 0.072068 0.933889 0.017393 0.035434
0 0.059826 0.910042 0.017393 0.035434
0 0.285302 0.959645 0.017393 0.035434
0 0.481144 0.935166 0.017393 0.035434
0 0.499176 0.932598 0.017393 0.035434
0 0.515929 0.924869 0.017393 0.035434
0 0.198339 0.981879 0.047028 0.026414
0 0.265648 0.980726 0.027054 0.030548
0 0.120066 0.847238 0.034785 0.030273
0 0.647339 0.959645 0.043156 0.028350
