0 0.760958 0.207858 0.027339 0.041009
0 0.644943 0.318420 0.024484 0.041873
0 0.688030 0.561996 0.023582 0.039615
0 0.857320 0.659137 0.020750 0.047164
0 0.811583 0.743555 0.021698 0.044325
0 0.624832 0.745439 0.033015 0.040557
0 0.712549 0.789299 0.029235 0.045267
0 0.471564 0.818062 0.022634 0.048106
0 0.478645 0.930301 0.025467 0.046222
0 0.784232 0.974235 0.029235 0.043529
0 0.826669 0.848245 0.023582 0.046222
0 0.980423 0.869937 0.031155 0.031124
0 0.572015 0.943515 0.040552 0.025460
0 0.213061 0.799713 0.026220 0.046764
0 0.246008 0.939670 0.043933 0.034725
0 0.255224 0.786951 0.046765 0.026931
