0 0.096916 0.500004 0.036898 0.047828
0 0.167326 0.557666 0.028936 0.036397
0 0.222391 0.514265 0.027064 0.035465
0 0.448264 0.593603 0.028936 0.031740
0 0.522939 0.517071 0.032669 0.033603
0 0.518733 0.442862 0.037337 0.045735
0 0.470671 0.425130 0.023332 0.032671
0 0.571474 0.579136 0.030797 0.038272
0 0.101053 0.826475 0.028936 0.032671
0 0.072590 0.836744 0.029872 0.034534
0 0.834674 0.950616 0.027064 0.036397
0 0.913081 0.714478 0.038273 0.025196
0 0.987906 0.662211 0.016189 0.038272
0 0.982775 0.767205 0.026450 0.033603
0 0.364518 0.247355 0.032854 0.032853
0 0.328579 0.076402 0.024637 0.031825
0 0.327550 0.006116 0.030797 0.012233
