0 0.083051 0.199890 0.009998 0.019599
0 0.082252 0.217887 0.009998 0.016399
0 0.042652 0.231086 0.009998 0.016399
0 0.039050 0.201088 0.009998 0.016399
0 0.026254 0.197888 0.009998 0.016399
0 0.017451 0.197089 0.009998 0.016399
0 0.237049 0.281088 0.009998 0.016399
0 0.316254 0.241490 0.009998 0.016399
0 0.399453 0.223887 0.009998 0.016399
0 0.394253 0.199890 0.009998 0.016399
0 0.356653 0.210289 0.009998 0.016399
0 0.223454 0.260285 0.009998 0.016399
0 0.214250 0.240287 0.009998 0.016399
0 0.263853 0.246687 0.009998 0.016399
0 0.258653 0.237885 0.009998 0.016399
0 0.236652 0.247485 0.009998 0.016399
0 0.243450 0.240686 0.009998 0.016399
0 0.174650 0.211487 0.009998 0.016399
0 0.169852 0.217887 0.009998 0.016399
0 0.190250 0.243087 0.017203 0.010798
0 0.194254 0.234685 0.017203 0.010798
0 0.536651 0.273889 0.017203 0.010798
0 0.624653 0.333087 0.017203 0.010798
0 0.690650 0.371087 0.017203 0.010798
0 0.445851 0.195886 0.017203 0.010798
0 0.487053 0.219090 0.017203 0.010798
0 0.549849 0.273889 0.009998 0.018801
0 0.641851 0.333885 0.009998 0.018801
0 0.509054 0.247485 0.009998 0.018801
0 0.483054 0.228690 0.009998 0.018801
0 0.574582 0.239457 0.016399 0.015601
0 0.555782 0.257454 0.016399 0.015601
0 0.688584 0.339057 0.016399 0.015601
0 0.592584 0.295854 0.016399 0.015601
0 0.710584 0.409856 0.016399 0.015601
0 0.695381 0.416655 0.016399 0.015601
0 0.682183 0.425457 0.016399 0.015601
0 0.692583 0.399857 0.016399 0.015601
0 0.682183 0.409856 0.016399 0.015601
0 0.667382 0.328658 0.016399 0.015601
0 0.098605 0.233620 0.016399 0.015601
0 0.693061 0.010844 0.016399 0.015601
