0 0.106052 0.755686 0.015198 0.019999
0 0.237852 0.845286 0.009199 0.019999
0 0.286254 0.852890 0.009199 0.019999
0 0.357852 0.841887 0.009199 0.016399
0 0.349452 0.832287 0.009199 0.016399
0 0.389454 0.888689 0.009199 0.016399
0 0.322653 0.847887 0.009199 0.016399
0 0.324251 0.869888 0.009199 0.016399
0 0.318252 0.860288 0.009199 0.016399
0 0.293850 0.877885 0.009199 0.016399
0 0.304652 0.861087 0.009199 0.016399
0 0.349452 0.900690 0.009199 0.016399
0 0.129452 0.822687 0.009199 0.016399
0 0.131451 0.835886 0.009199 0.016399
0 0.462253 0.889487 0.009199 0.016399
0 0.509851 0.871485 0.009199 0.016399
0 0.512253 0.889487 0.009199 0.016399
0 0.419051 0.882289 0.009199 0.016399
0 0.412253 0.890286 0.009199 0.016399
0 0.680253 0.995243 0.009199 0.001514
0 0.688654 0.989486 0.019599 0.010798
0 0.691854 0.994644 0.019599 0.002712
0 0.883051 0.993045 0.009998 0.005910
0 0.839050 0.994444 0.009998 0.003112
0 0.826254 0.992844 0.009998 0.006312
0 0.817451 0.992445 0.009998 0.007110
0 0.679063 0.855532 0.016399 0.015601
