0 0.969559 0.748910 0.052881 0.058321
0 0.965753 0.855421 0.060494 0.053255
0 0.987310 0.651269 0.017381 0.071007
0 0.972279 0.639860 0.032973 0.063401
0 0.980973 0.568853 0.030055 0.078613
0 0.924104 0.557444 0.063401 0.071007
0 0.925365 0.467410 0.065934 0.043109
0 0.950726 0.400206 0.040574 0.055795
0 0.993653 0.435709 0.004695 0.050715
0 0.974813 0.435709 0.027894 0.055795
0 0.817584 0.306381 0.053254 0.055795
0 0.764330 0.334278 0.053254 0.060861
0 0.632461 0.369782 0.058322 0.071007
0 0.648948 0.289892 0.050721 0.053255
0 0.603294 0.293695 0.045653 0.045649
0 0.538633 0.225228 0.058322 0.071007
0 0.670502 0.231571 0.038040 0.043109
0 0.638801 0.226492 0.025360 0.048189
0 0.487912 0.080675 0.053254 0.050715
0 0.437192 0.089557 0.043108 0.068467
0 0.295176 0.023856 0.032973 0.047711
0 0.264749 0.008637 0.038040 0.017274
