0 0.982636 0.334589 0.026728 0.069744
0 0.978453 0.416875 0.035093 0.050208
0 0.942768 0.411301 0.041847 0.061369
0 0.892561 0.464295 0.052997 0.066943
0 0.796316 0.628879 0.055788 0.078105
0 0.584315 0.432217 0.061369 0.075318
0 0.525736 0.451753 0.050207 0.064156
0 0.506202 0.492193 0.050207 0.066943
0 0.451804 0.506141 0.075322 0.078105
0 0.365331 0.485225 0.075322 0.058582
0 0.384854 0.594014 0.052997 0.092054
0 0.352780 0.662364 0.050207 0.055795
0 0.349989 0.758599 0.061369 0.053008
0 0.315124 0.794870 0.030685 0.058582
0 0.337437 0.814393 0.036266 0.058582
0 0.294201 0.811606 0.044637 0.075318
0 0.451804 0.361080 0.047428 0.072531
0 0.454594 0.285762 0.041847 0.061369
0 0.393225 0.287169 0.058578 0.086479
0 0.193332 0.211551 0.043820 0.049543
0 0.152373 0.172492 0.041917 0.051445
0 0.179041 0.124851 0.038110 0.066683
0 0.209527 0.009558 0.049541 0.019115
0 0.022833 0.092460 0.045666 0.081934
