0 0.575498 0.295062 0.038040 0.050715
0 0.581838 0.248150 0.035507 0.058321
0 0.555217 0.238004 0.043108 0.048189
0 0.340928 0.284916 0.071002 0.045649
0 0.187493 0.421864 0.063401 0.076073
0 0.110151 0.820007 0.081148 0.071007
0 0.292741 0.225332 0.035507 0.048189
0 0.280061 0.191092 0.045653 0.071007
0 0.358675 0.027072 0.040574 0.054144
0 0.168473 0.055421 0.065934 0.053255
0 0.235680 0.063027 0.038040 0.048189
0 0.240759 0.127691 0.063401 0.035503
0 0.236953 0.166997 0.035507 0.048189
0 0.548597 0.331764 0.034351 0.034357
0 0.531421 0.352511 0.028630 0.058686
0 0.517107 0.354660 0.028630 0.060119
0 0.519255 0.320303 0.024333 0.048671
0 0.255144 0.023448 0.028630 0.046896
0 0.235820 0.021299 0.021472 0.042598
