0 0.071723 0.638766 0.047428 0.072531
0 0.109378 0.426762 0.066950 0.078105
0 0.141452 0.326334 0.052997 0.083692
0 0.247458 0.295649 0.064160 0.094841
0 0.269783 0.472788 0.086472 0.097641
0 0.469232 0.073876 0.072531 0.086479
0 0.494336 0.177092 0.061369 0.097641
0 0.594761 0.140820 0.072531 0.069744
0 0.898827 0.020896 0.089263 0.041792
0 0.760747 0.156162 0.025103 0.089266
0 0.737033 0.110135 0.055788 0.069744
0 0.699366 0.216151 0.036266 0.075318
0 0.854190 0.154768 0.044637 0.064156
0 0.865352 0.115722 0.033475 0.080892
0 0.939273 0.179879 0.036266 0.097641
