0 0.028797 0.151196 0.020477 0.027305
0 0.065593 0.173000 0.007999 0.020000
0 0.104814 0.175277 0.007999 0.020000
0 0.263616 0.142478 0.020798 0.023601
0 0.251611 0.169674 0.007999 0.020000
0 0.383616 0.063679 0.007999 0.020000
0 0.345614 0.150077 0.007999 0.020000
0 0.313611 0.114073 0.007999 0.020000
0 0.180412 0.140080 0.007999 0.020000
0 0.199210 0.167275 0.007999 0.020000
0 0.200416 0.137278 0.007999 0.020000
0 0.226014 0.159677 0.007999 0.020000
0 0.942312 0.010643 0.010647 0.021287
0 0.927938 0.055889 0.010647 0.026620
0 0.695282 0.017027 0.010647 0.026620
0 0.643105 0.055889 0.010647 0.026620
0 0.735211 0.075589 0.010647 0.026620
0 0.775674 0.041517 0.010647 0.026620
0 0.742665 0.029269 0.010647 0.026620
0 0.737338 0.011440 0.010647 0.022879
0 0.789515 0.069730 0.010647 0.026620
0 0.811610 0.093159 0.016501 0.031942
