0 0.275694 0.231453 0.031603 0.022002
0 0.367897 0.273852 0.011999 0.023998
0 0.457094 0.256653 0.011999 0.023998
0 0.341893 0.270654 0.011999 0.023998
0 0.235098 0.210250 0.011999 0.023998
0 0.328494 0.286254 0.022798 0.027599
0 0.495096 0.285851 0.029597 0.020397
0 0.531492 0.274856 0.027997 0.023998
0 0.569495 0.242652 0.011999 0.023998
0 0.602697 0.242256 0.011999 0.023998
0 0.690295 0.282653 0.011999 0.023998
0 0.769893 0.299852 0.011999 0.023998
0 0.830693 0.241853 0.011999 0.023998
0 0.749895 0.325052 0.011999 0.023998
0 0.673096 0.316251 0.011999 0.023998
0 0.653092 0.352254 0.011999 0.023998
0 0.641093 0.314652 0.011999 0.023998
0 0.684695 0.337850 0.011999 0.023998
0 0.627695 0.324451 0.024398 0.022399
0 0.710892 0.320856 0.025997 0.031999
0 0.856042 0.201027 0.021198 0.026403
0 0.989907 0.066327 0.012186 0.021299
