0 0.036635 0.672951 0.014174 0.035434
0 0.192747 0.558769 0.009678 0.024202
0 0.075043 0.544992 0.009678 0.024202
0 0.010716 0.542818 0.008799 0.022002
0 0.238197 0.599576 0.008799 0.022002
0 0.037556 0.616295 0.008799 0.022002
0 0.063517 0.646657 0.008799 0.022002
0 0.032278 0.734218 0.013199 0.026403
0 0.328400 0.673059 0.013199 0.026403
0 0.416397 0.667335 0.013199 0.026403
0 0.400556 0.689337 0.013199 0.026403
0 0.453357 0.698138 0.013199 0.026403
0 0.579199 0.686254 0.013199 0.026403
0 0.566437 0.677460 0.013199 0.026403
0 0.779840 0.681419 0.013199 0.026403
0 0.887635 0.695055 0.013199 0.026403
0 0.675117 0.655458 0.013199 0.026403
0 0.987958 0.713098 0.013199 0.026403
0 0.983995 0.657658 0.013199 0.026403
