0 0.142312 0.807977 0.010647 0.026620
0 0.127938 0.855889 0.010647 0.026620
0 0.011610 0.893159 0.016501 0.031942
0 0.287952 0.826263 0.007999 0.020000
0 0.346231 0.916395 0.009678 0.024202
0 0.326869 0.802655 0.009678 0.024202
0 0.383015 0.796848 0.009678 0.024202
0 0.436737 0.771679 0.009678 0.024202
0 0.502561 0.756188 0.009678 0.024202
0 0.488041 0.817660 0.009678 0.024202
0 0.704874 0.765872 0.009678 0.024202
0 0.613883 0.822502 0.009678 0.024202
0 0.923161 0.767810 0.009678 0.024202
0 0.813293 0.736348 0.009678 0.024202
0 0.858301 0.740704 0.009678 0.024202
0 0.863385 0.808220 0.022749 0.021299
0 0.769728 0.793458 0.009678 0.024202
0 0.366823 0.866084 0.027718 0.023320
0 0.538642 0.756745 0.028161 0.023761
0 0.653485 0.780947 0.036081 0.022002
0 0.811003 0.799867 0.029918 0.022002
