0 0.447316 0.879743 0.025200 0.033202
0 0.515320 0.843736 0.026805 0.034805
0 0.505522 0.817542 0.022399 0.033602
0 0.590322 0.709144 0.026396 0.036796
0 0.518919 0.650744 0.025200 0.039201
0 0.527721 0.621538 0.022797 0.031198
0 0.727316 0.592137 0.022797 0.034805
0 0.722123 0.616146 0.026805 0.027603
0 0.719920 0.699538 0.023196 0.028004
0 0.963681 0.399739 0.024635 0.038715
0 0.788998 0.482246 0.027281 0.027725
0 0.221791 0.270199 0.023196 0.037999
0 0.231191 0.188410 0.026805 0.037598
0 0.564081 0.099953 0.027680 0.038339
0 0.687900 0.018564 0.027204 0.028405
