0 0.685364 0.079403 0.026351 0.033384
0 0.991131 0.447901 0.009738 0.036736
0 0.920511 0.429005 0.023960 0.036201
0 0.801520 0.424208 0.027680 0.038339
0 0.848366 0.474788 0.027680 0.038339
0 0.513482 0.437518 0.025554 0.039395
0 0.386509 0.375498 0.027149 0.039929
0 0.343649 0.333966 0.022365 0.035667
0 0.331669 0.363245 0.025023 0.031417
0 0.286949 0.393326 0.028223 0.039395
0 0.268049 0.413825 0.025554 0.031417
0 0.544628 0.509398 0.029285 0.025551
0 0.638408 0.797684 0.023196 0.037197
0 0.639814 0.846892 0.025200 0.041994
0 0.388125 0.987515 0.020240 0.016969
0 0.429047 0.994771 0.030802 0.002457
