0 0.159075 0.718490 0.021601 0.036796
0 0.250076 0.591694 0.025997 0.034404
0 0.246876 0.625491 0.022797 0.029996
0 0.386992 0.543932 0.023196 0.036723
0 0.392794 0.526869 0.027060 0.036080
0 0.454631 0.523639 0.029629 0.041229
0 0.475247 0.484353 0.024480 0.038654
0 0.552961 0.530841 0.022000 0.036396
0 0.648158 0.507050 0.023606 0.037598
0 0.584760 0.487851 0.023196 0.029595
0 0.595566 0.462251 0.020804 0.035995
0 0.628760 0.431648 0.021601 0.030797
0 0.776361 0.438048 0.026396 0.037197
0 0.716761 0.579247 0.024004 0.037999
0 0.807761 0.614051 0.025997 0.034805
0 0.879563 0.662445 0.025598 0.041994
0 0.955561 0.622843 0.029595 0.040403
