0 0.707228 0.879025 0.025964 0.033882
0 0.715587 0.816544 0.023318 0.033882
0 0.769054 0.770130 0.022000 0.043123
0 0.703054 0.730528 0.022875 0.038715
0 0.658832 0.793883 0.024203 0.028162
0 0.407365 0.749230 0.022875 0.033882
0 0.767448 0.403903 0.022399 0.033602
0 0.795051 0.380502 0.029595 0.025199
0 0.794851 0.402701 0.023606 0.028806
0 0.817051 0.432101 0.022399 0.033202
0 0.842450 0.387909 0.025200 0.035995
0 0.881446 0.381509 0.020804 0.035995
0 0.912447 0.431300 0.021203 0.023596
0 0.914451 0.446504 0.038796 0.020402
0 0.973044 0.497303 0.025598 0.034003
