0 0.635957 0.920252 0.022797 0.034805
0 0.632547 0.809656 0.022399 0.036796
0 0.689147 0.773856 0.026805 0.039602
0 0.821147 0.746046 0.026805 0.031999
0 0.686556 0.848250 0.024004 0.034003
0 0.698547 0.848250 0.026396 0.035594
0 0.597150 0.733052 0.026805 0.035594
0 0.598157 0.657055 0.028001 0.037999
0 0.551954 0.692054 0.024403 0.041605
0 0.528548 0.728450 0.025598 0.032801
0 0.896636 0.561785 0.025598 0.033602
0 0.753431 0.588186 0.021601 0.033602
0 0.860630 0.612778 0.025598 0.034003
0 0.805237 0.648384 0.022000 0.034003
0 0.809433 0.666187 0.031201 0.025600
0 0.707228 0.079025 0.025964 0.033882
0 0.715587 0.016742 0.023318 0.033485
0 0.658832 0.003982 0.024203 0.007964
