0 0.046871 0.735630 0.029875 0.028066
0 0.242844 0.728391 0.038021 0.038918
0 0.320242 0.736094 0.040733 0.025343
0 0.396284 0.694905 0.029875 0.031679
0 0.398995 0.660051 0.044356 0.027150
0 0.494942 0.695356 0.022628 0.036209
0 0.531152 0.660503 0.038921 0.029873
0 0.589989 0.653715 0.024440 0.038015
0 0.671571 0.575130 0.038150 0.022440
0 0.686906 0.538844 0.023937 0.044132
0 0.744504 0.513410 0.035906 0.026182
0 0.735528 0.555309 0.041890 0.021692
0 0.881780 0.582614 0.041142 0.034415
0 0.946859 0.632359 0.023189 0.041151
0 0.991445 0.645444 0.009110 0.032918
