0 0.903020 0.974173 0.083970 0.043654
0 0.886957 0.988991 0.032103 0.014018
0 0.858556 0.988994 0.034582 0.014012
0 0.977125 0.267797 0.037749 0.092365
0 0.596931 0.231127 0.038030 0.073352
0 0.546672 0.235199 0.046183 0.059767
0 0.686575 0.657652 0.038030 0.089651
0 0.239676 0.987789 0.046183 0.016421
0 0.162249 0.952416 0.054335 0.070637
0 0.164959 0.827453 0.038030 0.059767
0 0.120143 0.714705 0.035320 0.095092
0 0.166326 0.714705 0.057057 0.122248
0 0.018640 0.612827 0.037280 0.086936
0 0.295366 0.381902 0.048904 0.081507
0 0.359209 0.308551 0.057057 0.076066
0 0.386376 0.262368 0.062488 0.076066
0 0.334762 0.233842 0.029889 0.111391
0 0.414911 0.184932 0.038030 0.078780
0 0.360575 0.046965 0.054335 0.093931
0 0.758534 0.967828 0.067375 0.056344
0 0.575642 0.605166 0.067375 0.129948
0 0.237656 0.829178 0.059670 0.051713
0 0.239652 0.777465 0.063637 0.059666
