0 0.782373 0.679969 0.065742 0.074709
0 0.652862 0.868136 0.041985 0.054338
0 0.688666 0.959237 0.049400 0.073526
0 0.476272 0.561881 0.039518 0.069153
0 0.341668 0.495201 0.041985 0.074087
0 0.163844 0.726126 0.071620 0.096322
0 0.118158 0.534724 0.059270 0.044457
0 0.463922 0.301326 0.044453 0.076561
0 0.470091 0.207477 0.056803 0.056799
0 0.466390 0.248231 0.064218 0.049391
0 0.414522 0.216115 0.039518 0.059272
0 0.383653 0.217358 0.037050 0.071627
0 0.208188 0.077022 0.056803 0.051865
0 0.203241 0.014430 0.046920 0.028861
