0 0.887557 0.245522 0.039518 0.056799
0 0.872739 0.286275 0.024700 0.079034
0 0.848039 0.260349 0.044453 0.056799
0 0.825806 0.280098 0.044453 0.076561
0 0.750485 0.259106 0.037050 0.079034
0 0.722083 0.249225 0.054335 0.049391
0 0.645516 0.220826 0.074088 0.086441
0 0.382488 0.483854 0.041985 0.083968
0 0.347906 0.451751 0.046920 0.074087
0 0.303453 0.380124 0.056803 0.069153
0 0.331854 0.249225 0.064218 0.079034
0 0.292337 0.259106 0.044453 0.064219
0 0.245416 0.513496 0.039518 0.074087
0 0.319504 0.544369 0.093853 0.066680
0 0.520794 0.536962 0.056803 0.061746
