0 0.958173 0.012285 0.057057 0.024570
0 0.791091 0.020434 0.032599 0.040868
0 0.727248 0.049018 0.051614 0.070637
0 0.653898 0.126441 0.057057 0.062481
0 0.743554 0.285372 0.051614 0.070637
0 0.682420 0.326125 0.048904 0.076066
0 0.632162 0.258202 0.057057 0.092365
0 0.527567 0.267715 0.076072 0.062481
0 0.461003 0.222890 0.057057 0.086936
0 0.414821 0.121012 0.062488 0.067923
0 0.720462 0.506796 0.059766 0.078780
0 0.876670 0.288086 0.067919 0.076066
0 0.879392 0.039505 0.040751 0.062481
0 0.522136 0.872197 0.027168 0.059767
0 0.526213 0.835515 0.046183 0.057053
0 0.467801 0.726851 0.054335 0.040754
0 0.534353 0.658928 0.046183 0.040754
0 0.528922 0.600518 0.067919 0.054338
0 0.402592 0.523095 0.059766 0.084222
0 0.334673 0.448374 0.054335 0.065196
0 0.310227 0.388607 0.065197 0.081507
0 0.345547 0.338353 0.076072 0.057053
0 0.376791 0.304398 0.040751 0.076066
0 0.393084 0.252774 0.040751 0.070637
0 0.253182 0.286729 0.076072 0.062481
0 0.039917 0.907509 0.046183 0.059767
0 0.020636 0.768962 0.041272 0.076066
0 0.068440 0.740435 0.038030 0.062481
0 0.200201 0.677941 0.040751 0.051624
0 0.016560 0.077544 0.033119 0.062481
0 0.110546 0.021788 0.051614 0.043577
0 0.247739 0.027278 0.038030 0.054338
0 0.303441 0.021795 0.035320 0.043589
