0 0.972973 0.220471 0.046053 0.061746
0 0.931422 0.325431 0.061750 0.069153
0 0.976675 0.147614 0.038650 0.074087
0 0.737535 0.206886 0.059270 0.069153
0 0.744950 0.321727 0.069153 0.066680
0 0.674563 0.211833 0.056803 0.034577
0 0.504143 0.269862 0.071620 0.061746
0 0.657278 0.047588 0.056803 0.091376
0 0.708698 0.862966 0.071620 0.096322
0 0.386400 0.108458 0.049400 0.049391
0 0.324650 0.176368 0.039518 0.056799
0 0.281431 0.255402 0.051868 0.056799
0 0.412322 0.210945 0.027168 0.066680
0 0.391335 0.204781 0.044453 0.069153
0 0.087557 0.245522 0.039518 0.056799
0 0.072739 0.286275 0.024700 0.079034
0 0.048039 0.260349 0.044453 0.056799
0 0.025806 0.280098 0.044453 0.076561
