0 0.931388 0.460175 0.059766 0.059767
0 0.953124 0.587865 0.070641 0.065196
0 0.811843 0.313472 0.038030 0.076066
0 0.753443 0.344713 0.035320 0.078780
0 0.737138 0.359654 0.035320 0.081507
0 0.696387 0.389538 0.035320 0.081507
0 0.852594 0.380038 0.043473 0.040754
0 0.864823 0.404492 0.057057 0.040754
0 0.572778 0.104287 0.054335 0.059767
0 0.401619 0.363739 0.054335 0.057053
0 0.537457 0.638132 0.048904 0.073352
0 0.819996 0.984824 0.054335 0.022351
0 0.329527 0.979944 0.055884 0.032112
0 0.184883 0.912943 0.049303 0.128197
0 0.217760 0.873496 0.042735 0.101903
0 0.240767 0.843917 0.029587 0.095333
0 0.265418 0.811040 0.052593 0.095333
0 0.017661 0.661470 0.035322 0.085465
0 0.049613 0.432017 0.039518 0.061746
0 0.190399 0.394967 0.039518 0.066680
0 0.017395 0.047970 0.034790 0.059272
