0 0.715514 0.861791 0.049400 0.066680
0 0.684645 0.882783 0.046920 0.074087
0 0.608089 0.840799 0.066685 0.059272
0 0.445083 0.609874 0.041985 0.086441
0 0.461135 0.727188 0.044453 0.064219
0 0.403098 0.988789 0.041985 0.014422
0 0.325297 0.977675 0.044453 0.036650
0 0.293182 0.913656 0.044453 0.071627
0 0.263546 0.955443 0.034582 0.081114
0 0.095606 0.776580 0.064218 0.064219
0 0.011990 0.729662 0.023979 0.069153
0 0.023109 0.829688 0.046218 0.061746
0 0.077087 0.895137 0.041985 0.074087
0 0.094372 0.986316 0.041985 0.019368
0 0.021869 0.950506 0.043738 0.090989
0 0.937802 0.121223 0.076072 0.100521
