0 0.894346 0.180582 0.067919 0.089651
0 0.734049 0.283817 0.051614 0.073352
0 0.804690 0.277018 0.057057 0.086936
0 0.649837 0.211822 0.067919 0.081507
0 0.524861 0.088204 0.057057 0.084222
0 0.461018 0.222680 0.059766 0.065196
0 0.481400 0.275661 0.067919 0.057053
0 0.405329 0.291960 0.051614 0.084222
0 0.329257 0.267505 0.051614 0.084222
0 0.219232 0.173783 0.059766 0.054338
0 0.149958 0.184653 0.046183 0.081507
0 0.640330 0.051535 0.048904 0.097806
0 0.710958 0.029836 0.070641 0.059671
0 0.875802 0.887727 0.051868 0.093849
0 0.805416 0.845743 0.059270 0.098796
