0 0.972968 0.192925 0.046064 0.062481
0 0.966179 0.236393 0.059641 0.105949
0 0.814104 0.877544 0.038030 0.062481
0 0.910546 0.812336 0.051614 0.062481
0 0.884951 0.481562 0.033397 0.068658
0 0.926706 0.689390 0.053815 0.057522
0 0.924843 0.365593 0.031546 0.051954
0 0.919279 0.321059 0.024119 0.055670
0 0.881237 0.254253 0.037111 0.048250
0 0.875673 0.158691 0.037111 0.057522
0 0.850622 0.116022 0.031546 0.072362
0 0.770837 0.027855 0.050102 0.055710
0 0.743923 0.223646 0.037111 0.053806
0 0.732795 0.283020 0.044537 0.057522
0 0.730932 0.377655 0.025982 0.072362
0 0.757846 0.386927 0.035260 0.064942
0 0.680843 0.237560 0.044537 0.074227
0 0.612186 0.360024 0.037111 0.048250
0 0.596413 0.280242 0.042675 0.055670
0 0.511983 0.299725 0.070508 0.050102
0 0.503624 0.385075 0.057529 0.068658
0 0.452603 0.338690 0.051952 0.042682
0 0.454454 0.463944 0.048251 0.063090
0 0.416412 0.528886 0.035260 0.066807
0 0.383946 0.524244 0.037111 0.068658
0 0.612186 0.848967 0.040824 0.072362
0 0.695685 0.797940 0.040824 0.059374
0 0.719804 0.823916 0.037111 0.077930
0 0.704031 0.707947 0.024119 0.042682
0 0.691040 0.628151 0.035260 0.046385
0 0.620532 0.573420 0.035260 0.040817
0 0.598263 0.578988 0.027833 0.044534
0 0.388579 0.421263 0.031546 0.040817
0 0.266119 0.456512 0.035260 0.051954
0 0.136220 0.541875 0.038961 0.048250
0 0.019403 0.396212 0.038805 0.079795
