0 0.978116 0.912943 0.035769 0.128197
0 0.797516 0.661470 0.075612 0.085465
0 0.730117 0.705851 0.039445 0.101903
0 0.553249 0.904978 0.059270 0.074087
0 0.507551 0.783960 0.066685 0.059272
0 0.449514 0.782729 0.059270 0.061746
0 0.501382 0.666645 0.044453 0.086441
0 0.267989 0.856816 0.037050 0.056799
0 0.243289 0.779025 0.056803 0.069153
0 0.169189 0.592558 0.066685 0.076561
0 0.703905 0.459186 0.049400 0.061746
0 0.849613 0.432017 0.039518 0.061746
0 0.983320 0.394967 0.025360 0.066680
0 0.797746 0.047970 0.074088 0.059272
0 0.027182 0.183803 0.049400 0.088915
0 0.321091 0.273949 0.054335 0.066680
0 0.342077 0.381382 0.051868 0.074087
0 0.533484 0.475244 0.044453 0.069153
