0 0.370983 0.959760 0.056803 0.064219
0 0.568571 0.915302 0.032103 0.059272
0 0.727864 0.930117 0.039518 0.059272
0 0.253676 0.881956 0.029635 0.081507
0 0.103020 0.974173 0.083970 0.043654
0 0.086957 0.988991 0.032103 0.014018
0 0.058556 0.988994 0.034582 0.014012
0 0.987893 0.877022 0.016213 0.051865
0 0.987890 0.797988 0.016219 0.061746
0 0.967437 0.744880 0.049400 0.069153
0 0.710578 0.513968 0.069153 0.076561
0 0.522873 0.395411 0.083970 0.076561
0 0.310394 0.324849 0.038030 0.081507
0 0.298165 0.227043 0.046183 0.059767
0 0.193571 0.267797 0.070641 0.092365
0 0.284884 0.741671 0.043751 0.075571
