0 0.991495 0.340877 0.009009 0.061746
0 0.767182 0.008045 0.064218 0.016090
0 0.820284 0.030280 0.051868 0.060560
0 0.877087 0.095137 0.041985 0.074087
0 0.894372 0.211208 0.041985 0.069153
0 0.856088 0.232200 0.059270 0.081507
0 0.817804 0.151936 0.051868 0.093849
0 0.705432 0.144528 0.034582 0.064219
0 0.710367 0.212451 0.029635 0.071627
0 0.699263 0.376684 0.032103 0.069153
0 0.668382 0.360626 0.049400 0.066680
0 0.726431 0.632304 0.061750 0.066680
0 0.744950 0.681696 0.034582 0.061746
0 0.816570 0.774314 0.049400 0.074087
0 0.398605 0.258202 0.054335 0.086936
0 0.575195 0.429360 0.059766 0.092365
0 0.509985 0.470114 0.054335 0.086936
0 0.408113 0.448374 0.046183 0.070637
0 0.374159 0.408990 0.043473 0.084222
0 0.462448 0.452458 0.040751 0.078780
0 0.158173 0.012285 0.057057 0.024570
0 0.076670 0.288086 0.067919 0.076066
0 0.079392 0.039505 0.040751 0.062481
0 0.414911 0.970771 0.038030 0.050458
0 0.360575 0.846385 0.054335 0.095092
