0 0.665958 0.028689 0.076072 0.057378
0 0.552014 0.292089 0.059766 0.059767
0 0.293921 0.146743 0.059766 0.084222
0 0.287135 0.072034 0.078781 0.092365
0 0.224647 0.142659 0.062488 0.065196
0 0.179820 0.192925 0.059766 0.062481
0 0.168957 0.236393 0.065197 0.105949
0 0.245029 0.296160 0.043473 0.062481
0 0.455572 0.364083 0.067919 0.078780
0 0.461003 0.558326 0.057057 0.070637
0 0.958173 0.790608 0.057057 0.067923
0 0.797889 0.753926 0.035320 0.054338
0 0.791091 0.806907 0.032599 0.067923
0 0.856288 0.759367 0.054335 0.065196
0 0.795167 0.700958 0.040751 0.062481
0 0.825057 0.680574 0.040751 0.086936
0 0.647100 0.561040 0.043473 0.076066
0 0.619933 0.593638 0.032599 0.086936
0 0.558811 0.638476 0.046183 0.095092
0 0.584624 0.751212 0.038030 0.070637
0 0.727248 0.849018 0.051614 0.070637
0 0.653898 0.926441 0.057057 0.062481
0 0.414821 0.921012 0.062488 0.067923
0 0.879392 0.839505 0.040751 0.062481
0 0.016560 0.877544 0.033119 0.062481
0 0.110546 0.812336 0.051614 0.062481
0 0.247739 0.827278 0.038030 0.054338
0 0.303441 0.801478 0.035320 0.084222
0 0.264044 0.774309 0.048904 0.046182
0 0.512665 0.718157 0.031546 0.051954
0 0.481119 0.699600 0.024119 0.040817
0 0.465346 0.664339 0.033397 0.048250
0 0.426372 0.661561 0.029684 0.038965
0 0.407817 0.687538 0.044537 0.057522
0 0.358647 0.697736 0.042675 0.051954
0 0.084951 0.481562 0.033397 0.068658
0 0.126706 0.689390 0.053815 0.057522
0 0.124843 0.365593 0.031546 0.051954
0 0.119279 0.321059 0.024119 0.055670
0 0.081237 0.254253 0.037111 0.048250
0 0.075673 0.158691 0.037111 0.057522
0 0.050622 0.116022 0.031546 0.072362
