0 0.962017 0.726126 0.067966 0.096322
0 0.918158 0.534724 0.059270 0.044457
0 0.190692 0.947614 0.066685 0.074087
0 0.683411 0.393145 0.074088 0.056799
0 0.520405 0.362273 0.064218 0.079034
0 0.262313 0.663594 0.046920 0.059272
0 0.203042 0.700631 0.056803 0.074087
0 0.183277 0.622840 0.051868 0.066680
0 0.224029 0.535155 0.044453 0.049391
0 0.207977 0.503052 0.032103 0.059272
0 0.227742 0.275831 0.046920 0.064219
0 0.370983 0.159760 0.056803 0.064219
0 0.568571 0.115302 0.032103 0.059272
0 0.727864 0.130117 0.039518 0.059272
0 0.253676 0.081956 0.029635 0.081507
0 0.103020 0.174575 0.083970 0.044457
0 0.086957 0.205448 0.032103 0.046931
0 0.058556 0.207921 0.034582 0.051865
0 0.987893 0.077022 0.016213 0.051865
