0 0.953853 0.764434 0.071620 0.074087
0 0.921738 0.689116 0.056803 0.056799
0 0.945204 0.582913 0.064218 0.071627
0 0.831599 0.581670 0.054335 0.059272
0 0.621673 0.347054 0.039518 0.059272
0 0.768615 0.327292 0.056803 0.054338
0 0.715514 0.061791 0.049400 0.066680
0 0.684645 0.082783 0.046920 0.074087
0 0.608089 0.040799 0.066685 0.059272
0 0.485835 0.274184 0.054335 0.051865
0 0.403098 0.212451 0.041985 0.061746
0 0.211691 0.340877 0.049400 0.061746
0 0.325297 0.192690 0.044453 0.066680
0 0.293182 0.113656 0.044453 0.071627
0 0.263546 0.155640 0.034582 0.081507
0 0.023109 0.030280 0.046218 0.060560
0 0.077087 0.095137 0.041985 0.074087
0 0.094372 0.211208 0.041985 0.069153
0 0.056088 0.232200 0.059270 0.081507
0 0.021869 0.151936 0.043738 0.093849
0 0.020635 0.774314 0.041270 0.074087
