0 0.914757 0.486619 0.065742 0.044825
0 0.868442 0.388001 0.044828 0.074709
0 0.952110 0.281912 0.062754 0.077702
0 0.774298 0.367085 0.059766 0.044825
0 0.491893 0.416400 0.074705 0.089651
0 0.714532 0.317782 0.041840 0.041832
0 0.784762 0.171346 0.062754 0.059767
0 0.620401 0.187784 0.056779 0.074709
0 0.487418 0.081695 0.053791 0.083676
0 0.394774 0.249048 0.059766 0.059767
0 0.444078 0.326737 0.050803 0.059767
0 0.415688 0.142959 0.041840 0.062760
0 0.344346 0.406494 0.066685 0.083968
0 0.349281 0.194101 0.066685 0.054338
