0 0.972908 0.903514 0.029684 0.064942
0 0.873636 0.717959 0.031546 0.064942
0 0.890340 0.576013 0.042675 0.044534
0 0.783641 0.512923 0.051952 0.070510
0 0.931164 0.363543 0.027833 0.083499
0 0.595307 0.434053 0.057529 0.061238
0 0.674161 0.572296 0.040824 0.048250
0 0.697361 0.705897 0.035260 0.066807
0 0.592525 0.648375 0.063093 0.029693
0 0.486757 0.555604 0.051952 0.059374
0 0.413455 0.460030 0.064943 0.057522
0 0.353145 0.418287 0.051952 0.048250
0 0.336452 0.371902 0.025982 0.070510
0 0.298410 0.817237 0.027833 0.066807
0 0.963630 0.682711 0.051952 0.038965
0 0.934878 0.660438 0.046388 0.031545
