0 0.976675 0.947614 0.038650 0.074087
0 0.737535 0.984155 0.059270 0.023690
0 0.657278 0.847588 0.056803 0.091376
0 0.985320 0.700631 0.021359 0.074087
0 0.976672 0.622840 0.038656 0.066680
0 0.993963 0.503052 0.004074 0.059272
0 0.903020 0.174575 0.083970 0.044457
0 0.886957 0.205448 0.032103 0.046931
0 0.858556 0.207921 0.034582 0.051865
0 0.239676 0.213540 0.046183 0.067923
0 0.162249 0.152416 0.054335 0.070637
0 0.126929 0.239352 0.048904 0.059767
0 0.140513 0.308632 0.054335 0.051624
0 0.189417 0.284177 0.038030 0.067923
0 0.164959 0.270593 0.038030 0.062481
0 0.164959 0.028668 0.038030 0.057336
0 0.386400 0.908458 0.049400 0.049391
0 0.324650 0.971984 0.039518 0.048031
0 0.412322 0.986803 0.027168 0.018395
0 0.391335 0.983102 0.044453 0.025796
0 0.758534 0.192599 0.067375 0.105886
0 0.237656 0.029178 0.059670 0.051713
