0 0.904943 0.852486 0.074088 0.044901
0 0.756755 0.868201 0.056125 0.076332
0 0.629904 0.801966 0.044900 0.060617
0 0.541217 0.706544 0.051638 0.053882
0 0.452529 0.708789 0.062863 0.080835
0 0.657967 0.416905 0.047150 0.071842
0 0.210040 0.557228 0.053888 0.069597
0 0.269540 0.928818 0.047150 0.062862
0 0.251578 0.435994 0.033675 0.083080
0 0.142678 0.597652 0.026938 0.060617
0 0.020617 0.031891 0.041234 0.063782
0 0.033076 0.207682 0.053065 0.063280
0 0.055526 0.308723 0.048989 0.085731
0 0.223914 0.390370 0.034703 0.057154
0 0.099410 0.481200 0.022450 0.055112
0 0.118800 0.510792 0.028571 0.053070
0 0.101454 0.525087 0.026539 0.065310
0 0.104515 0.711846 0.028571 0.071436
0 0.067779 0.718987 0.024494 0.069394
0 0.054510 0.664902 0.034703 0.059196
0 0.047361 0.621016 0.024494 0.053070
0 0.067779 0.889422 0.040824 0.063280
