0 0.781506 0.981638 0.048904 0.028724
0 0.691850 0.961847 0.054335 0.048897
0 0.839917 0.907509 0.046183 0.059767
0 0.818181 0.768962 0.046183 0.076066
0 0.868440 0.740435 0.038030 0.062481
0 0.987913 0.677941 0.016174 0.051624
0 0.814104 0.077544 0.038030 0.062481
0 0.910546 0.021788 0.051614 0.043577
0 0.612186 0.048967 0.040824 0.072362
0 0.695685 0.013813 0.040824 0.027626
0 0.719804 0.031441 0.037111 0.062882
0 0.490222 0.810743 0.037111 0.064942
0 0.172908 0.903514 0.029684 0.064942
0 0.073636 0.717959 0.031546 0.064942
0 0.090340 0.576013 0.042675 0.044534
0 0.131164 0.363543 0.027833 0.083499
0 0.163630 0.682711 0.051952 0.038965
0 0.134878 0.660438 0.046388 0.031545
0 0.218401 0.260118 0.051868 0.079034
