0 0.445170 0.426220 0.051614 0.067923
0 0.373175 0.534884 0.059766 0.062481
0 0.620405 0.765809 0.048904 0.084222
0 0.286241 0.454746 0.048904 0.076066
0 0.294393 0.374596 0.043473 0.062481
0 0.131388 0.460175 0.059766 0.059767
0 0.153124 0.587865 0.070641 0.065196
0 0.015429 0.313472 0.030858 0.076066
0 0.052594 0.380038 0.043473 0.040754
0 0.064823 0.404492 0.057057 0.040754
0 0.023582 0.984824 0.047163 0.022351
0 0.322916 0.980750 0.051614 0.030501
0 0.632404 0.360682 0.046025 0.075609
0 0.609397 0.437940 0.052593 0.085465
