0 0.180820 0.028629 0.061339 0.035385
0 0.306473 0.200280 0.054238 0.057093
0 0.082504 0.293935 0.028317 0.077866
0 0.010579 0.427249 0.021159 0.061351
0 0.010498 0.580933 0.020995 0.056545
0 0.173091 0.547790 0.042892 0.064351
0 0.215015 0.519517 0.040945 0.046803
0 0.212088 0.554612 0.027301 0.042900
0 0.233534 0.566305 0.031196 0.058496
0 0.434376 0.378139 0.038998 0.052642
0 0.424627 0.395686 0.050694 0.040949
0 0.418772 0.406412 0.042892 0.035095
0 0.192589 0.656976 0.031196 0.060448
0 0.153592 0.747648 0.058496 0.035095
0 0.237429 0.826627 0.058496 0.044852
0 0.301780 0.683297 0.027301 0.066302
0 0.337850 0.648202 0.064351 0.027305
0 0.331028 0.681346 0.027301 0.042900
0 0.347600 0.721327 0.040945 0.033143
0 0.332008 0.734971 0.040945 0.048755
0 0.471426 0.780807 0.035103 0.050690
0 0.465572 0.807128 0.042892 0.048755
0 0.167236 0.925088 0.042892 0.054593
0 0.102885 0.915347 0.038998 0.058496
0 0.105813 0.942635 0.044852 0.038998
0 0.370026 0.677459 0.042892 0.023402
0 0.371973 0.694022 0.050694 0.033143
0 0.528991 0.459698 0.054601 0.033143
0 0.526064 0.481149 0.044852 0.033143
0 0.562134 0.495777 0.023394 0.046803
