0 0.749005 0.017098 0.029006 0.034195
0 0.729676 0.035808 0.048348 0.041901
0 0.409785 0.009038 0.037062 0.018076
0 0.101180 0.038227 0.048348 0.037062
0 0.449266 0.148607 0.058012 0.035449
0 0.347745 0.197766 0.045118 0.056400
0 0.227692 0.287195 0.037062 0.054787
0 0.643456 0.231602 0.033845 0.046739
0 0.570130 0.271890 0.051565 0.049965
0 0.505670 0.254972 0.035453 0.035449
0 0.803800 0.267052 0.035453 0.043513
0 0.840862 0.259004 0.054795 0.043513
0 0.677591 0.614449 0.035163 0.061528
0 0.776487 0.595401 0.033699 0.052739
0 0.314275 0.593208 0.061532 0.033691
0 0.192674 0.442314 0.038090 0.051271
0 0.764029 0.452572 0.041018 0.030772
0 0.775750 0.465023 0.049811 0.020515
0 0.785269 0.462087 0.051275 0.026369
0 0.205193 0.831612 0.026587 0.051400
0 0.477293 0.974524 0.035453 0.042952
0 0.774165 0.899898 0.031921 0.048432
0 0.749949 0.906494 0.036324 0.059432
0 0.736740 0.979866 0.034123 0.032267
0 0.676756 0.970894 0.033022 0.036320
0 0.659144 0.986475 0.057238 0.019050
0 0.112889 0.977971 0.035961 0.036057
