0 0.639730 0.247037 0.040110 0.061351
0 0.298792 0.353208 0.037752 0.066060
0 0.036902 0.116078 0.061339 0.030675
0 0.031430 0.133787 0.062860 0.047191
0 0.180820 0.828629 0.061339 0.035385
0 0.114764 0.498312 0.037752 0.058980
0 0.078185 0.460556 0.054263 0.040110
0 0.056957 0.475894 0.044828 0.047191
0 0.040446 0.490054 0.035393 0.061351
0 0.016089 0.257650 0.032178 0.035385
0 0.014910 0.276519 0.029819 0.030675
0 0.306473 0.983866 0.054238 0.024267
0 0.447041 0.719975 0.035393 0.056625
0 0.432876 0.740038 0.025958 0.058980
0 0.454117 0.782503 0.025958 0.063706
0 0.485966 0.781326 0.047186 0.070786
0 0.097430 0.294067 0.056730 0.030143
0 0.100974 0.263053 0.042542 0.028369
0 0.124017 0.275455 0.056730 0.028369
