0 0.791251 0.080079 0.028196 0.039110
0 0.426025 0.079627 0.030929 0.041836
0 0.834011 0.126479 0.026381 0.057303
0 0.813085 0.136930 0.035478 0.045481
0 0.692100 0.224715 0.026381 0.035482
0 0.850377 0.205151 0.050029 0.029111
0 0.820366 0.212441 0.039118 0.043658
0 0.888128 0.260196 0.054577 0.040933
0 0.705600 0.254068 0.035961 0.049271
0 0.785687 0.929186 0.037062 0.043513
0 0.661268 0.396268 0.038018 0.029014
0 0.652256 0.414783 0.038018 0.032014
0 0.594220 0.414283 0.058037 0.035014
0 0.545195 0.518841 0.030022 0.046029
0 0.497669 0.543856 0.043025 0.040030
0 0.404603 0.676444 0.041030 0.047029
