0 0.785687 0.129186 0.037062 0.043513
0 0.392035 0.323319 0.055763 0.060061
0 0.676243 0.469180 0.057916 0.042900
0 0.515378 0.488485 0.053622 0.051481
0 0.449576 0.496082 0.054795 0.033837
0 0.510818 0.575851 0.035453 0.058012
0 0.665526 0.744243 0.035453 0.066076
0 0.597038 0.786950 0.037062 0.058012
0 0.046706 0.710407 0.058012 0.024176
0 0.071685 0.728131 0.024168 0.059625
0 0.186101 0.828851 0.037062 0.045126
0 0.319858 0.841753 0.069298 0.035449
0 0.176436 0.891702 0.056404 0.038675
0 0.345635 0.926344 0.059621 0.040288
0 0.292461 0.967216 0.046739 0.057568
