0 0.237429 0.026627 0.058496 0.044852
0 0.465572 0.015753 0.042892 0.031505
0 0.167236 0.125088 0.042892 0.054593
0 0.102885 0.115347 0.038998 0.058496
0 0.105813 0.142635 0.044852 0.038998
0 0.569936 0.398716 0.027301 0.052642
0 0.551417 0.450390 0.033143 0.050690
0 0.580665 0.758483 0.068246 0.046803
0 0.325222 0.385071 0.040945 0.052642
0 0.313525 0.399699 0.037050 0.038998
0 0.298901 0.458196 0.035103 0.050690
0 0.346668 0.404570 0.029248 0.029256
0 0.333024 0.429923 0.033143 0.037046
0 0.362272 0.433810 0.033143 0.029256
0 0.017828 0.687310 0.035656 0.064351
0 0.062956 0.745806 0.031196 0.052642
0 0.244300 0.719485 0.038998 0.062399
0 0.217979 0.655135 0.037050 0.046803
0 0.244300 0.658054 0.054601 0.029256
0 0.358365 0.715582 0.040945 0.054593
0 0.368114 0.655135 0.037050 0.038998
0 0.377864 0.675601 0.040945 0.029256
0 0.382738 0.698035 0.046799 0.031192
0 0.770778 0.765305 0.066298 0.048755
0 0.729833 0.766273 0.031196 0.046803
0 0.700585 0.767257 0.035103 0.040949
0 0.466588 0.979610 0.035103 0.032780
0 0.457818 0.984489 0.029248 0.023023
