0 0.034011 0.126479 0.026381 0.057303
0 0.015412 0.136930 0.030823 0.045481
0 0.050377 0.205151 0.050029 0.029111
0 0.020366 0.212441 0.039118 0.043658
0 0.088128 0.260196 0.054577 0.040933
0 0.618114 0.086256 0.025305 0.054609
0 0.768613 0.236085 0.062597 0.037288
0 0.502912 0.191475 0.045287 0.041288
0 0.568847 0.243407 0.035961 0.057271
0 0.448976 0.364609 0.059936 0.051948
0 0.575258 0.833305 0.049545 0.044836
0 0.368804 0.762519 0.066068 0.035385
0 0.433687 0.813967 0.043509 0.025789
0 0.394205 0.830079 0.054795 0.035449
