0 0.597038 0.007978 0.037062 0.015956
0 0.186101 0.028851 0.037062 0.045126
0 0.319858 0.041753 0.069298 0.035449
0 0.176436 0.091702 0.056404 0.038675
0 0.345635 0.126344 0.059621 0.040288
0 0.292461 0.171471 0.046739 0.066076
0 0.497923 0.227870 0.041901 0.046739
0 0.446358 0.272190 0.054795 0.038675
0 0.653442 0.327783 0.043509 0.053174
0 0.918695 0.515384 0.026635 0.053271
0 0.789497 0.405504 0.055932 0.033288
0 0.808150 0.428809 0.055932 0.023966
0 0.810811 0.448792 0.066588 0.026643
0 0.409937 0.581315 0.050610 0.035965
0 0.109860 0.366281 0.056404 0.045126
0 0.108239 0.480709 0.046739 0.048352
0 0.228679 0.266368 0.030627 0.046610
0 0.174065 0.285012 0.051940 0.027966
0 0.204039 0.293656 0.031970 0.039949
0 0.184056 0.301656 0.039953 0.034627
0 0.203374 0.265690 0.033300 0.031966
0 0.026299 0.551237 0.052597 0.031482
0 0.029933 0.562736 0.059867 0.030272
