0 0.494421 0.028378 0.038623 0.056755
0 0.121005 0.030450 0.040292 0.060900
0 0.396576 0.283281 0.046739 0.048352
0 0.532741 0.285700 0.038671 0.059625
0 0.476337 0.472640 0.051565 0.043513
0 0.418325 0.404144 0.061242 0.035449
0 0.422353 0.430739 0.033845 0.053174
0 0.365151 0.498429 0.054795 0.053174
0 0.010948 0.612034 0.021897 0.054787
0 0.318412 0.624114 0.045118 0.046739
0 0.373207 0.603180 0.048348 0.049965
0 0.758307 0.655499 0.051940 0.035965
0 0.764972 0.637533 0.043945 0.026643
0 0.717689 0.732752 0.069250 0.038627
0 0.372747 0.706109 0.021313 0.046610
0 0.400713 0.720769 0.050610 0.030627
0 0.370086 0.734752 0.039953 0.042626
0 0.230909 0.730753 0.062597 0.034627
0 0.226918 0.762718 0.022644 0.042626
0 0.251557 0.772701 0.039953 0.057271
0 0.287507 0.831311 0.047949 0.030627
0 0.302832 0.845294 0.067919 0.034627
0 0.105716 0.902564 0.030627 0.058593
