0 0.511677 0.014898 0.070072 0.029796
0 0.736178 0.140095 0.051904 0.064883
0 0.664800 0.143982 0.059694 0.041530
0 0.581749 0.263378 0.049315 0.041530
0 0.971046 0.310085 0.044126 0.057093
0 0.657010 0.451543 0.059694 0.033740
0 0.660905 0.471010 0.046715 0.041530
0 0.262523 0.034989 0.023357 0.067480
0 0.009927 0.141386 0.019853 0.031143
0 0.448088 0.351614 0.051904 0.057093
0 0.389688 0.341228 0.033736 0.062286
0 0.646632 0.543666 0.049315 0.062286
0 0.516866 0.529393 0.059694 0.049319
0 0.887306 0.782990 0.036469 0.064351
0 0.318903 0.568504 0.070786 0.034320
0 0.615980 0.767975 0.051481 0.034320
0 0.482985 0.724010 0.025740 0.062206
0 0.475485 0.689689 0.040751 0.053626
0 0.322120 0.749750 0.060057 0.036465
0 0.220236 0.737944 0.032175 0.055771
0 0.294239 0.767975 0.047186 0.042900
0 0.279228 0.777635 0.060057 0.032175
0 0.277075 0.798005 0.042892 0.038610
0 0.725364 0.621049 0.055763 0.045046
0 0.745746 0.638209 0.049327 0.023595
0 0.836902 0.916078 0.061339 0.030675
0 0.829826 0.933787 0.066068 0.047191
0 0.365025 0.912546 0.042469 0.051900
0 0.357936 0.987307 0.028317 0.017386
0 0.386253 0.987303 0.028317 0.017394
0 0.368557 0.975506 0.025958 0.040989
