0 0.205193 0.031612 0.026587 0.051400
0 0.477293 0.180522 0.035453 0.054948
0 0.774165 0.099898 0.031921 0.048432
0 0.749949 0.106494 0.036324 0.059432
0 0.736740 0.200053 0.034123 0.072641
0 0.676756 0.170894 0.033022 0.036320
0 0.659144 0.192908 0.057238 0.031917
0 0.745546 0.404233 0.038526 0.049529
0 0.737296 0.356898 0.041828 0.042933
0 0.757098 0.366817 0.026418 0.040723
0 0.413692 0.331593 0.057238 0.040723
0 0.234829 0.320578 0.047332 0.034127
0 0.487986 0.479084 0.056138 0.036320
0 0.513303 0.522000 0.069346 0.025321
0 0.676756 0.622171 0.055037 0.042933
0 0.112889 0.187247 0.035961 0.054609
0 0.190134 0.329077 0.038623 0.066593
0 0.294680 0.496228 0.058605 0.051948
0 0.459826 0.694005 0.037292 0.061270
0 0.533080 0.697989 0.031970 0.055932
0 0.206790 0.783903 0.071923 0.030627
0 0.822428 0.977623 0.077995 0.036754
0 0.667321 0.960133 0.030131 0.069141
0 0.513980 0.941522 0.053174 0.042546
