0 0.287507 0.031311 0.047949 0.030627
0 0.302832 0.045294 0.067919 0.034627
0 0.105716 0.102564 0.030627 0.058593
0 0.589568 0.279053 0.066068 0.024176
0 0.585540 0.311277 0.048348 0.056400
0 0.389742 0.308051 0.043509 0.056400
0 0.205218 0.267763 0.061242 0.030611
0 0.077109 0.284681 0.033845 0.054787
0 0.065025 0.241991 0.038671 0.049965
0 0.136730 0.361241 0.046739 0.053174
0 0.110143 0.362047 0.025789 0.051561
0 0.284991 0.461154 0.040292 0.078963
0 0.253565 0.621499 0.038671 0.058012
0 0.191525 0.590872 0.043509 0.061238
0 0.093136 0.743184 0.024555 0.049126
0 0.099051 0.765457 0.029103 0.046400
0 0.034011 0.926479 0.026381 0.057303
0 0.015412 0.936930 0.030823 0.045481
0 0.050377 0.993298 0.050029 0.005404
0 0.618114 0.886256 0.025305 0.054609
0 0.502912 0.983416 0.045287 0.025169
