0 0.692142 0.031090 0.051408 0.035449
0 0.627441 0.049702 0.063818 0.040772
0 0.417381 0.013771 0.044320 0.027542
0 0.302155 0.019093 0.051408 0.038187
0 0.363312 0.021754 0.060274 0.043509
0 0.356224 0.051476 0.038998 0.044320
0 0.410281 0.061234 0.058496 0.042546
0 0.137020 0.073781 0.059621 0.035449
0 0.178921 0.106811 0.030615 0.049965
0 0.263532 0.183355 0.051565 0.058012
0 0.411781 0.313089 0.061242 0.053174
0 0.453681 0.325975 0.054795 0.056400
0 0.850672 0.534461 0.047949 0.045287
0 0.598967 0.409937 0.063927 0.027966
0 0.600962 0.434565 0.046618 0.026643
0 0.540361 0.421920 0.026635 0.049271
0 0.558348 0.435903 0.030627 0.042626
0 0.567662 0.437226 0.030627 0.047949
0 0.555675 0.451886 0.030627 0.037288
0 0.568993 0.657647 0.025305 0.057271
0 0.200077 0.619021 0.046618 0.035965
0 0.188767 0.638342 0.034631 0.050610
0 0.393867 0.712918 0.021313 0.053271
0 0.377211 0.740884 0.041284 0.058593
0 0.494421 0.825459 0.038623 0.062593
0 0.121005 0.830281 0.040292 0.061238
