0 0.981785 0.028851 0.028430 0.045126
0 0.972117 0.091702 0.047766 0.038675
0 0.720497 0.026017 0.029006 0.052035
0 0.528739 0.297801 0.041901 0.049965
0 0.909860 0.366281 0.056404 0.045126
0 0.908239 0.480709 0.046739 0.048352
0 0.772872 0.395295 0.030615 0.041901
0 0.751922 0.398521 0.037062 0.051561
0 0.759990 0.468613 0.020950 0.053174
0 0.776900 0.463774 0.022559 0.049965
0 0.539214 0.660391 0.037062 0.056400
0 0.589170 0.670052 0.046739 0.056400
0 0.689882 0.755465 0.045118 0.033837
0 0.706078 0.270077 0.041284 0.046610
0 0.667456 0.248772 0.033300 0.027966
0 0.638159 0.239450 0.025305 0.046610
0 0.972047 0.285012 0.047905 0.027966
0 0.992027 0.293656 0.007946 0.039949
0 0.980040 0.301656 0.031920 0.034627
0 0.991362 0.265690 0.009276 0.031966
0 0.824147 0.551237 0.056900 0.031482
0 0.823542 0.562736 0.072649 0.030272
