0 0.987799 0.631115 0.016402 0.060803
0 0.846603 0.319522 0.037994 0.075995
0 0.622415 0.277719 0.045602 0.053190
0 0.402014 0.220722 0.045602 0.060803
0 0.317028 0.401565 0.028547 0.067480
0 0.298860 0.409339 0.038925 0.067480
0 0.375415 0.675370 0.031147 0.064883
0 0.511677 0.812926 0.070072 0.033740
0 0.631064 0.766203 0.054505 0.038933
0 0.764725 0.741544 0.031147 0.062286
0 0.736178 0.940095 0.051904 0.064883
0 0.664800 0.943982 0.059694 0.041530
0 0.628463 0.437902 0.059694 0.051900
0 0.336490 0.627357 0.057093 0.046723
0 0.108094 0.411936 0.031147 0.062286
0 0.011227 0.705223 0.022454 0.036336
0 0.020308 0.771397 0.040616 0.044126
0 0.262523 0.834989 0.023357 0.067480
0 0.009927 0.941386 0.019853 0.031143
0 0.586938 0.082328 0.049315 0.072673
0 0.571370 0.044701 0.049315 0.038933
0 0.563580 0.034315 0.049315 0.028547
0 0.642833 0.636405 0.025692 0.054238
0 0.658534 0.660678 0.057093 0.028547
0 0.669953 0.670661 0.051384 0.037111
