0 0.732767 0.496638 0.030154 0.032235
0 0.789437 0.434238 0.031204 0.040554
0 0.794638 0.481555 0.027041 0.039513
0 0.704689 0.592313 0.053032 0.030152
0 0.633454 0.610508 0.031204 0.027040
0 0.615765 0.637548 0.024953 0.027040
0 0.880960 0.431114 0.020802 0.028082
0 0.876273 0.416044 0.026003 0.022874
0 0.899676 0.387448 0.027041 0.032235
0 0.886149 0.264205 0.041593 0.024957
0 0.993594 0.304771 0.004813 0.035359
0 0.960496 0.359673 0.033386 0.023438
0 0.968655 0.367845 0.032671 0.026991
0 0.927003 0.265565 0.026683 0.030569
0 0.950286 0.251732 0.038325 0.024259
