0 0.004079 0.481555 0.008158 0.039513
0 0.080960 0.431114 0.020802 0.028082
0 0.076273 0.416044 0.026003 0.022874
0 0.099676 0.387448 0.027041 0.032235
0 0.086149 0.264205 0.041593 0.024957
0 0.204189 0.304771 0.026003 0.035359
0 0.253583 0.327646 0.024953 0.035359
0 0.302976 0.319327 0.026003 0.033276
0 0.290500 0.362478 0.026003 0.038484
0 0.276460 0.428516 0.033279 0.027040
0 0.235380 0.364561 0.034317 0.025999
0 0.250469 0.372366 0.024953 0.035359
0 0.239543 0.403045 0.021840 0.028082
0 0.230335 0.270723 0.038372 0.023818
0 0.257018 0.253742 0.023820 0.031316
0 0.327357 0.218456 0.025144 0.029552
0 0.419978 0.263886 0.022496 0.033963
0 0.160496 0.359673 0.033386 0.023438
0 0.168655 0.367845 0.032671 0.026991
0 0.576903 0.626350 0.028627 0.033963
0 0.609168 0.626595 0.021351 0.036388
0 0.676108 0.635808 0.030082 0.032505
0 0.438633 0.606697 0.022806 0.034440
0 0.450526 0.616891 0.020373 0.029589
0 0.621776 0.714637 0.022317 0.027163
0 0.726563 0.778201 0.025228 0.026195
0 0.748642 0.786446 0.030560 0.026195
0 0.912616 0.820642 0.024739 0.037356
0 0.928874 0.841997 0.022317 0.022801
0 0.927658 0.865766 0.024739 0.032505
0 0.941482 0.879586 0.021351 0.032014
0 0.127003 0.265565 0.026683 0.030569
0 0.150286 0.251732 0.038325 0.024259
0 0.299708 0.269682 0.023773 0.027163
0 0.324697 0.247616 0.025228 0.027653
0 0.325425 0.264830 0.026683 0.022311
0 0.368115 0.285695 0.025717 0.021343
