0 0.975006 0.379082 0.041987 0.094803
0 0.814601 0.353978 0.100376 0.111529
0 0.675195 0.150452 0.066921 0.094803
0 0.736529 0.507338 0.044606 0.061336
0 0.722589 0.560310 0.039030 0.055765
0 0.675195 0.657891 0.044606 0.094803
0 0.664043 0.710864 0.033455 0.078062
0 0.767207 0.839120 0.050182 0.066920
0 0.697498 0.889313 0.055758 0.089218
0 0.418686 0.978902 0.078072 0.034195
0 0.460505 0.936715 0.083648 0.105945
0 0.575375 0.426095 0.046087 0.071222
0 0.516713 0.453323 0.046087 0.067027
0 0.472732 0.455421 0.041899 0.087976
0 0.122904 0.304600 0.054462 0.104742
0 0.135467 0.907897 0.062849 0.096366
0 0.099861 0.796875 0.058650 0.075417
0 0.014318 0.880669 0.028636 0.092171
