0 0.922904 0.304600 0.054462 0.104742
0 0.700856 0.113966 0.062849 0.117314
0 0.935467 0.907897 0.062849 0.096366
0 0.899861 0.796875 0.058650 0.075417
0 0.799311 0.880669 0.058650 0.092171
0 0.730181 0.599962 0.062849 0.083794
0 0.623339 0.719361 0.033512 0.087976
0 0.594014 0.690036 0.025137 0.079599
0 0.535364 0.874377 0.041899 0.087976
0 0.491371 0.842954 0.062849 0.092171
0 0.422241 0.671185 0.050275 0.075417
0 0.260948 0.815726 0.062849 0.087976
0 0.177150 0.870195 0.037712 0.071222
0 0.177150 0.945599 0.062849 0.071222
0 0.105926 0.982326 0.071224 0.027348
