0 0.977147 0.870195 0.037706 0.071222
0 0.970863 0.945599 0.050275 0.071222
0 0.905926 0.982326 0.071224 0.027348
0 0.614759 0.926748 0.058650 0.100547
0 0.537253 0.832480 0.046087 0.096366
0 0.683878 0.702607 0.062849 0.096366
0 0.625228 0.620911 0.062849 0.092171
0 0.386418 0.599962 0.062849 0.092171
0 0.304725 0.547591 0.067037 0.113119
0 0.556098 0.363250 0.075412 0.079599
0 0.518398 0.199857 0.067037 0.087976
0 0.516304 0.053218 0.062849 0.104742
0 0.165365 0.680643 0.053317 0.076179
0 0.035077 0.948776 0.070155 0.094449
