0 0.812313 0.990424 0.012001 0.011152
0 0.923529 0.523226 0.012001 0.021600
0 0.993564 0.592422 0.004873 0.021600
0 0.873529 0.441626 0.012001 0.021600
0 0.875929 0.385626 0.012001 0.021600
0 0.757530 0.315622 0.012001 0.021600
0 0.772729 0.312826 0.012001 0.021600
0 0.598731 0.274426 0.012001 0.021600
0 0.610327 0.298822 0.012001 0.021600
0 0.825732 0.361626 0.014801 0.021600
0 0.308858 0.761818 0.015402 0.023763
0 0.276898 0.746739 0.014003 0.021600
0 0.239298 0.719136 0.014003 0.021600
0 0.375297 0.832736 0.014003 0.021600
0 0.427698 0.834336 0.018797 0.021600
0 0.421296 0.853939 0.018797 0.021600
0 0.004581 0.151302 0.009161 0.021600
0 0.002380 0.074502 0.004760 0.021600
0 0.069159 0.104902 0.012001 0.021600
0 0.033959 0.203706 0.012001 0.021600
0 0.050761 0.232506 0.012001 0.021600
0 0.031958 0.253702 0.012001 0.021600
0 0.046360 0.267302 0.012001 0.021600
0 0.047164 0.288506 0.012001 0.021600
0 0.061958 0.281702 0.012001 0.021600
0 0.081160 0.274906 0.012001 0.021600
0 0.101161 0.297306 0.012001 0.021600
0 0.116360 0.312102 0.012001 0.021600
0 0.075163 0.310106 0.012001 0.021600
0 0.079558 0.324506 0.012001 0.021600
0 0.127963 0.369702 0.012001 0.021600
0 0.115163 0.376506 0.012001 0.021600
0 0.109964 0.355706 0.012001 0.021600
0 0.099559 0.337306 0.012001 0.021600
0 0.097563 0.356102 0.012001 0.021600
0 0.095961 0.376102 0.012001 0.021600
0 0.078760 0.387302 0.012001 0.021600
0 0.109559 0.422502 0.012001 0.021600
0 0.091560 0.442906 0.012001 0.021600
0 0.069963 0.452506 0.012001 0.021600
0 0.110762 0.451706 0.012001 0.021600
0 0.141161 0.466906 0.012001 0.021600
0 0.094758 0.468902 0.012001 0.021600
0 0.140363 0.491706 0.012001 0.021600
0 0.311360 0.383302 0.022401 0.020800
0 0.138362 0.545306 0.012001 0.021600
0 0.080160 0.629306 0.024801 0.020800
0 0.203282 0.105837 0.012001 0.021600
0 0.212079 0.125837 0.012001 0.021600
0 0.408877 0.195437 0.012001 0.021600
0 0.370080 0.170637 0.012001 0.021600
