0 0.427158 0.898502 0.020000 0.021600
0 0.341559 0.912506 0.020000 0.021600
0 0.403763 0.905702 0.014003 0.021600
0 0.303363 0.678106 0.014003 0.021600
0 0.334161 0.689702 0.014003 0.021600
0 0.288163 0.668506 0.014003 0.021600
0 0.268961 0.680506 0.014003 0.021600
0 0.288562 0.714106 0.014003 0.021600
0 0.268961 0.754502 0.014003 0.021600
0 0.309563 0.584102 0.017600 0.021600
0 0.281159 0.628102 0.017600 0.021600
0 0.283559 0.514906 0.017600 0.021600
0 0.266358 0.530106 0.017600 0.021600
0 0.261159 0.509702 0.017600 0.021600
0 0.373560 0.574502 0.012001 0.021600
0 0.361160 0.599302 0.012001 0.021600
0 0.405562 0.598906 0.012001 0.021600
0 0.476361 0.592102 0.012001 0.021600
0 0.434359 0.598906 0.012001 0.021600
0 0.542758 0.696506 0.012001 0.021600
0 0.615160 0.762502 0.012001 0.021600
0 0.633159 0.796506 0.012001 0.021600
0 0.668764 0.811302 0.012001 0.021600
0 0.685958 0.844102 0.012001 0.021600
0 0.701563 0.871302 0.012001 0.021600
0 0.701563 0.841306 0.012001 0.021600
0 0.731963 0.891706 0.012001 0.021600
0 0.749164 0.878502 0.012001 0.021600
0 0.745560 0.909306 0.012001 0.021600
0 0.748359 0.930906 0.012001 0.021600
0 0.730760 0.942906 0.012001 0.021600
0 0.751159 0.954906 0.012001 0.021600
0 0.760760 0.948902 0.012001 0.021600
0 0.781558 0.946502 0.012001 0.021600
0 0.803161 0.951302 0.012001 0.021600
0 0.798759 0.874502 0.012001 0.021600
0 0.869159 0.904902 0.012001 0.021600
0 0.833959 0.994453 0.012001 0.003094
0 0.765161 0.987051 0.012001 0.017898
0 0.831184 0.350912 0.012001 0.021600
0 0.880184 0.350714 0.023199 0.022797
0 0.929583 0.378714 0.020399 0.022003
0 0.728782 0.360710 0.027600 0.024397
