0 0.969182 0.979630 0.053636 0.032739
0 0.821706 0.873168 0.064145 0.082464
0 0.607232 0.806442 0.045433 0.080779
0 0.536543 0.837996 0.050489 0.047967
0 0.460822 0.904891 0.045433 0.070680
0 0.388875 0.872066 0.032816 0.060581
0 0.416647 0.774888 0.037860 0.063109
0 0.385089 0.752162 0.035345 0.047967
0 0.041792 0.936445 0.045433 0.058053
0 0.147801 0.451773 0.045433 0.058053
0 0.296740 0.299057 0.035345 0.075723
0 0.333342 0.242262 0.047961 0.073208
0 0.520141 0.184196 0.037860 0.058053
0 0.637520 0.176625 0.055533 0.073208
0 0.531499 0.244790 0.045433 0.053010
0 0.622376 0.084490 0.030288 0.055538
0 0.592088 0.087018 0.040389 0.065637
0 0.559271 0.045364 0.045433 0.063109
0 0.513826 0.089546 0.035345 0.060581
0 0.636262 0.017007 0.053005 0.034014
0 0.595874 0.009433 0.042917 0.018866
0 0.149072 0.064305 0.042917 0.070680
0 0.109941 0.044107 0.040389 0.065637
