0 0.422543 0.032996 0.029563 0.065992
0 0.387441 0.071534 0.033264 0.077615
0 0.985792 0.747334 0.020416 0.129692
0 0.957706 0.736160 0.062609 0.080493
0 0.870494 0.724972 0.058133 0.076021
0 0.843665 0.767455 0.031304 0.044726
0 0.861555 0.823355 0.031304 0.093911
0 0.912988 0.843488 0.026829 0.071548
0 0.976850 0.953047 0.038300 0.076021
0 0.832489 0.946332 0.053658 0.089439
0 0.823550 0.847961 0.035780 0.089439
0 0.763179 0.906092 0.040243 0.125219
0 0.718460 0.850191 0.031304 0.067076
0 0.691619 0.801005 0.049194 0.067076
0 0.615595 0.803235 0.049194 0.107329
0 0.575352 0.785345 0.058133 0.080493
0 0.570876 0.827828 0.040243 0.076021
0 0.539572 0.805478 0.049194 0.129692
0 0.492615 0.724972 0.053658 0.129692
0 0.508268 0.391823 0.076023 0.107329
0 0.396476 0.479019 0.058133 0.076021
0 0.403177 0.742862 0.053658 0.067076
0 0.342806 0.698149 0.040243 0.067076
0 0.347282 0.765225 0.049194 0.058131
0 0.387525 0.854663 0.049194 0.076021
0 0.535109 0.903849 0.067084 0.076021
0 0.473758 0.979761 0.039711 0.032478
0 0.321046 0.833714 0.039711 0.070252
0 0.287443 0.786369 0.051928 0.079417
0 0.278274 0.677938 0.045820 0.094689
0 0.313401 0.630594 0.048868 0.085524
0 0.171382 0.500785 0.045820 0.076358
0 0.272166 0.511467 0.033603 0.085524
0 0.275226 0.477878 0.027494 0.067192
0 0.319509 0.520633 0.030542 0.067192
0 0.314937 0.467182 0.070254 0.070252
0 0.313401 0.387765 0.036651 0.039709
0 0.270642 0.367917 0.048868 0.067192
0 0.296612 0.322102 0.039711 0.054980
0 0.348528 0.329738 0.051928 0.070252
0 0.351588 0.305301 0.027494 0.058040
0 0.365329 0.386235 0.048868 0.054980
0 0.172906 0.207552 0.061085 0.088583
0 0.026889 0.073168 0.053778 0.082464
0 0.063437 0.950519 0.047961 0.070680
0 0.038205 0.513827 0.047961 0.085822
