0 0.297990 0.229895 0.094071 0.100795
0 0.395436 0.424769 0.040316 0.067192
0 0.351757 0.439885 0.033603 0.063835
0 0.353438 0.538995 0.036953 0.080636
0 0.272794 0.545723 0.030240 0.073921
0 0.274476 0.490276 0.047041 0.063835
0 0.237522 0.517164 0.047041 0.083994
0 0.128320 0.572598 0.083995 0.107510
0 0.247598 0.599472 0.080632 0.087351
0 0.091366 0.651549 0.043679 0.063835
0 0.044325 0.656592 0.050392 0.067192
0 0.019647 0.569240 0.039293 0.087351
0 0.761654 0.890099 0.080632 0.097437
0 0.783487 0.851466 0.050392 0.087351
0 0.709581 0.790989 0.043679 0.080636
0 0.649101 0.858182 0.036953 0.080636
0 0.607103 0.831307 0.033603 0.047033
0 0.613817 0.895142 0.020164 0.067192
0 0.576863 0.838023 0.026877 0.053762
0 0.575182 0.796019 0.030240 0.097437
0 0.570138 0.792662 0.067193 0.070550
0 0.538229 0.814506 0.043679 0.080636
0 0.509670 0.812821 0.040316 0.070550
0 0.487825 0.853139 0.050392 0.090709
0 0.538229 0.913616 0.036953 0.083994
0 0.575182 0.913616 0.036953 0.097437
0 0.544942 0.980849 0.063843 0.030301
0 0.423994 0.913616 0.036953 0.083994
0 0.393754 0.846423 0.050392 0.070550
0 0.345032 0.816178 0.040316 0.063835
0 0.328230 0.765787 0.053755 0.063835
0 0.249280 0.950576 0.036953 0.077278
0 0.175361 0.940503 0.050392 0.097437
0 0.378634 0.612916 0.040316 0.053762
0 0.425663 0.641476 0.053755 0.077278
0 0.388710 0.777546 0.033603 0.080636
0 0.464310 0.769145 0.050392 0.083994
