0 0.976193 0.701001 0.039615 0.088583
0 0.989937 0.878154 0.012127 0.094689
0 0.950271 0.835386 0.061085 0.076358
0 0.834210 0.649067 0.061085 0.070252
0 0.797559 0.598676 0.042759 0.091630
0 0.858643 0.557438 0.061085 0.076358
0 0.936530 0.478020 0.058037 0.045815
0 0.927361 0.068734 0.045820 0.064146
0 0.385206 0.045824 0.048868 0.091648
0 0.319537 0.045821 0.051928 0.091641
0 0.241651 0.097747 0.048868 0.061086
0 0.235542 0.149681 0.042759 0.073311
0 0.455460 0.255053 0.061085 0.058040
0 0.641786 0.160363 0.054976 0.058040
0 0.583750 0.145092 0.048868 0.076358
0 0.617340 0.210767 0.048868 0.079417
0 0.600551 0.245887 0.033603 0.082464
0 0.566948 0.238251 0.027494 0.054980
0 0.577641 0.303927 0.030542 0.064146
0 0.544039 0.326834 0.042759 0.073311
0 0.611232 0.326834 0.030542 0.054980
0 0.699811 0.221450 0.030542 0.070252
0 0.609708 0.552862 0.033603 0.085524
0 0.464628 0.503987 0.061085 0.073311
0 0.096003 0.838147 0.034425 0.045893
0 0.089120 0.889770 0.034425 0.066544
0 0.250904 0.942559 0.022946 0.066544
0 0.227958 0.929932 0.027543 0.073428
0 0.285329 0.916165 0.032127 0.050482
0 0.277298 0.874861 0.039010 0.059660
0 0.281882 0.818636 0.029829 0.048187
0 0.239425 0.863388 0.032127 0.064250
0 0.384009 0.964352 0.041308 0.059660
0 0.442517 0.814047 0.029829 0.084914
0 0.424167 0.799126 0.020648 0.068839
0 0.511367 0.812893 0.066552 0.055071
0 0.499888 0.870272 0.039010 0.050482
0 0.502186 0.632759 0.039010 0.052776
0 0.389742 0.697008 0.057371 0.057366
0 0.286478 0.695867 0.039010 0.045893
0 0.256638 0.746349 0.039010 0.064250
0 0.176320 0.672921 0.039010 0.050482
0 0.249755 0.579969 0.039010 0.048187
0 0.224511 0.504247 0.043606 0.052776
0 0.258936 0.374594 0.048190 0.068839
0 0.271552 0.313779 0.045892 0.066544
0 0.170587 0.266733 0.027543 0.068839
0 0.288765 0.460649 0.034425 0.043598
0 0.291063 0.500798 0.020648 0.045893
0 0.295647 0.535230 0.025244 0.050482
0 0.279584 0.566201 0.029829 0.043598
0 0.102885 0.427370 0.029829 0.064250
0 0.058142 0.391797 0.036711 0.066544
0 0.069609 0.445727 0.041308 0.050482
0 0.039781 0.488184 0.032127 0.048187
0 0.016449 0.482441 0.032898 0.064250
0 0.120098 0.639643 0.032127 0.057366
0 0.092567 0.655705 0.022946 0.071133
0 0.105184 0.693573 0.025244 0.050482
0 0.023717 0.671767 0.045892 0.048187
0 0.031749 0.602928 0.043606 0.043598
