0 0.630955 0.942559 0.045892 0.080312
0 0.896003 0.838147 0.034425 0.045893
0 0.889120 0.889770 0.034425 0.066544
0 0.976320 0.672921 0.039010 0.050482
0 0.970587 0.266733 0.027543 0.068839
0 0.902885 0.427370 0.029829 0.064250
0 0.858142 0.391797 0.036711 0.066544
0 0.869609 0.445727 0.041308 0.050482
0 0.839781 0.488184 0.032127 0.048187
0 0.815685 0.482441 0.034425 0.064250
0 0.920098 0.639643 0.032127 0.057366
0 0.892567 0.655705 0.022946 0.071133
0 0.905184 0.693573 0.025244 0.050482
0 0.823717 0.671767 0.045892 0.048187
0 0.831749 0.602928 0.043606 0.043598
0 0.762910 0.637348 0.048190 0.057366
0 0.761761 0.698162 0.041308 0.059660
0 0.787006 0.784217 0.027543 0.066544
0 0.696358 0.736017 0.029829 0.039009
0 0.689476 0.768155 0.043606 0.057366
0 0.766346 0.960916 0.027543 0.061955
0 0.734219 0.958622 0.036711 0.043598
0 0.751431 0.506541 0.029829 0.052776
0 0.735368 0.507682 0.039010 0.068839
0 0.742250 0.311485 0.043606 0.066544
0 0.778974 0.249517 0.048190 0.075723
0 0.744549 0.244928 0.034425 0.061955
0 0.647019 0.270182 0.036711 0.061955
0 0.595381 0.126748 0.057371 0.068839
0 0.486384 0.196740 0.050489 0.084914
0 0.507032 0.351647 0.059670 0.045893
0 0.497851 0.396386 0.036711 0.066544
0 0.563254 0.397540 0.071137 0.032125
0 0.580466 0.423922 0.064254 0.020652
0 0.579317 0.450316 0.043606 0.050482
0 0.644720 0.469827 0.032127 0.048187
0 0.653901 0.508836 0.036711 0.052776
0 0.614892 0.543255 0.032127 0.061955
0 0.538010 0.592596 0.029829 0.064250
0 0.427863 0.579969 0.071137 0.048187
0 0.357876 0.519168 0.045892 0.064250
0 0.352130 0.586853 0.048190 0.048187
0 0.300505 0.585712 0.036711 0.064250
0 0.256898 0.441138 0.050489 0.064250
0 0.350981 0.372299 0.045892 0.064250
0 0.419832 0.317215 0.027543 0.078017
0 0.394587 0.311485 0.041308 0.066544
0 0.336067 0.036104 0.043606 0.061955
0 0.158219 0.028079 0.036711 0.050482
0 0.069870 0.126748 0.039010 0.091798
0 0.240835 0.213957 0.041308 0.045893
0 0.255749 0.274771 0.029829 0.048187
0 0.283292 0.279360 0.029829 0.057366
0 0.329184 0.240338 0.052775 0.025241
0 0.348695 0.266733 0.032127 0.045893
0 0.316568 0.312626 0.036711 0.059660
0 0.132975 0.414743 0.041308 0.080312
0 0.113476 0.400975 0.029829 0.052776
0 0.101997 0.421627 0.034425 0.061955
0 0.098562 0.577675 0.050489 0.061955
0 0.045085 0.591131 0.051202 0.072067
0 0.043198 0.493460 0.039832 0.066376
0 0.401639 0.852848 0.036034 0.064483
