0 0.869354 0.119830 0.055533 0.060581
0 0.796149 0.161483 0.070677 0.068152
0 0.537403 0.020789 0.068161 0.041579
0 0.431394 0.121100 0.053005 0.073208
0 0.401093 0.194295 0.042917 0.053010
0 0.258469 0.092061 0.020200 0.080779
0 0.225665 0.059249 0.045433 0.055538
0 0.770904 0.387407 0.035345 0.065637
0 0.763332 0.444202 0.045433 0.058053
0 0.970319 0.589347 0.045433 0.055538
0 0.702755 0.474499 0.040389 0.068152
0 0.649739 0.455558 0.050489 0.070680
0 0.719158 0.605759 0.037860 0.063109
0 0.764590 0.676439 0.042917 0.063109
0 0.803721 0.657511 0.045433 0.040383
0 0.806249 0.690323 0.045433 0.050482
0 0.880712 0.718092 0.063105 0.050482
0 0.625232 0.566349 0.045820 0.058040
0 0.622184 0.644236 0.039711 0.061086
0 0.591630 0.835144 0.064145 0.094689
0 0.411423 0.949681 0.051928 0.061086
0 0.373248 0.969781 0.042759 0.052438
0 0.127361 0.868734 0.045820 0.064146
0 0.400730 0.699217 0.036651 0.085524
0 0.416008 0.615223 0.061085 0.082464
0 0.475568 0.578574 0.039711 0.064146
0 0.405315 0.520534 0.039711 0.070252
0 0.269392 0.494580 0.079410 0.085524
0 0.205259 0.454871 0.061085 0.067192
0 0.098355 0.459447 0.054976 0.076358
0 0.252591 0.619799 0.039711 0.079417
0 0.148747 0.625918 0.051928 0.054980
0 0.098355 0.621329 0.048868 0.051921
0 0.110572 0.683945 0.024434 0.048874
