0 0.862354 0.555550 0.044344 0.073921
0 0.864192 0.476080 0.048045 0.070226
0 0.928870 0.376296 0.051747 0.077615
0 0.817998 0.344885 0.036953 0.073921
0 0.821699 0.291291 0.036953 0.092394
0 0.866043 0.287597 0.029563 0.085005
0 0.664620 0.287597 0.055436 0.085005
0 0.670172 0.219225 0.044344 0.096089
0 0.603644 0.126830 0.051747 0.081310
0 0.590714 0.191508 0.055436 0.062824
0 0.605495 0.234016 0.048045 0.066518
0 0.562990 0.263574 0.044344 0.081310
0 0.653540 0.420646 0.070217 0.077615
0 0.498313 0.426195 0.048045 0.073921
0 0.502014 0.544452 0.040655 0.066518
0 0.450267 0.529673 0.040655 0.081310
0 0.498313 0.768055 0.062827 0.070226
0 0.413314 0.694135 0.040655 0.070226
0 0.422543 0.823490 0.029563 0.085005
0 0.387441 0.871534 0.033264 0.077615
0 0.357866 0.559244 0.055436 0.059129
0 0.368958 0.642395 0.033264 0.055434
0 0.350475 0.647944 0.033264 0.066518
0 0.306131 0.631311 0.048045 0.070226
0 0.296890 0.662723 0.066528 0.051739
0 0.172906 0.979630 0.061085 0.032739
0 0.026889 0.873168 0.053778 0.082464
