0 0.706576 0.962189 0.057117 0.067623
0 0.627625 0.839341 0.053755 0.110868
0 0.671292 0.775506 0.067193 0.077278
0 0.634338 0.661267 0.073919 0.083994
0 0.585616 0.664638 0.050392 0.063835
0 0.583946 0.750304 0.053755 0.094080
0 0.533542 0.553757 0.060480 0.097437
0 0.496589 0.552071 0.053755 0.087351
0 0.449548 0.419359 0.067193 0.104153
0 0.352115 0.444561 0.053755 0.100795
0 0.407551 0.343766 0.057117 0.060477
0 0.407551 0.251371 0.057117 0.104153
0 0.436109 0.249686 0.040316 0.094080
0 0.286591 0.138818 0.050392 0.087351
0 0.296679 0.015654 0.050392 0.031307
0 0.459624 0.063225 0.040316 0.083994
0 0.543618 0.024054 0.047041 0.048109
0 0.506665 0.039170 0.047041 0.078341
0 0.973082 0.140503 0.045835 0.097437
0 0.219736 0.777152 0.080499 0.058131
0 0.315887 0.935909 0.049194 0.089439
0 0.277869 0.939116 0.062609 0.113768
