0 0.841792 0.936445 0.045433 0.058053
0 0.757217 0.879650 0.027772 0.070680
0 0.713042 0.835468 0.025244 0.078251
0 0.677710 0.745861 0.040389 0.070680
0 0.599449 0.617116 0.050489 0.070680
0 0.528772 0.548964 0.035345 0.040383
0 0.530042 0.603231 0.058061 0.073208
0 0.634793 0.319255 0.035345 0.055538
0 0.947801 0.451773 0.045433 0.058053
0 0.949072 0.064305 0.042917 0.070680
0 0.909941 0.044107 0.040389 0.065637
0 0.338187 0.227120 0.047961 0.078251
0 0.069354 0.119830 0.055533 0.060581
0 0.015744 0.161483 0.031487 0.068152
0 0.170319 0.589347 0.045433 0.055538
0 0.270038 0.580518 0.042917 0.047967
0 0.013219 0.657511 0.026437 0.040383
0 0.014483 0.690323 0.028965 0.050482
0 0.080712 0.718092 0.063105 0.050482
0 0.237222 0.797600 0.037860 0.058053
0 0.583579 0.958821 0.057117 0.073921
0 0.235831 0.943705 0.053755 0.077278
