0 0.927113 0.294722 0.064254 0.073428
0 0.823849 0.363574 0.032127 0.059660
0 0.830732 0.541414 0.036711 0.052776
0 0.889252 0.644686 0.034425 0.052776
0 0.903017 0.667632 0.020648 0.052776
0 0.993683 0.656159 0.004634 0.061955
0 0.947772 0.783517 0.036711 0.059660
0 0.982210 0.945308 0.027580 0.061955
0 0.924826 0.949897 0.045892 0.066544
0 0.689317 0.463812 0.053755 0.073921
0 0.610355 0.495729 0.036953 0.070550
0 0.570039 0.658687 0.050392 0.073921
0 0.709469 0.584766 0.053755 0.087351
0 0.756511 0.609968 0.033603 0.063835
0 0.872148 0.832638 0.042917 0.075723
0 0.826716 0.854093 0.053005 0.073208
0 0.848174 0.706420 0.035345 0.055538
0 0.811572 0.730404 0.037860 0.078251
0 0.450591 0.475441 0.037860 0.058053
0 0.424088 0.510780 0.060589 0.058053
0 0.382442 0.453985 0.042917 0.070680
0 0.350883 0.485539 0.045433 0.063109
0 0.305451 0.474183 0.035345 0.045439
0 0.492249 0.629427 0.040389 0.042911
0 0.494765 0.687480 0.045433 0.078251
0 0.461949 0.726618 0.045433 0.070680
0 0.647489 0.978685 0.063105 0.034630
0 0.419044 0.941172 0.050489 0.045439
0 0.387486 0.987520 0.063105 0.016960
0 0.320595 0.880591 0.035345 0.065637
0 0.283992 0.909618 0.042917 0.063109
0 0.142626 0.973636 0.047961 0.044729
0 0.149932 0.591105 0.052763 0.069422
0 0.091618 0.486978 0.036094 0.072197
0 0.088836 0.654966 0.036094 0.069422
0 0.056902 0.624423 0.033324 0.041653
0 0.051350 0.772977 0.033324 0.088855
0 0.011792 0.716052 0.023584 0.063861
