0 0.959172 0.347214 0.047961 0.065637
0 0.973046 0.231108 0.030288 0.050482
0 0.841792 0.136445 0.045433 0.058053
0 0.757217 0.079650 0.027772 0.070680
0 0.713042 0.037297 0.025244 0.074594
0 0.237222 0.013313 0.037860 0.026627
0 0.583579 0.158821 0.057117 0.073921
0 0.235831 0.143705 0.053755 0.077278
0 0.516373 0.397371 0.090720 0.073921
0 0.509660 0.446090 0.050392 0.063835
0 0.640684 0.672882 0.057117 0.107510
0 0.862440 0.528411 0.057117 0.087351
0 0.982134 0.777035 0.027732 0.080636
0 0.899393 0.736717 0.063843 0.080636
0 0.864121 0.780393 0.060480 0.067192
0 0.538219 0.709843 0.060480 0.100795
0 0.410546 0.605690 0.073919 0.087351
0 0.351747 0.706485 0.057117 0.073921
0 0.020970 0.956431 0.037860 0.063109
0 0.036114 0.875665 0.058061 0.083307
0 0.101747 0.799929 0.063105 0.042911
0 0.178738 0.772161 0.060589 0.047967
0 0.187955 0.547481 0.065633 0.078251
