0 0.944534 0.700029 0.037933 0.063796
0 0.879022 0.629349 0.024144 0.046554
0 0.799708 0.510378 0.024144 0.039657
0 0.986645 0.336246 0.018711 0.067244
0 0.968677 0.304342 0.034486 0.058623
0 0.967818 0.355212 0.025861 0.046554
0 0.726431 0.343143 0.025861 0.063796
0 0.686780 0.237966 0.060347 0.067244
0 0.574710 0.252628 0.060347 0.051726
0 0.579887 0.325032 0.053452 0.062072
0 0.585052 0.428485 0.046545 0.062072
0 0.585052 0.537966 0.036203 0.053451
0 0.632469 0.556932 0.031038 0.043105
0 0.624715 0.609514 0.025861 0.051726
0 0.759199 0.668137 0.029309 0.037933
0 0.785919 0.678483 0.024144 0.068968
0 0.826440 0.717271 0.032756 0.067244
0 0.836782 0.618135 0.029309 0.048278
0 0.767811 0.770722 0.032756 0.050002
0 0.720395 0.759521 0.031038 0.044830
0 0.680744 0.749175 0.037933 0.055175
0 0.716947 0.818131 0.034486 0.055175
0 0.615232 0.871581 0.037933 0.072417
0 0.589371 0.906934 0.034486 0.050002
0 0.548849 0.866409 0.032756 0.048278
0 0.983920 0.139569 0.024160 0.075865
0 0.983917 0.024268 0.024166 0.048536
0 0.863732 0.015738 0.064484 0.031475
0 0.852350 0.226817 0.049315 0.083449
0 0.785979 0.178448 0.045517 0.054993
0 0.509900 0.475415 0.047961 0.063109
0 0.446795 0.448903 0.047961 0.055538
0 0.395036 0.504441 0.050489 0.080779
0 0.373590 0.373180 0.047961 0.075723
0 0.340774 0.275989 0.068161 0.078251
0 0.446795 0.149772 0.047961 0.073208
0 0.608349 0.125801 0.058061 0.080779
0 0.417765 0.133372 0.035345 0.085822
0 0.384948 0.091719 0.050489 0.058053
0 0.165333 0.137158 0.050489 0.063109
0 0.215822 0.303758 0.045433 0.058053
0 0.265041 0.379494 0.063105 0.058053
0 0.056784 0.336570 0.080777 0.073208
0 0.437421 0.269196 0.061085 0.024995
0 0.442973 0.249763 0.055533 0.024995
0 0.406878 0.273358 0.038877 0.061086
0 0.895581 0.594074 0.072189 0.024995
