0 0.958219 0.828079 0.036711 0.050482
0 0.912327 0.750048 0.036711 0.073428
0 0.848073 0.735127 0.027543 0.052776
0 0.869870 0.926748 0.039010 0.091798
0 0.497616 0.083867 0.048045 0.062824
0 0.516086 0.220625 0.033264 0.092394
0 0.497616 0.229855 0.033264 0.096089
0 0.486524 0.192895 0.048045 0.096089
0 0.512397 0.152253 0.048045 0.088700
0 0.455110 0.181810 0.051747 0.103479
0 0.388582 0.143009 0.059137 0.092394
0 0.310974 0.137461 0.059137 0.036960
0 0.279561 0.155947 0.040655 0.051739
0 0.351629 0.253877 0.036953 0.107173
0 0.296193 0.368453 0.051747 0.085005
0 0.225964 0.388781 0.059137 0.088700
0 0.172378 0.479321 0.055436 0.099784
0 0.668968 0.768133 0.043606 0.045893
0 0.675850 0.812885 0.039010 0.061955
0 0.668968 0.889762 0.029829 0.078017
0 0.619628 0.846151 0.045892 0.068839
0 0.522098 0.773876 0.039010 0.057366
0 0.471621 0.893197 0.039010 0.071133
0 0.194599 0.939569 0.045517 0.075865
0 0.193643 0.817241 0.043618 0.062590
0 0.063732 0.799234 0.064484 0.064483
0 0.009104 0.544141 0.018209 0.073960
0 0.055205 0.475873 0.043618 0.062590
0 0.096924 0.474926 0.028450 0.064483
0 0.062789 0.406645 0.043618 0.056899
0 0.037182 0.359236 0.037933 0.056899
0 0.008161 0.338364 0.016322 0.053101
0 0.130115 0.325089 0.060686 0.049315
0 0.168992 0.288115 0.028450 0.070174
0 0.119567 0.252335 0.060480 0.067192
0 0.570168 0.753095 0.051747 0.070226
