0 0.675004 0.632560 0.084999 0.107173
0 0.490213 0.665826 0.062827 0.085005
0 0.492064 0.601149 0.066528 0.073921
0 0.486524 0.514290 0.055436 0.092394
0 0.449558 0.492121 0.040655 0.099784
0 0.403364 0.471794 0.051747 0.088700
0 0.497616 0.883867 0.048045 0.062824
0 0.516086 0.985214 0.033264 0.021573
0 0.486524 0.970425 0.048045 0.051150
0 0.512397 0.951951 0.048045 0.088097
0 0.455110 0.963036 0.051747 0.065929
0 0.388582 0.943009 0.059137 0.092394
0 0.310974 0.937461 0.059137 0.036960
0 0.279561 0.955947 0.040655 0.051739
