0 0.942626 0.973636 0.047961 0.044729
0 0.444562 0.232910 0.052763 0.074971
0 0.414019 0.157939 0.041647 0.058312
0 0.949932 0.591105 0.052763 0.069422
0 0.891618 0.486978 0.036094 0.072197
0 0.888836 0.654966 0.036094 0.069422
0 0.856902 0.624423 0.033324 0.041653
0 0.851350 0.772977 0.033324 0.088855
0 0.806921 0.716052 0.033324 0.063861
0 0.569513 0.421718 0.047199 0.058312
0 0.636162 0.817405 0.047199 0.094404
0 0.600056 0.806295 0.041647 0.088855
0 0.697247 0.973344 0.047199 0.045312
0 0.579238 0.983064 0.061085 0.025873
0 0.473725 0.959463 0.049981 0.073075
0 0.357095 0.973344 0.044429 0.045312
0 0.271020 0.985838 0.038877 0.020324
0 0.236317 0.968734 0.041647 0.052763
0 0.075259 0.884053 0.052763 0.061086
0 0.096088 0.978896 0.044429 0.034209
0 0.064154 0.398123 0.047199 0.049976
0 0.023054 0.275950 0.046107 0.072197
