0 0.971817 0.729397 0.048365 0.068839
0 0.878790 0.559581 0.045892 0.050482
0 0.819133 0.581387 0.059670 0.048187
0 0.742250 0.610063 0.061956 0.078017
0 0.969525 0.395496 0.052950 0.052776
0 0.925831 0.373704 0.034425 0.064250
0 0.856993 0.330106 0.029829 0.068839
0 0.877641 0.348463 0.029829 0.050482
0 0.878790 0.385177 0.045892 0.050482
0 0.982144 0.225681 0.027712 0.052776
0 0.925831 0.112090 0.057371 0.068839
0 0.738815 0.234859 0.045892 0.052776
0 0.630955 0.382882 0.050489 0.059660
0 0.449660 0.340425 0.068838 0.061955
0 0.482936 0.604333 0.084914 0.084914
0 0.595381 0.926748 0.057371 0.068839
0 0.486384 0.975142 0.050489 0.041717
0 0.336067 0.836104 0.043606 0.061955
0 0.158219 0.828079 0.036711 0.050482
0 0.112327 0.750048 0.036711 0.073428
0 0.048073 0.735127 0.027543 0.052776
0 0.069870 0.926748 0.039010 0.091798
