0 0.286591 0.938818 0.050392 0.087351
0 0.296679 0.794347 0.050392 0.073921
0 0.303392 0.691867 0.050392 0.090709
0 0.459624 0.863225 0.040316 0.083994
0 0.543618 0.807791 0.047041 0.080636
0 0.506665 0.826264 0.047041 0.104153
0 0.518422 0.706996 0.057117 0.100795
0 0.585616 0.675065 0.057117 0.117596
0 0.928320 0.572598 0.083995 0.107510
0 0.891366 0.651549 0.043679 0.063835
0 0.844325 0.656592 0.050392 0.067192
0 0.812416 0.569240 0.053755 0.087351
0 0.762012 0.542353 0.040316 0.073921
0 0.725058 0.547396 0.033603 0.070550
0 0.718333 0.480203 0.053755 0.077278
0 0.489864 0.466760 0.067193 0.077278
0 0.454592 0.550754 0.036953 0.090709
0 0.387386 0.609558 0.077281 0.087351
0 0.380673 0.530595 0.063843 0.097437
0 0.345389 0.460044 0.053755 0.083994
0 0.294997 0.441558 0.067193 0.100795
0 0.387386 0.396210 0.057117 0.070550
0 0.340357 0.355892 0.057117 0.117596
0 0.291635 0.302130 0.060480 0.090709
0 0.973082 0.940503 0.045835 0.097437
