0 0.958219 0.028079 0.036711 0.050482
0 0.869870 0.126748 0.039010 0.091798
0 0.932975 0.414743 0.041308 0.080312
0 0.913476 0.400975 0.029829 0.052776
0 0.901997 0.421627 0.034425 0.061955
0 0.898562 0.577675 0.050489 0.061955
0 0.675850 0.021931 0.039010 0.043862
0 0.668968 0.089762 0.029829 0.078017
0 0.619628 0.046151 0.045892 0.068839
0 0.471621 0.093197 0.039010 0.071133
0 0.578320 0.443160 0.055073 0.064250
0 0.503748 0.474144 0.052775 0.066544
0 0.845085 0.591131 0.051202 0.072067
0 0.843198 0.493460 0.039832 0.066376
0 0.712332 0.593024 0.032236 0.056899
0 0.685781 0.577856 0.024652 0.075865
0 0.752164 0.748540 0.036034 0.064483
0 0.596646 0.809238 0.036034 0.049315
0 0.508454 0.718204 0.037933 0.049315
0 0.500870 0.763721 0.026551 0.041718
0 0.492330 0.794057 0.036034 0.045517
0 0.348194 0.384407 0.039832 0.049315
0 0.392768 0.433722 0.034135 0.060684
0 0.386127 0.658453 0.047416 0.051208
0 0.435442 0.693547 0.036034 0.056899
0 0.144534 0.700029 0.037933 0.063796
0 0.079022 0.629349 0.024144 0.046554
0 0.005890 0.510378 0.011780 0.039657
0 0.196256 0.336246 0.037933 0.067244
0 0.257462 0.225896 0.039651 0.046554
0 0.168677 0.304342 0.034486 0.058623
0 0.167818 0.355212 0.025861 0.046554
0 0.026440 0.717271 0.032756 0.067244
0 0.036782 0.618135 0.029309 0.048278
0 0.194599 0.139569 0.045517 0.075865
0 0.193643 0.024268 0.043618 0.048536
0 0.063732 0.015738 0.064484 0.031475
0 0.052350 0.226817 0.049315 0.083449
0 0.095581 0.594074 0.072189 0.024995
