0 0.970330 0.479321 0.051339 0.099784
0 0.983920 0.939569 0.024160 0.075865
0 0.983917 0.817241 0.024166 0.062590
0 0.863732 0.799234 0.064484 0.064483
0 0.785979 0.973476 0.045517 0.045048
0 0.740462 0.647503 0.045517 0.079651
0 0.792608 0.544141 0.051202 0.073960
0 0.782181 0.478712 0.037933 0.053101
0 0.855205 0.475873 0.043618 0.062590
0 0.896924 0.474926 0.028450 0.064483
0 0.862789 0.406645 0.043618 0.056899
0 0.837182 0.359236 0.037933 0.056899
0 0.790721 0.338364 0.051202 0.053101
0 0.757529 0.332685 0.053101 0.041718
0 0.750889 0.379148 0.028450 0.058792
0 0.770799 0.419920 0.041719 0.053101
0 0.930115 0.325089 0.060686 0.049315
0 0.968992 0.288115 0.028450 0.070174
0 0.651326 0.302337 0.056900 0.064483
0 0.542269 0.375350 0.055001 0.047409
0 0.578303 0.417081 0.043618 0.070174
0 0.645629 0.478712 0.030349 0.060684
0 0.579258 0.486296 0.045517 0.072067
0 0.538483 0.497678 0.047416 0.053101
0 0.496752 0.447417 0.058799 0.077758
0 0.414257 0.167680 0.060686 0.075865
0 0.248312 0.151565 0.043618 0.070174
0 0.327009 0.300444 0.053101 0.056899
0 0.380122 0.460692 0.034135 0.062590
0 0.459774 0.524229 0.045517 0.053101
0 0.473999 0.579235 0.039832 0.056899
0 0.435110 0.590604 0.037933 0.049315
0 0.387706 0.573544 0.037933 0.041718
0 0.401931 0.627591 0.036034 0.047409
0 0.361156 0.610517 0.041719 0.054993
0 0.446795 0.949772 0.047961 0.073208
0 0.608349 0.925801 0.058061 0.080779
0 0.417765 0.933372 0.035345 0.085822
0 0.384948 0.891719 0.050489 0.058053
0 0.338246 0.720063 0.047961 0.083307
0 0.165333 0.937158 0.050489 0.063109
0 0.919567 0.252335 0.060480 0.067192
0 0.180405 0.044016 0.047041 0.047033
0 0.179849 0.516671 0.051747 0.066518
0 0.288870 0.509281 0.062827 0.066518
0 0.248215 0.564715 0.040655 0.066518
0 0.290721 0.622003 0.051747 0.070226
0 0.150286 0.549936 0.059137 0.073921
0 0.094838 0.394705 0.066528 0.088700
0 0.046793 0.174810 0.066528 0.107173
0 0.081907 0.500038 0.062827 0.070226
0 0.037563 0.553631 0.055436 0.059129
0 0.081907 0.575799 0.040655 0.051739
