0 0.918161 0.792561 0.050489 0.042911
0 0.954764 0.468189 0.042917 0.055538
0 0.919419 0.435377 0.053005 0.080779
0 0.866414 0.480803 0.042917 0.070680
0 0.750293 0.514885 0.058061 0.058053
0 0.690974 0.512357 0.050489 0.058053
0 0.654371 0.509842 0.047961 0.063109
0 0.625341 0.591879 0.035345 0.070680
0 0.602625 0.572951 0.035345 0.063109
0 0.536992 0.567895 0.050489 0.068152
0 0.767965 0.357114 0.058061 0.065637
0 0.800781 0.300318 0.037860 0.047967
0 0.815926 0.347015 0.058061 0.045439
0 0.820970 0.156431 0.037860 0.063109
0 0.836114 0.075665 0.058061 0.083307
0 0.901747 0.010692 0.063105 0.021385
0 0.721649 0.025831 0.047961 0.051662
0 0.635816 0.011947 0.037860 0.023893
0 0.590384 0.019518 0.047961 0.039035
0 0.596698 0.084468 0.060589 0.055538
0 0.682519 0.179131 0.035345 0.063109
0 0.662331 0.186702 0.035345 0.063109
0 0.632030 0.190500 0.050489 0.085822
0 0.379357 0.601978 0.061085 0.079417
0 0.660359 0.881456 0.091627 0.070252
0 0.351863 0.516454 0.048868 0.042755
0 0.351863 0.472169 0.073302 0.076358
0 0.475568 0.030673 0.051928 0.061346
0 0.364080 0.065929 0.042759 0.094689
0 0.278561 0.029150 0.079410 0.058300
0 0.200675 0.078154 0.033603 0.094689
0 0.150271 0.036782 0.061085 0.073565
0 0.111805 0.492510 0.050489 0.041303
