0 0.875259 0.084053 0.052763 0.061086
0 0.896088 0.202051 0.044429 0.080519
0 0.836382 0.288132 0.047199 0.058312
0 0.932182 0.414479 0.044429 0.066635
0 0.986305 0.638005 0.019389 0.063861
0 0.986305 0.588015 0.019389 0.063861
0 0.926630 0.579692 0.044429 0.074971
0 0.891927 0.586628 0.036094 0.061086
0 0.848877 0.622733 0.033324 0.077745
0 0.821117 0.617171 0.038877 0.049976
0 0.812783 0.557472 0.044429 0.074971
0 0.826669 0.511657 0.033324 0.066635
0 0.791966 0.347831 0.041647 0.072197
0 0.747537 0.350606 0.047199 0.066635
0 0.737812 0.414479 0.033324 0.061086
0 0.778079 0.565808 0.036094 0.058312
0 0.730869 0.550536 0.047199 0.072197
0 0.780849 0.236769 0.041647 0.083307
0 0.733651 0.121532 0.052763 0.063861
0 0.772527 0.079878 0.052763 0.091630
0 0.158873 0.053497 0.052763 0.055538
0 0.160252 0.120145 0.027772 0.061086
0 0.465700 0.029526 0.038877 0.059052
0 0.510117 0.029529 0.044429 0.059058
0 0.483747 0.152075 0.052763 0.080519
0 0.454584 0.181231 0.055533 0.077745
0 0.429594 0.268699 0.061085 0.091630
0 0.349070 0.267312 0.055533 0.088855
0 0.264386 0.335334 0.069419 0.086081
0 0.190794 0.388098 0.077753 0.086081
0 0.308815 0.453345 0.047199 0.072197
0 0.429594 0.436687 0.072189 0.066635
0 0.490690 0.431138 0.061085 0.088855
0 0.579536 0.327011 0.044429 0.080519
0 0.650346 0.361716 0.047199 0.083307
0 0.651737 0.307578 0.044429 0.058312
0 0.615642 0.458907 0.061085 0.072197
0 0.587870 0.521380 0.038877 0.069422
0 0.548993 0.508883 0.044429 0.061086
0 0.515681 0.533878 0.061085 0.072197
0 0.888177 0.819189 0.045820 0.070252
0 0.556771 0.773362 0.048868 0.088583
0 0.512487 0.617599 0.051928 0.051921
0 0.668260 0.597738 0.045820 0.067192
0 0.439174 0.554983 0.039711 0.061086
0 0.396414 0.536652 0.033603 0.061086
0 0.430017 0.686321 0.039711 0.085524
0 0.350595 0.707699 0.021386 0.061086
0 0.373504 0.748938 0.036651 0.070252
0 0.294094 0.666461 0.067193 0.058040
0 0.127629 0.697004 0.033603 0.045815
0 0.145954 0.744348 0.039711 0.042755
0 0.098611 0.608434 0.042759 0.076358
0 0.092502 0.515274 0.061085 0.073311
