0 0.982210 0.145308 0.027580 0.061955
0 0.924826 0.149897 0.045892 0.066544
0 0.872148 0.035249 0.042917 0.070499
0 0.826716 0.054093 0.053005 0.073208
0 0.647489 0.196710 0.063105 0.070680
0 0.419044 0.141172 0.050489 0.045439
0 0.387486 0.208066 0.063105 0.058053
0 0.320595 0.080591 0.035345 0.065637
0 0.283992 0.109618 0.042917 0.063109
0 0.262534 0.262347 0.050489 0.080779
0 0.142626 0.186611 0.047961 0.070680
0 0.146412 0.245934 0.025244 0.068152
0 0.013890 0.234578 0.027781 0.035340
0 0.015151 0.282532 0.030303 0.050482
0 0.367298 0.630887 0.073205 0.035340
