0 0.862440 0.239102 0.057117 0.067192
0 0.977099 0.531402 0.037802 0.114239
0 0.909481 0.501170 0.057117 0.094080
0 0.877560 0.383573 0.073919 0.094080
0 0.736448 0.452451 0.060480 0.043676
0 0.726360 0.504527 0.047041 0.073921
0 0.771720 0.603650 0.063843 0.070550
0 0.672605 0.502855 0.067193 0.070550
0 0.655804 0.439007 0.047041 0.063835
0 0.578535 0.355013 0.047041 0.077278
0 0.655804 0.242460 0.053755 0.073921
0 0.499572 0.296222 0.043679 0.107510
0 0.496222 0.398689 0.057117 0.070550
0 0.538219 0.412133 0.033603 0.043676
0 0.575172 0.452451 0.040316 0.063835
0 0.507979 0.467567 0.040316 0.067192
0 0.469344 0.482696 0.063843 0.057119
0 0.988732 0.869555 0.014535 0.085822
0 0.967578 0.850614 0.027772 0.058053
0 0.905732 0.691585 0.065633 0.042911
0 0.586409 0.704212 0.042917 0.063109
0 0.380681 0.726925 0.035345 0.047967
0 0.118161 0.792561 0.050489 0.042911
0 0.267087 0.473232 0.055533 0.045439
0 0.221654 0.533813 0.055533 0.070680
0 0.368064 0.307889 0.060589 0.078251
0 0.154764 0.468189 0.042917 0.055538
0 0.119419 0.435377 0.053005 0.080779
0 0.066414 0.480803 0.042917 0.070680
0 0.009856 0.300318 0.019712 0.047967
0 0.022478 0.347015 0.044956 0.045439
0 0.020970 0.156431 0.037860 0.063109
0 0.036114 0.075665 0.058061 0.083307
0 0.101747 0.010692 0.063105 0.021385
