0 0.432141 0.021859 0.040316 0.043717
0 0.464062 0.149555 0.043679 0.083994
0 0.427097 0.272195 0.043679 0.094080
0 0.396857 0.228519 0.030240 0.073921
0 0.333026 0.246993 0.036953 0.077278
0 0.304467 0.213390 0.047041 0.057119
0 0.272546 0.181473 0.036953 0.073921
0 0.274227 0.246993 0.040316 0.077278
0 0.233911 0.171400 0.033603 0.080636
0 0.215429 0.194916 0.043679 0.114239
0 0.385099 0.112595 0.047041 0.077278
0 0.348146 0.127724 0.026877 0.073921
0 0.343102 0.089078 0.036953 0.043676
0 0.136478 0.058846 0.026877 0.050391
0 0.114633 0.067247 0.036953 0.080636
0 0.081042 0.077320 0.050392 0.067192
0 0.034001 0.107565 0.043679 0.053762
0 0.052483 0.248678 0.040316 0.073921
0 0.022882 0.223476 0.045764 0.057119
0 0.007759 0.238592 0.015518 0.067192
0 0.493612 0.066223 0.041380 0.027587
0 0.491895 0.035187 0.020684 0.027587
0 0.464304 0.048981 0.037933 0.020691
0 0.304818 0.102418 0.029309 0.027587
0 0.289311 0.108460 0.022414 0.050002
0 0.261720 0.096390 0.032756 0.067244
0 0.277239 0.092086 0.022414 0.051726
0 0.298794 0.069671 0.044828 0.034484
