0 0.989937 0.078154 0.012127 0.094689
0 0.950271 0.036782 0.061085 0.073565
0 0.631843 0.430555 0.050489 0.078017
0 0.583653 0.473012 0.022946 0.071133
0 0.591685 0.557913 0.043606 0.071133
0 0.744288 0.621022 0.055073 0.068839
0 0.784447 0.510867 0.043606 0.068839
0 0.769532 0.375484 0.045892 0.050482
0 0.911805 0.492510 0.050489 0.041303
0 0.182054 0.662325 0.059670 0.059660
0 0.096003 0.038147 0.034425 0.045893
0 0.089120 0.089770 0.034425 0.066544
0 0.250904 0.142559 0.022946 0.066544
0 0.227958 0.129932 0.027543 0.073428
0 0.285329 0.116165 0.032127 0.050482
0 0.277298 0.074861 0.039010 0.059660
0 0.281882 0.021365 0.029829 0.042730
0 0.239425 0.063388 0.032127 0.064250
0 0.384009 0.164352 0.041308 0.059660
0 0.442517 0.028252 0.029829 0.056504
0 0.424167 0.016773 0.020648 0.033545
0 0.511367 0.020214 0.066552 0.040429
0 0.499888 0.070272 0.039010 0.050482
