0 0.953309 0.734098 0.041647 0.072197
0 0.958873 0.853497 0.052763 0.055538
0 0.960252 0.920145 0.027772 0.061086
0 0.654259 0.947213 0.042759 0.058040
0 0.663428 0.860173 0.042759 0.067192
0 0.573325 0.854054 0.045820 0.067192
0 0.554988 0.889187 0.033603 0.058040
0 0.475577 0.907505 0.039711 0.076358
0 0.386998 0.886127 0.045820 0.088583
0 0.403800 0.792968 0.073302 0.085524
0 0.771941 0.515033 0.051747 0.077615
0 0.733137 0.616670 0.040655 0.103479
0 0.733137 0.018214 0.025873 0.036428
0 0.746080 0.043817 0.022172 0.066518
0 0.407912 0.333938 0.040655 0.070226
0 0.258321 0.684731 0.084962 0.111802
0 0.193474 0.747334 0.035780 0.129692
0 0.157706 0.736160 0.062609 0.080493
0 0.070494 0.724972 0.058133 0.076021
0 0.043665 0.767455 0.031304 0.044726
0 0.061555 0.823355 0.031304 0.093911
0 0.112988 0.843488 0.026829 0.071548
0 0.238193 0.975642 0.053658 0.040716
0 0.182298 0.953047 0.049194 0.076021
0 0.032489 0.946332 0.053658 0.089439
0 0.023550 0.847961 0.035780 0.089439
