0 0.861555 0.035155 0.031304 0.070311
0 0.912988 0.043488 0.026829 0.071548
0 0.976850 0.153047 0.038300 0.076021
0 0.832489 0.146332 0.053658 0.089439
0 0.823550 0.047961 0.035780 0.089439
0 0.763179 0.106092 0.040243 0.125219
0 0.718460 0.050191 0.031304 0.067076
0 0.691619 0.017272 0.049194 0.034543
0 0.615595 0.028450 0.049194 0.056900
0 0.575352 0.012796 0.058133 0.025592
0 0.570876 0.032919 0.040243 0.065838
0 0.539572 0.035162 0.049194 0.070324
0 0.387525 0.054663 0.049194 0.076021
0 0.535109 0.103849 0.067084 0.076021
0 0.756296 0.213913 0.067193 0.045815
0 0.869309 0.349841 0.061085 0.067192
0 0.986101 0.366642 0.019799 0.051921
0 0.983052 0.397185 0.025895 0.070252
0 0.893743 0.459801 0.042759 0.079417
0 0.899851 0.603352 0.036651 0.036649
0 0.876942 0.661392 0.039711 0.061086
0 0.823489 0.673604 0.042759 0.042755
0 0.660084 0.433835 0.045820 0.082464
0 0.473758 0.195595 0.039711 0.064146
0 0.446276 0.427728 0.051928 0.064146
0 0.507360 0.472014 0.039711 0.061086
0 0.501252 0.545325 0.045820 0.067192
0 0.537903 0.557537 0.033603 0.054980
0 0.618849 0.557537 0.054976 0.085524
0 0.539427 0.617094 0.067193 0.064146
0 0.435583 0.606411 0.048868 0.061086
0 0.298136 0.487285 0.073302 0.091630
0 0.292027 0.238350 0.054976 0.064146
0 0.240099 0.229185 0.036651 0.064146
0 0.258425 0.275000 0.030542 0.064146
0 0.321046 0.034420 0.039711 0.068840
0 0.287443 0.013039 0.051928 0.026078
0 0.919677 0.749651 0.040316 0.033603
0 0.936478 0.858846 0.026877 0.050391
0 0.914633 0.867247 0.036953 0.080636
0 0.881042 0.877320 0.050392 0.067192
0 0.834001 0.907565 0.043679 0.053762
0 0.697921 0.947883 0.060480 0.053762
0 0.763445 0.783240 0.030240 0.087351
0 0.420632 0.739940 0.060589 0.037868
0 0.301994 0.757610 0.030288 0.068152
0 0.284322 0.751310 0.030288 0.065637
0 0.264122 0.695772 0.035345 0.070680
0 0.187131 0.761409 0.037860 0.075723
0 0.214903 0.921696 0.032816 0.047967
0 0.190917 0.944409 0.030288 0.058053
0 0.180817 0.892669 0.030288 0.060581
0 0.145484 0.882570 0.035345 0.065637
0 0.158100 0.970840 0.035345 0.050321
0 0.019731 0.757610 0.039463 0.073208
0 0.008370 0.800534 0.016741 0.068152
0 0.203545 0.486261 0.040389 0.065637
0 0.142956 0.455964 0.035345 0.060581
0 0.103826 0.463535 0.042917 0.075723
0 0.067235 0.386542 0.060589 0.047967
0 0.025577 0.366357 0.042917 0.053010
0 0.007112 0.365086 0.014225 0.050482
0 0.169459 0.254024 0.042917 0.075723
0 0.063437 0.150519 0.047961 0.070680
