0 0.637292 0.049666 0.017603 0.011600
0 0.619689 0.047267 0.017603 0.011600
0 0.606490 0.041669 0.017603 0.011600
0 0.585692 0.045271 0.017603 0.011600
0 0.498888 0.038067 0.017603 0.011600
0 0.536888 0.012867 0.017603 0.011600
0 0.681692 0.063267 0.017603 0.011600
0 0.171581 0.058343 0.016799 0.011999
0 0.247982 0.095542 0.016799 0.011999
0 0.247982 0.083543 0.016799 0.011999
0 0.227983 0.064340 0.016799 0.011999
0 0.235331 0.810561 0.016799 0.011999
0 0.213330 0.768962 0.016799 0.011999
0 0.199332 0.882164 0.016799 0.011999
0 0.295731 0.678560 0.016799 0.011999
0 0.295332 0.792965 0.016799 0.011999
0 0.518630 0.387196 0.016799 0.011999
0 0.456228 0.367195 0.016799 0.011999
0 0.352630 0.338792 0.016799 0.011999
0 0.434227 0.380396 0.016799 0.011999
0 0.366956 0.245971 0.016799 0.011999
0 0.322555 0.256374 0.016799 0.011999
0 0.256558 0.203170 0.016799 0.011999
0 0.305357 0.158772 0.016799 0.011999
0 0.953631 0.039497 0.016799 0.011999
0 0.788029 0.085501 0.016799 0.011999
0 0.838031 0.052299 0.016799 0.011999
0 0.810429 0.113899 0.016799 0.011999
0 0.990829 0.305025 0.010341 0.011999
