0 0.003419 0.581235 0.006838 0.038885
0 0.049738 0.636211 0.034864 0.042905
0 0.050741 0.693858 0.030163 0.041569
0 0.012868 0.751505 0.020109 0.038885
0 0.028953 0.753184 0.038888 0.042230
0 0.161923 0.541244 0.026699 0.040793
0 0.180807 0.616292 0.024179 0.038783
0 0.162669 0.618301 0.025183 0.036774
0 0.269955 0.595380 0.031225 0.039292
0 0.255853 0.684789 0.026186 0.035756
0 0.271973 0.762851 0.041302 0.022667
0 0.277011 0.807435 0.026186 0.043312
0 0.331902 0.841932 0.028204 0.035756
0 0.316797 0.876937 0.028204 0.043312
0 0.380261 0.935106 0.033242 0.029714
0 0.480490 0.989603 0.028204 0.012794
0 0.556796 0.983561 0.028705 0.024878
0 0.600116 0.989854 0.029720 0.012291
0 0.699586 0.909424 0.032239 0.035756
0 0.787976 0.926545 0.028705 0.038783
0 0.870079 0.858048 0.029720 0.039788
0 0.938827 0.843687 0.031225 0.037270
0 0.960732 0.840672 0.024681 0.037270
0 0.981264 0.862831 0.029471 0.026190
0 0.981890 0.787032 0.022663 0.034751
0 0.992596 0.773930 0.006808 0.030719
0 0.978869 0.742207 0.028705 0.037778
