0 0.070079 0.858048 0.029720 0.039788
0 0.138827 0.843687 0.031225 0.037270
0 0.160732 0.840672 0.024681 0.037270
0 0.182392 0.862831 0.031726 0.026190
0 0.255933 0.872396 0.028705 0.034255
0 0.393429 0.839667 0.030723 0.037270
0 0.206070 0.794079 0.020645 0.025682
0 0.181890 0.787032 0.022663 0.034751
0 0.201031 0.773930 0.023678 0.030719
0 0.178869 0.742207 0.028705 0.037778
0 0.328962 0.703169 0.026699 0.034255
0 0.486356 0.825561 0.041302 0.038274
0 0.672466 0.834122 0.026699 0.035260
0 0.498696 0.918735 0.027702 0.040297
0 0.385847 0.544347 0.031201 0.033606
0 0.447643 0.607146 0.024401 0.035998
0 0.444249 0.635550 0.028798 0.033606
0 0.507246 0.661346 0.030805 0.034802
0 0.586444 0.690144 0.029195 0.042803
0 0.338246 0.639951 0.027200 0.035998
0 0.671043 0.654146 0.032799 0.034802
0 0.673644 0.614142 0.037196 0.032398
0 0.768449 0.616342 0.036403 0.036799
0 0.771249 0.734346 0.030805 0.026394
0 0.778247 0.793545 0.025602 0.027997
0 0.768251 0.812345 0.024005 0.032004
0 0.845642 0.818552 0.034805 0.027602
0 0.944646 0.838752 0.025602 0.037600
0 0.990924 0.790746 0.010151 0.028798
