0 0.992036 0.386047 0.007927 0.011600
0 0.946079 0.378848 0.017603 0.011600
0 0.884874 0.335647 0.017603 0.011600
0 0.867277 0.241244 0.017603 0.011600
0 0.852076 0.221248 0.017603 0.011600
0 0.806077 0.220848 0.017603 0.011600
0 0.930877 0.030844 0.017603 0.011600
0 0.936479 0.118847 0.017603 0.011600
0 0.818877 0.084048 0.017603 0.011600
0 0.686075 0.226446 0.017603 0.011600
0 0.625674 0.243245 0.017603 0.011600
0 0.610877 0.208047 0.017603 0.011600
0 0.551276 0.318046 0.017603 0.011600
0 0.567276 0.337648 0.017603 0.011600
0 0.574474 0.323648 0.017603 0.011600
0 0.594478 0.330848 0.017603 0.011600
0 0.473677 0.294847 0.017603 0.011600
0 0.520074 0.295246 0.017603 0.011600
0 0.457277 0.078445 0.017603 0.011600
0 0.312479 0.089247 0.017603 0.011600
0 0.787901 0.004307 0.013199 0.008615
0 0.808699 0.021217 0.013199 0.018001
0 0.919583 0.785543 0.016799 0.011999
0 0.911181 0.769144 0.016799 0.011999
0 0.971581 0.858343 0.016799 0.011999
0 0.977981 0.692342 0.016799 0.011999
0 0.777897 0.487008 0.016799 0.011999
0 0.775900 0.499007 0.016799 0.011999
0 0.768297 0.514208 0.016799 0.011999
0 0.750300 0.529809 0.016799 0.011999
0 0.772301 0.548608 0.016799 0.011999
0 0.731899 0.554211 0.016799 0.011999
0 0.891500 0.492211 0.016799 0.011999
0 0.820301 0.486210 0.016799 0.011999
0 0.807096 0.522211 0.016799 0.011999
0 0.747899 0.575809 0.016799 0.011999
0 0.850299 0.440210 0.016799 0.011999
0 0.922701 0.475408 0.016799 0.011999
0 0.972298 0.535811 0.016799 0.011999
0 0.839096 0.467810 0.016799 0.011999
0 0.852700 0.498009 0.030802 0.026801
0 0.840300 0.538610 0.016799 0.011999
0 0.945500 0.432208 0.016799 0.011999
