0 0.930877 0.830844 0.017603 0.011600
0 0.936479 0.918847 0.017603 0.011600
0 0.818877 0.884048 0.017603 0.011600
0 0.457277 0.878445 0.017603 0.011600
0 0.312479 0.889247 0.017603 0.011600
0 0.493276 0.731646 0.017603 0.011600
0 0.352476 0.670845 0.017603 0.011600
0 0.984100 0.659616 0.017603 0.011600
0 0.924498 0.652416 0.017603 0.011600
0 0.924498 0.626014 0.017603 0.011600
0 0.878100 0.644015 0.017603 0.011600
0 0.855301 0.655215 0.017603 0.011600
0 0.852500 0.618017 0.017603 0.011600
0 0.967700 0.629217 0.017603 0.011600
0 0.911299 0.601218 0.017603 0.011600
0 0.955699 0.585617 0.017603 0.011600
0 0.934497 0.738817 0.017603 0.011600
0 0.828099 0.711617 0.017603 0.011600
0 0.811300 0.704417 0.017603 0.011600
0 0.786299 0.762416 0.013199 0.018001
0 0.787901 0.799614 0.013199 0.018001
0 0.808699 0.821217 0.013199 0.018001
0 0.520187 0.464327 0.016799 0.011999
0 0.576584 0.443528 0.016799 0.011999
0 0.609787 0.447529 0.016799 0.011999
0 0.685783 0.469925 0.016799 0.011999
0 0.517386 0.420728 0.016799 0.011999
