0 0.070079 0.058048 0.029720 0.039788
0 0.138827 0.043687 0.031225 0.037270
0 0.160732 0.040672 0.024681 0.037270
0 0.182392 0.062831 0.031726 0.026190
0 0.255933 0.072396 0.028705 0.034255
0 0.393429 0.039667 0.030723 0.037270
0 0.206070 0.003460 0.020645 0.006920
0 0.486356 0.025561 0.041302 0.038274
0 0.672466 0.034122 0.026699 0.035260
0 0.498696 0.118735 0.027702 0.040297
0 0.778247 0.003772 0.025602 0.007543
0 0.768251 0.014173 0.024005 0.028347
0 0.845642 0.018552 0.034805 0.027602
0 0.944646 0.038752 0.025602 0.037600
0 0.495162 0.719488 0.025719 0.032741
0 0.463984 0.703117 0.030396 0.029625
0 0.462818 0.670376 0.031178 0.037410
0 0.486204 0.636477 0.024949 0.044431
0 0.505695 0.628680 0.023386 0.038198
0 0.553237 0.561251 0.024949 0.042090
0 0.496340 0.586971 0.024949 0.034293
0 0.495162 0.549943 0.024168 0.041315
0 0.471006 0.510193 0.027282 0.042866
0 0.448401 0.501620 0.028845 0.028836
0 0.420722 0.486025 0.021823 0.028836
