0 0.130877 0.830844 0.017603 0.011600
0 0.136479 0.918847 0.017603 0.011600
0 0.018877 0.884048 0.017603 0.011600
0 0.184100 0.659616 0.017603 0.011600
0 0.124498 0.652416 0.017603 0.011600
0 0.124498 0.626014 0.017603 0.011600
0 0.078100 0.644015 0.017603 0.011600
0 0.055301 0.655215 0.017603 0.011600
0 0.052500 0.618017 0.017603 0.011600
0 0.167700 0.629217 0.017603 0.011600
0 0.111299 0.601218 0.017603 0.011600
0 0.217697 0.577216 0.017603 0.011600
0 0.155699 0.585617 0.017603 0.011600
0 0.134497 0.738817 0.017603 0.011600
0 0.028099 0.711617 0.017603 0.011600
0 0.011300 0.704417 0.017603 0.011600
0 0.008699 0.821217 0.013199 0.018001
0 0.310333 0.988654 0.016799 0.011999
0 0.233134 0.967854 0.016799 0.011999
0 0.233533 0.949055 0.016799 0.011999
0 0.249933 0.949454 0.016799 0.011999
