0 0.010072 0.530599 0.020144 0.047509
0 0.080715 0.595916 0.030875 0.042752
0 0.659203 0.632880 0.025871 0.033008
0 0.669467 0.660101 0.030338 0.030337
0 0.661430 0.721221 0.030338 0.041938
0 0.706943 0.745313 0.037476 0.038364
0 0.879314 0.784948 0.023596 0.038351
0 0.919870 0.786792 0.023596 0.034662
0 0.846865 0.823299 0.025078 0.041302
0 0.811103 0.744397 0.031714 0.048667
0 0.897382 0.904045 0.021380 0.037613
0 0.913233 0.981549 0.030968 0.028902
0 0.288637 0.845050 0.038351 0.033186
0 0.637554 0.621572 0.030011 0.039750
