0 0.929627 0.091699 0.092101 0.056068
0 0.937645 0.343984 0.044052 0.072076
0 0.822623 0.311981 0.050060 0.046721
0 0.794256 0.333673 0.060065 0.050058
0 0.667453 0.360371 0.040043 0.043384
0 0.667453 0.407079 0.040043 0.043384
0 0.452207 0.332004 0.043386 0.053395
0 0.407150 0.318655 0.040043 0.080093
0 0.358761 0.100068 0.043386 0.076756
0 0.428843 0.048341 0.043386 0.086768
0 0.493921 0.020833 0.033369 0.041667
0 0.468886 0.015827 0.030038 0.031655
0 0.317047 0.115085 0.046717 0.066744
0 0.275332 0.081713 0.036712 0.066744
0 0.300368 0.118423 0.033369 0.060070
0 0.223613 0.120091 0.053391 0.050058
0 0.133510 0.105074 0.040043 0.046721
0 0.020043 0.156800 0.040043 0.036709
0 0.020032 0.186835 0.040065 0.056733
