0 0.451298 0.225976 0.043386 0.063407
0 0.394565 0.109174 0.043386 0.056733
0 0.209357 0.020380 0.053391 0.040761
0 0.060849 0.095825 0.056734 0.056733
0 0.304462 0.364458 0.050060 0.066744
0 0.933510 0.905074 0.040043 0.046721
0 0.820043 0.956800 0.040043 0.036709
0 0.813369 0.977235 0.053391 0.037531
0 0.409584 0.987246 0.053391 0.017508
0 0.384548 0.963475 0.050060 0.043384
0 0.371201 0.985578 0.050060 0.020845
0 0.898470 0.401167 0.043386 0.080093
0 0.978106 0.070796 0.035789 0.093442
0 0.085885 0.754912 0.060065 0.086768
0 0.032482 0.978903 0.040043 0.034194
