0 0.698271 0.081687 0.076089 0.068074
0 0.964582 0.772465 0.056067 0.064072
0 0.910514 0.734426 0.044052 0.076091
0 0.878477 0.736420 0.052058 0.064072
0 0.832426 0.818521 0.024031 0.108121
0 0.784377 0.768463 0.056067 0.064072
0 0.814403 0.706385 0.060065 0.076091
0 0.858455 0.596270 0.060065 0.056068
0 0.738326 0.526189 0.068083 0.060070
0 0.736316 0.606282 0.048049 0.076091
0 0.676251 0.620295 0.048049 0.064072
0 0.646213 0.654332 0.052058 0.060070
0 0.564128 0.636317 0.056067 0.072076
0 0.492048 0.588253 0.064074 0.072076
0 0.359892 0.544204 0.056067 0.080093
0 0.129627 0.091699 0.092101 0.056068
0 0.229746 0.454099 0.036046 0.076091
0 0.137645 0.343984 0.044052 0.072076
0 0.023826 0.311981 0.047653 0.046721
0 0.012144 0.333673 0.024289 0.050058
