0 0.508969 0.574239 0.048049 0.060070
0 0.623103 0.436084 0.060065 0.080093
0 0.721212 0.299936 0.072080 0.072076
0 0.841341 0.239866 0.096110 0.104119
0 0.464917 0.440086 0.072080 0.064072
0 0.420865 0.570237 0.056067 0.052053
0 0.380822 0.618288 0.040043 0.052053
0 0.436889 0.630307 0.056067 0.068074
0 0.240659 0.734426 0.040043 0.068074
0 0.164582 0.772465 0.056067 0.064072
0 0.110514 0.734426 0.044052 0.076091
0 0.078477 0.736420 0.052058 0.064072
0 0.032426 0.818521 0.024031 0.108121
0 0.022218 0.706385 0.044435 0.076091
0 0.058455 0.596270 0.060065 0.056068
