0 0.979649 0.527277 0.032701 0.064072
0 0.981651 0.625386 0.028698 0.060070
0 0.871197 0.747534 0.056067 0.080093
0 0.853174 0.679460 0.076089 0.072076
0 0.755065 0.691466 0.072080 0.080093
0 0.642931 0.785573 0.064074 0.076091
0 0.434697 0.779563 0.072080 0.064072
0 0.370624 0.845643 0.064074 0.068074
0 0.376631 0.977890 0.044052 0.036221
0 0.202433 0.709481 0.048049 0.068074
0 0.330581 0.587347 0.048049 0.056068
0 0.148376 0.681454 0.044052 0.068074
0 0.204432 0.431176 0.044052 0.056068
0 0.230461 0.397139 0.040043 0.068074
0 0.206442 0.381118 0.048049 0.052053
0 0.050267 0.232951 0.056067 0.068074
