0 0.388828 0.891882 0.064074 0.076091
0 0.424874 0.709677 0.080086 0.072076
0 0.364809 0.681637 0.048049 0.088097
0 0.254685 0.577519 0.060065 0.088097
0 0.314750 0.491429 0.060065 0.084095
0 0.394836 0.469398 0.052058 0.072076
0 0.036240 0.469398 0.072481 0.072076
0 0.066462 0.421347 0.092101 0.080093
0 0.190611 0.849828 0.068083 0.080093
0 0.330762 0.877868 0.036046 0.080093
0 0.739234 0.982987 0.068083 0.026026
0 0.857365 0.937938 0.056067 0.064072
0 0.258682 0.947950 0.044052 0.084095
0 0.278704 0.909897 0.060065 0.048051
