0 0.969823 0.054748 0.052354 0.072076
0 0.953657 0.214922 0.044052 0.064072
0 0.915613 0.230943 0.056067 0.080093
0 0.929627 0.891699 0.092101 0.056068
0 0.789254 0.012037 0.043386 0.024075
0 0.644089 0.240994 0.053391 0.053395
0 0.560660 0.144214 0.026695 0.066744
0 0.535636 0.150889 0.030038 0.073419
0 0.592358 0.017043 0.030038 0.034086
0 0.488907 0.109174 0.050060 0.063407
0 0.777577 0.412847 0.060065 0.070082
0 0.634072 0.346103 0.053391 0.103454
0 0.632412 0.287715 0.043386 0.053395
0 0.734192 0.501284 0.046717 0.053395
0 0.358761 0.900068 0.043386 0.076756
0 0.428843 0.848341 0.043386 0.086768
0 0.642417 0.773254 0.050060 0.063407
0 0.493921 0.796614 0.033369 0.090105
0 0.468886 0.796614 0.030038 0.070082
0 0.457209 0.753243 0.040043 0.063407
0 0.317047 0.915085 0.046717 0.066744
0 0.275332 0.881713 0.036712 0.066744
0 0.300368 0.918423 0.033369 0.060070
0 0.223613 0.920091 0.053391 0.050058
0 0.133510 0.905074 0.040043 0.046721
0 0.020043 0.956800 0.040043 0.036709
0 0.020032 0.977235 0.040065 0.037531
0 0.098470 0.401167 0.043386 0.080093
0 0.183570 0.070796 0.046717 0.093442
