0 0.933510 0.105074 0.040043 0.046721
0 0.820043 0.156800 0.040043 0.036709
0 0.813369 0.186835 0.053391 0.056733
0 0.786674 0.342016 0.033369 0.066744
0 0.776669 0.747475 0.033369 0.076756
0 0.706588 0.674056 0.046717 0.063407
0 0.693240 0.358702 0.040043 0.053395
0 0.738286 0.260254 0.023364 0.050058
0 0.723266 0.248574 0.020022 0.046721
0 0.754976 0.300301 0.023364 0.056733
0 0.769995 0.286952 0.033369 0.083430
0 0.541401 0.273603 0.050060 0.063407
0 0.546404 0.357033 0.066738 0.056733
0 0.489670 0.380394 0.053391 0.050058
0 0.466317 0.870939 0.060065 0.043384
0 0.312807 0.425433 0.053391 0.080093
0 0.356193 0.288621 0.060065 0.053395
0 0.221033 0.226882 0.030038 0.063407
0 0.409584 0.206859 0.053391 0.056733
0 0.384548 0.163475 0.050060 0.043384
0 0.371201 0.200184 0.050060 0.050058
0 0.011236 0.240231 0.022471 0.083430
0 0.032482 0.213533 0.040043 0.103454
0 0.199340 0.463811 0.040043 0.063407
0 0.065863 0.276940 0.060065 0.043384
0 0.055847 0.325330 0.040043 0.053395
0 0.032482 0.383731 0.053391 0.023361
0 0.026258 0.375388 0.052515 0.033372
0 0.012907 0.352028 0.025814 0.040047
0 0.022918 0.323661 0.045836 0.030035
