0 0.799113 0.240231 0.046717 0.083430
0 0.832482 0.213533 0.040043 0.103454
0 0.987659 0.463811 0.016681 0.063407
0 0.865863 0.276940 0.060065 0.043384
0 0.855847 0.325330 0.040043 0.053395
0 0.832482 0.383731 0.053391 0.023361
0 0.824149 0.375388 0.056734 0.033372
0 0.802456 0.352028 0.046717 0.040047
0 0.814132 0.323661 0.063407 0.030035
0 0.685658 0.355365 0.053391 0.080093
0 0.653948 0.372051 0.056734 0.106791
0 0.759070 0.448794 0.046717 0.053395
0 0.588881 0.293626 0.053391 0.050058
0 0.500450 0.263591 0.063407 0.056733
0 0.487090 0.306975 0.050060 0.063407
0 0.667296 0.680730 0.050060 0.056733
0 0.492104 0.582282 0.053391 0.046721
0 0.472083 0.730789 0.053391 0.090105
0 0.505452 0.538899 0.046717 0.073419
0 0.445387 0.440451 0.033369 0.050058
0 0.482088 0.425433 0.040043 0.060070
0 0.422023 0.899305 0.046717 0.053395
