0 0.445986 0.969423 0.044052 0.053154
0 0.792383 0.882776 0.056067 0.064072
0 0.732318 0.874772 0.048049 0.056068
0 0.544106 0.780665 0.040043 0.068074
0 0.504052 0.776663 0.040043 0.076091
0 0.558120 0.608472 0.052058 0.076091
0 0.692275 0.614469 0.056067 0.072076
0 0.982293 0.650513 0.027415 0.096114
0 0.944561 0.468309 0.056067 0.084095
0 0.980288 0.412241 0.031424 0.076091
0 0.892491 0.476313 0.064074 0.068074
0 0.626191 0.117915 0.068083 0.072076
0 0.976285 0.049828 0.039430 0.080093
0 0.986293 0.294109 0.019414 0.080093
0 0.492048 0.238041 0.064074 0.048051
0 0.492048 0.342160 0.048049 0.064072
0 0.407953 0.374202 0.072080 0.080093
0 0.367898 0.314132 0.064074 0.064072
0 0.419957 0.242056 0.048049 0.072076
0 0.538099 0.416243 0.060065 0.068074
0 0.520076 0.444284 0.048049 0.076091
0 0.279806 0.360189 0.048049 0.068074
0 0.249768 0.376197 0.044052 0.084095
0 0.371907 0.197995 0.040043 0.072076
0 0.185694 0.392218 0.044052 0.068074
0 0.051539 0.504354 0.056067 0.060070
0 0.171680 0.854748 0.056067 0.072076
0 0.061556 0.774655 0.052058 0.072076
0 0.153657 0.989443 0.044052 0.013114
0 0.116057 0.235082 0.050060 0.063407
0 0.005473 0.795708 0.010947 0.056733
