0 0.607994 0.183498 0.073412 0.090105
0 0.537913 0.395411 0.053391 0.053395
0 0.449481 0.392074 0.050060 0.046721
0 0.437805 0.457137 0.046717 0.076756
0 0.541256 0.720777 0.100108 0.063407
0 0.512889 0.931009 0.050060 0.063407
0 0.501201 0.967676 0.053391 0.056648
0 0.457827 0.951032 0.046717 0.076756
0 0.427788 0.955996 0.046717 0.080009
0 0.132456 0.570602 0.043386 0.063407
0 0.109092 0.644021 0.056734 0.056733
0 0.172499 0.764161 0.050060 0.083430
0 0.087399 0.864264 0.053391 0.070082
0 0.077394 0.904311 0.066738 0.076756
