0 0.285670 0.014447 0.034788 0.028894
0 0.299967 0.040672 0.031982 0.038151
0 0.333630 0.079390 0.020757 0.035909
0 0.349899 0.075732 0.024119 0.038704
0 0.157621 0.682019 0.031220 0.031221
0 0.301527 0.781466 0.032587 0.038692
0 0.367172 0.652485 0.025801 0.026932
0 0.375023 0.623312 0.024688 0.031414
0 0.389332 0.635664 0.021882 0.028053
0 0.400267 0.654456 0.022438 0.025245
0 0.451881 0.691203 0.029176 0.033655
0 0.476569 0.727949 0.024688 0.033102
0 0.317797 0.743650 0.023563 0.028606
0 0.346416 0.747295 0.022438 0.029173
0 0.384554 0.733552 0.028051 0.033102
0 0.362395 0.749819 0.030857 0.037584
0 0.332106 0.708874 0.025244 0.038704
0 0.498729 0.685870 0.026369 0.039825
0 0.517804 0.689232 0.020757 0.034222
0 0.535186 0.692606 0.024119 0.034222
0 0.637010 0.764966 0.030288 0.038704
0 0.580909 0.760484 0.031413 0.026365
0 0.600262 0.788820 0.028607 0.033655
0 0.498160 0.852769 0.027494 0.037030
0 0.524529 0.833140 0.020757 0.039271
0 0.566890 0.865108 0.026926 0.038151
0 0.580074 0.954869 0.021882 0.034776
0 0.558471 0.986936 0.024688 0.018127
0 0.614294 0.943934 0.025244 0.031981
0 0.635885 0.957960 0.021313 0.028606
0 0.630841 0.983295 0.025801 0.025411
0 0.740794 0.960485 0.037026 0.025812
0 0.787085 0.919526 0.027494 0.032535
0 0.839812 0.845763 0.029732 0.034222
0 0.947526 0.844629 0.033095 0.031981
0 0.969130 0.895402 0.035901 0.035909
0 0.991818 0.866796 0.008363 0.041512
0 0.879644 0.905500 0.031982 0.025812
0 0.889466 0.923738 0.028051 0.033102
0 0.892550 0.943367 0.025244 0.034222
0 0.801104 0.954032 0.023007 0.023004
0 0.794089 0.937198 0.040389 0.021883
