0 0.987195 0.874502 0.017609 0.051307
0 0.953570 0.800858 0.033095 0.062892
0 0.859233 0.791762 0.026478 0.041376
0 0.863370 0.828160 0.041368 0.051307
0 0.779799 0.821540 0.043025 0.067857
0 0.985263 0.827314 0.021474 0.049154
0 0.680648 0.693653 0.047997 0.052962
0 0.512670 0.686199 0.036409 0.054617
0 0.461359 0.657242 0.039723 0.072822
0 0.494466 0.771428 0.049654 0.066202
0 0.394335 0.761498 0.044683 0.062892
0 0.329791 0.715990 0.044683 0.074477
0 0.281794 0.726754 0.041368 0.079442
0 0.171745 0.774738 0.076132 0.069512
0 0.005606 0.783013 0.011213 0.072822
0 0.009740 0.724265 0.019480 0.074477
0 0.012226 0.665517 0.024452 0.069512
