0 0.964839 0.774738 0.062321 0.069512
0 0.763222 0.830189 0.036409 0.071167
0 0.792180 0.783013 0.038066 0.072822
0 0.797139 0.724265 0.044683 0.074477
0 0.797974 0.665517 0.052956 0.069512
0 0.674848 0.086436 0.028039 0.058076
0 0.772971 0.242633 0.032042 0.042048
0 0.750944 0.416849 0.028039 0.066078
0 0.668837 0.391824 0.040050 0.052066
0 0.612772 0.359781 0.048057 0.052066
0 0.624783 0.414845 0.040050 0.042048
0 0.609772 0.486933 0.038042 0.054069
0 0.572722 0.543006 0.044054 0.070085
0 0.710894 0.467919 0.036046 0.072088
0 0.679856 0.465915 0.034038 0.044052
0 0.655821 0.471913 0.042058 0.040045
0 0.724914 0.376804 0.028039 0.058076
0 0.740929 0.341749 0.048057 0.036050
0 0.744933 0.298705 0.028039 0.058076
0 0.729921 0.226605 0.038042 0.030040
0 0.729921 0.242633 0.042058 0.030040
0 0.727914 0.280674 0.026031 0.054069
0 0.649822 0.220607 0.026031 0.050062
0 0.581733 0.189559 0.030034 0.048059
0 0.613776 0.219599 0.022027 0.044052
0 0.593745 0.225609 0.022027 0.052066
0 0.626791 0.177551 0.020031 0.056073
0 0.605768 0.177551 0.030034 0.068081
0 0.591749 0.128484 0.030034 0.038054
0 0.614780 0.129492 0.020031 0.060080
0 0.621783 0.074415 0.026031 0.058076
0 0.630795 0.090443 0.028039 0.054069
0 0.688868 0.237630 0.028039 0.052066
0 0.683860 0.138501 0.026031 0.042048
0 0.717898 0.145507 0.038042 0.028036
0 0.685868 0.178546 0.022027 0.058076
0 0.692871 0.209594 0.024035 0.052066
