0 0.508752 0.671726 0.013999 0.017998
0 0.462348 0.657328 0.013999 0.017998
0 0.507150 0.753326 0.013999 0.017998
0 0.443151 0.712929 0.013999 0.017998
0 0.474751 0.624530 0.013999 0.017998
0 0.751937 0.536962 0.016940 0.021778
0 0.680305 0.505986 0.016940 0.021778
0 0.656593 0.521471 0.016940 0.021778
0 0.532048 0.535536 0.021597 0.010400
0 0.523646 0.552338 0.021597 0.010400
0 0.538044 0.511941 0.021597 0.010400
0 0.546047 0.495139 0.021597 0.010400
0 0.515649 0.576739 0.021597 0.010400
0 0.510046 0.511538 0.012802 0.018401
0 0.522044 0.504336 0.012802 0.018401
0 0.501644 0.520339 0.012802 0.018401
0 0.487246 0.523140 0.012802 0.018401
0 0.493248 0.543537 0.012802 0.018401
0 0.521645 0.587542 0.012802 0.018401
0 0.410855 0.209557 0.018742 0.026940
