0 0.084779 0.485661 0.011998 0.019201
0 0.101976 0.529659 0.011998 0.019201
0 0.193176 0.446863 0.011998 0.019201
0 0.213576 0.469658 0.011998 0.019201
0 0.237978 0.578460 0.011998 0.019201
0 0.221579 0.576062 0.011998 0.019201
0 0.016379 0.538863 0.011998 0.019201
0 0.015176 0.551258 0.011998 0.019201
0 0.420788 0.431870 0.013999 0.017998
0 0.345588 0.381470 0.013999 0.017998
0 0.405985 0.467867 0.013999 0.017998
0 0.373586 0.465469 0.013999 0.017998
0 0.410386 0.494270 0.013999 0.017998
0 0.496387 0.493067 0.013999 0.017998
0 0.510786 0.494666 0.013999 0.017998
0 0.401984 0.575870 0.013999 0.017998
0 0.613585 0.507471 0.013999 0.017998
0 0.536384 0.529070 0.013999 0.017998
0 0.774188 0.693377 0.018633 0.023959
0 0.618196 0.811032 0.018633 0.023959
0 0.942424 0.753001 0.018633 0.023959
