0 0.637726 0.106735 0.045772 0.062255
0 0.548924 0.176312 0.047605 0.058587
0 0.354841 0.137862 0.047605 0.069576
0 0.903821 0.820072 0.050934 0.085785
0 0.639762 0.739657 0.048251 0.058975
0 0.598217 0.837507 0.050934 0.067023
0 0.958826 0.759820 0.033233 0.068675
0 0.973533 0.711070 0.044934 0.059814
0 0.975000 0.594734 0.042000 0.057599
0 0.823282 0.528274 0.048742 0.101918
0 0.961761 0.426356 0.033233 0.066460
0 0.984970 0.365428 0.022060 0.104133
0 0.973940 0.360998 0.022156 0.077537
0 0.960647 0.349921 0.031018 0.068675
0 0.191871 0.189303 0.053173 0.070891
0 0.076662 0.807431 0.062036 0.079764
0 0.040100 0.978148 0.055389 0.035705
0 0.006209 0.612457 0.012417 0.062029
