0 0.980642 0.189303 0.030715 0.070891
0 0.761453 0.239154 0.062036 0.073106
0 0.660651 0.257978 0.059820 0.075321
0 0.621873 0.205912 0.048742 0.059814
0 0.544328 0.105108 0.048742 0.066460
0 0.480089 0.143883 0.057605 0.064245
0 0.406976 0.245800 0.035449 0.073106
0 0.590855 0.349921 0.048742 0.064245
0 0.338293 0.292322 0.039880 0.059814
0 0.365982 0.197051 0.042096 0.055383
0 0.290653 0.163821 0.050958 0.064245
0 0.876662 0.807431 0.062036 0.079764
0 0.840100 0.978148 0.055389 0.035705
0 0.751489 0.984793 0.077545 0.022413
0 0.298413 0.837332 0.035449 0.064245
0 0.791369 0.612457 0.042096 0.062029
0 0.265180 0.668954 0.048742 0.037661
0 0.261862 0.781948 0.037665 0.059814
0 0.217551 0.755364 0.028802 0.055383
0 0.235276 0.755364 0.024371 0.059814
0 0.107875 0.765327 0.035449 0.070891
0 0.124498 0.777518 0.028802 0.050953
0 0.116737 0.825153 0.048742 0.070891
