0 0.895850 0.402413 0.029245 0.063369
0 0.822736 0.364640 0.053617 0.051178
0 0.940939 0.493805 0.060922 0.051178
0 0.982481 0.469436 0.027037 0.060928
0 0.993449 0.480400 0.005103 0.097487
0 0.667982 0.138000 0.051173 0.075547
0 0.585120 0.042954 0.051173 0.046309
0 0.657024 0.080727 0.048742 0.048737
0 0.627779 0.056358 0.029245 0.063369
0 0.611934 0.029396 0.021928 0.058793
0 0.437684 0.389008 0.038994 0.056047
0 0.356043 0.251320 0.051173 0.053619
0 0.408438 0.358544 0.038994 0.043869
0 0.381636 0.351235 0.038994 0.053619
0 0.403564 0.464555 0.024371 0.060928
0 0.379193 0.446282 0.029245 0.068237
0 0.178140 0.242784 0.036551 0.051178
0 0.163517 0.312248 0.051173 0.058487
0 0.330451 0.446282 0.029245 0.058487
0 0.313397 0.440186 0.048742 0.056047
0 0.303648 0.479186 0.024371 0.065797
0 0.284151 0.491364 0.024371 0.075547
0 0.271960 0.459686 0.024371 0.065797
0 0.253684 0.484055 0.026802 0.051178
0 0.230535 0.544983 0.048742 0.026809
0 0.224439 0.518174 0.031677 0.046309
0 0.184224 0.466996 0.029245 0.041428
0 0.146451 0.509650 0.036551 0.053619
0 0.089182 0.602256 0.024371 0.063369
0 0.087961 0.650993 0.036551 0.053619
0 0.008034 0.726540 0.016069 0.073106
0 0.025817 0.598601 0.043868 0.031678
0 0.027039 0.102655 0.041425 0.053619
0 0.011690 0.134345 0.023380 0.068237
