0 0.470593 0.942841 0.064874 0.097312
0 0.537096 0.902290 0.048658 0.087574
0 0.554940 0.751459 0.064874 0.077850
0 0.428425 0.766053 0.058383 0.074608
0 0.671706 0.777405 0.051904 0.058387
0 0.707394 0.809846 0.038922 0.084333
0 0.788484 0.915269 0.051904 0.055145
0 0.790101 0.950952 0.042167 0.055145
0 0.757670 0.987256 0.048658 0.017488
0 0.713873 0.970414 0.038922 0.042166
0 0.818747 0.821474 0.029964 0.054933
0 0.854531 0.849772 0.024970 0.054933
0 0.862016 0.809821 0.029964 0.058262
0 0.889489 0.771535 0.028299 0.044945
0 0.925274 0.630054 0.039952 0.051603
0 0.930268 0.699968 0.026635 0.041616
0 0.929429 0.730758 0.031629 0.039951
0 0.926938 0.768206 0.036623 0.044945
0 0.943585 0.863916 0.043281 0.046610
0 0.965226 0.743236 0.029964 0.051603
0 0.962723 0.705788 0.021641 0.053268
0 0.988101 0.607588 0.015798 0.046610
0 0.983110 0.647526 0.025780 0.053268
0 0.988104 0.694136 0.015792 0.049939
0 0.981442 0.665011 0.029116 0.038286
0 0.714712 0.470262 0.034958 0.058262
0 0.544233 0.469073 0.077988 0.080428
0 0.385827 0.346003 0.043868 0.077987
0 0.305408 0.302135 0.063365 0.063369
0 0.255444 0.370372 0.060922 0.077987
0 0.340737 0.254612 0.036551 0.090165
0 0.262749 0.009718 0.031677 0.019436
0 0.148211 0.038923 0.056048 0.068237
0 0.087289 0.019462 0.056048 0.038923
0 0.021481 0.165660 0.041425 0.073106
0 0.021100 0.105947 0.042199 0.060928
