0 0.969072 0.731997 0.053855 0.084333
0 0.848073 0.696314 0.077844 0.071366
0 0.655068 0.501690 0.048658 0.103795
0 0.611284 0.498448 0.045413 0.110291
0 0.483153 0.693072 0.068119 0.097312
0 0.575595 0.355728 0.045413 0.084333
0 0.526937 0.277879 0.058383 0.077850
0 0.244734 0.616850 0.064874 0.081091
0 0.007218 0.915269 0.014436 0.055145
0 0.005592 0.950952 0.011184 0.055145
0 0.018747 0.821474 0.029964 0.054933
0 0.054531 0.849772 0.024970 0.054933
0 0.062016 0.809821 0.029964 0.058262
0 0.089489 0.771535 0.028299 0.044945
0 0.125274 0.630054 0.039952 0.051603
0 0.130268 0.699968 0.026635 0.041616
0 0.129429 0.730758 0.031629 0.039951
0 0.126938 0.768206 0.036623 0.044945
0 0.143585 0.863916 0.043281 0.046610
0 0.165226 0.743236 0.029964 0.051603
0 0.162723 0.705788 0.021641 0.053268
0 0.192687 0.607588 0.024970 0.046610
0 0.186866 0.647526 0.033293 0.053268
0 0.209333 0.652520 0.021641 0.043280
0 0.196854 0.694136 0.033293 0.049939
0 0.186028 0.665011 0.038287 0.038286
