0 0.833897 0.309892 0.051904 0.094070
0 0.749562 0.335838 0.064874 0.132995
0 0.553311 0.507758 0.068119 0.081091
0 0.436533 0.580739 0.061628 0.084333
0 0.470593 0.142841 0.064874 0.097312
0 0.537096 0.102290 0.048658 0.087574
0 0.707394 0.026006 0.038922 0.052013
0 0.788484 0.115269 0.051904 0.055145
0 0.790101 0.150952 0.042167 0.055145
0 0.757670 0.206085 0.048658 0.055145
0 0.713873 0.170414 0.038922 0.042166
0 0.818747 0.024470 0.029964 0.048940
0 0.854531 0.049772 0.024970 0.054933
0 0.862016 0.019476 0.029964 0.038952
0 0.943585 0.063916 0.043281 0.046610
