0 0.834322 0.732913 0.060922 0.104796
0 0.906214 0.667116 0.043868 0.085297
0 0.948861 0.618379 0.056048 0.056047
0 0.675904 0.584260 0.075545 0.046309
0 0.733173 0.739008 0.058491 0.077987
0 0.689317 0.813341 0.053617 0.080428
0 0.510192 0.860864 0.056048 0.058487
0 0.281103 0.985699 0.060922 0.020602
0 0.500443 0.583034 0.051173 0.063369
0 0.461450 0.456309 0.060922 0.068237
0 0.900119 0.173610 0.041425 0.053619
0 0.953735 0.179706 0.041425 0.046309
0 0.943987 0.221134 0.046299 0.051178
0 0.692970 0.116337 0.046299 0.056047
0 0.616204 0.185801 0.034120 0.068237
0 0.586958 0.149242 0.068239 0.048737
0 0.585737 0.116337 0.051173 0.056047
0 0.500443 0.072469 0.070670 0.060928
0 0.426108 0.126087 0.043868 0.060928
0 0.466324 0.211384 0.041425 0.065797
0 0.385893 0.077350 0.046299 0.065797
0 0.314001 0.090754 0.053617 0.073106
0 0.075715 0.183723 0.053617 0.053619
0 0.111044 0.214187 0.031677 0.070678
0 0.327941 0.587064 0.036551 0.056047
0 0.299917 0.662611 0.048742 0.051178
0 0.210972 0.551719 0.041425 0.087737
0 0.086673 0.492017 0.051173 0.075547
0 0.327941 0.540755 0.036551 0.056047
