0 0.906786 0.357608 0.056048 0.065797
0 0.831229 0.251598 0.041425 0.063369
0 0.744715 0.208943 0.073113 0.041428
0 0.542440 0.191884 0.048742 0.056047
0 0.948211 0.838923 0.056048 0.068237
0 0.887289 0.808459 0.056048 0.060928
0 0.821481 0.962554 0.041425 0.066893
0 0.819050 0.905947 0.046299 0.060928
0 0.739841 0.869387 0.038994 0.060928
0 0.736188 0.806031 0.041425 0.051178
0 0.699637 0.860864 0.036551 0.068237
0 0.654547 0.804805 0.043868 0.082856
0 0.659422 0.681735 0.053617 0.051178
0 0.694763 0.743877 0.031677 0.058487
0 0.708164 0.782877 0.024371 0.053619
0 0.561937 0.773127 0.048742 0.058487
0 0.479075 0.763377 0.053617 0.058487
0 0.449830 0.693926 0.048742 0.060928
0 0.404752 0.696366 0.056048 0.051178
0 0.358441 0.756067 0.060922 0.073106
0 0.441303 0.581820 0.060922 0.085297
0 0.437650 0.456309 0.038994 0.073106
0 0.442524 0.368572 0.048742 0.068237
0 0.356010 0.295466 0.041425 0.077987
0 0.290214 0.238193 0.051173 0.080428
0 0.256094 0.730485 0.051173 0.070678
0 0.226849 0.810900 0.051173 0.090165
0 0.034322 0.732913 0.060922 0.104796
0 0.106214 0.667116 0.043868 0.085297
0 0.148861 0.618379 0.056048 0.056047
0 0.100119 0.173610 0.041425 0.053619
0 0.153735 0.179706 0.041425 0.046309
0 0.143987 0.221134 0.046299 0.051178
