0 0.178440 0.103216 0.053102 0.043944
0 0.244356 0.184695 0.038455 0.053093
0 0.103362 0.025972 0.034790 0.051944
0 0.078644 0.004920 0.032958 0.009840
0 0.063087 0.029058 0.027461 0.056760
0 0.018225 0.012242 0.025629 0.024484
0 0.036536 0.020481 0.021976 0.040961
0 0.051183 0.007664 0.040287 0.015328
0 0.814413 0.154782 0.042096 0.055383
0 0.402331 0.385189 0.037665 0.050953
0 0.392355 0.470485 0.053173 0.048737
0 0.389038 0.553566 0.033233 0.055383
0 0.410080 0.620039 0.031018 0.050953
0 0.428918 0.817216 0.046527 0.050953
0 0.426702 0.846015 0.055389 0.042091
0 0.868689 0.841585 0.053173 0.050953
