0 0.827039 0.902655 0.041425 0.053619
0 0.797793 0.934345 0.051173 0.068237
0 0.733207 0.907536 0.063365 0.068237
0 0.733207 0.643111 0.053617 0.056047
0 0.733207 0.596801 0.058491 0.060928
0 0.621111 0.502981 0.048742 0.082856
0 0.791697 0.333602 0.068239 0.056047
0 0.701530 0.290960 0.053617 0.063369
0 0.585770 0.284865 0.036551 0.075547
0 0.519974 0.378685 0.056048 0.058487
0 0.440765 0.423780 0.048742 0.060928
0 0.215340 0.256842 0.041425 0.058487
0 0.367651 0.286079 0.029245 0.058487
0 0.335975 0.332388 0.034120 0.073106
0 0.286011 0.318984 0.031677 0.070678
0 0.243364 0.198342 0.048742 0.053619
0 0.317699 0.258056 0.060922 0.041428
0 0.328657 0.282424 0.034120 0.046309
0 0.917206 0.764966 0.026802 0.085297
0 0.897709 0.773490 0.031677 0.097487
