0 0.005692 0.711496 0.011385 0.039500
0 0.412323 0.822425 0.027655 0.034890
0 0.449193 0.815517 0.032916 0.038188
0 0.621354 0.724326 0.028309 0.033578
0 0.651307 0.741452 0.025019 0.037526
0 0.348136 0.625901 0.030945 0.032916
0 0.544324 0.639730 0.033581 0.034241
0 0.301387 0.475472 0.024354 0.040162
0 0.825987 0.738904 0.029883 0.031805
0 0.918529 0.719629 0.031808 0.037588
0 0.922868 0.620829 0.021205 0.032779
0 0.952751 0.560580 0.026990 0.035665
0 0.871301 0.544678 0.024098 0.034703
0 0.824552 0.611673 0.026990 0.029881
0 0.658748 0.366355 0.026990 0.032779
0 0.827923 0.208269 0.024098 0.032779
0 0.871780 0.360571 0.026990 0.032779
0 0.929131 0.511899 0.026022 0.044334
0 0.980639 0.462256 0.030722 0.047232
