0 0.139096 0.833506 0.023048 0.036864
0 0.074909 0.582341 0.036870 0.048057
0 0.158843 0.546127 0.023048 0.038838
0 0.241798 0.575096 0.030945 0.038838
0 0.371175 0.566214 0.031598 0.047407
0 0.511399 0.622828 0.035552 0.027657
0 0.575598 0.714344 0.025672 0.038188
0 0.642095 0.674183 0.028309 0.035552
0 0.715823 0.751208 0.025672 0.042136
0 0.742487 0.634358 0.026337 0.034890
0 0.744796 0.594196 0.028309 0.034890
0 0.776067 0.444742 0.025019 0.034890
0 0.678964 0.473711 0.030945 0.030943
0 0.665131 0.508601 0.026990 0.040162
0 0.902470 0.675832 0.036870 0.024359
0 0.986437 0.737717 0.019125 0.032254
