0 0.025987 0.738904 0.029883 0.031805
0 0.118529 0.719629 0.031808 0.037588
0 0.122868 0.620829 0.021205 0.032779
0 0.152751 0.560580 0.026990 0.035665
0 0.071301 0.544678 0.024098 0.034703
0 0.024552 0.611673 0.026990 0.029881
0 0.027923 0.208269 0.024098 0.032779
0 0.071780 0.360571 0.026990 0.032779
0 0.319500 0.280560 0.030840 0.038563
0 0.129131 0.511899 0.026022 0.044334
0 0.258299 0.463230 0.029883 0.041448
0 0.318053 0.466603 0.027959 0.042410
0 0.181666 0.462256 0.032776 0.047232
0 0.484137 0.688636 0.029160 0.039650
0 0.668417 0.562667 0.024494 0.041986
0 0.704575 0.549263 0.024494 0.038488
0 0.850958 0.450701 0.025661 0.046658
0 0.916265 0.527676 0.037325 0.034990
0 0.885938 0.531174 0.032659 0.041986
0 0.987625 0.666475 0.016750 0.037326
0 0.776892 0.716630 0.024494 0.034990
0 0.705741 0.685138 0.022162 0.037326
0 0.667833 0.718954 0.027994 0.039650
0 0.558308 0.812294 0.038235 0.032667
0 0.469090 0.812694 0.036648 0.043022
