0 0.286099 0.389615 0.029160 0.033828
0 0.213794 0.465429 0.029160 0.036152
0 0.570152 0.328529 0.033522 0.046683
0 0.148440 0.203734 0.026792 0.036939
0 0.353435 0.472400 0.030665 0.035115
0 0.282203 0.480057 0.020774 0.024734
0 0.280477 0.503305 0.026221 0.028694
0 0.287160 0.556983 0.023748 0.030168
0 0.466704 0.611386 0.022756 0.036114
0 0.512707 0.661841 0.044521 0.030168
0 0.465969 0.705375 0.032146 0.041061
0 0.405375 0.784512 0.023748 0.036114
0 0.577267 0.832744 0.040066 0.035615
0 0.718973 0.588638 0.026711 0.037101
0 0.739257 0.624252 0.028693 0.035115
0 0.088592 0.821251 0.026069 0.038388
0 0.217141 0.835742 0.035482 0.026795
0 0.501591 0.449889 0.039436 0.031542
0 0.939096 0.033506 0.023048 0.036864
