0 0.983763 0.138813 0.022302 0.032667
0 0.780086 0.133454 0.029673 0.036114
0 0.983262 0.234602 0.025475 0.038588
0 0.780086 0.255139 0.028693 0.035115
0 0.725674 0.361908 0.022756 0.037588
0 0.351796 0.222360 0.025672 0.033578
0 0.349825 0.241785 0.020412 0.034241
0 0.250739 0.284907 0.043448 0.025671
0 0.340599 0.336262 0.028309 0.038838
0 0.474910 0.321771 0.032263 0.033578
0 0.865875 0.495922 0.026116 0.035365
0 0.201960 0.557795 0.027515 0.033316
0 0.094780 0.403169 0.026069 0.038388
0 0.031771 0.316262 0.031866 0.032592
0 0.108940 0.894379 0.034257 0.030268
