0 0.461219 0.973083 0.031043 0.032794
0 0.416420 0.986003 0.026934 0.019995
0 0.370746 0.879676 0.026934 0.042746
0 0.261227 0.890210 0.040997 0.026355
0 0.356978 0.738237 0.024006 0.039830
0 0.201491 0.723310 0.021077 0.034556
0 0.162843 0.750248 0.043335 0.025188
0 0.165476 0.825205 0.035719 0.038068
0 0.276460 0.672065 0.038648 0.044507
0 0.433695 0.707490 0.024006 0.034556
0 0.314517 0.826384 0.026934 0.029866
0 0.318909 0.853321 0.022837 0.028700
0 0.425205 0.847465 0.025765 0.027521
0 0.420234 0.876748 0.026355 0.028700
0 0.183342 0.583050 0.037479 0.039830
0 0.207347 0.544102 0.032791 0.024009
0 0.268548 0.533853 0.026355 0.032794
0 0.272646 0.491392 0.041576 0.041579
0 0.382460 0.533269 0.028115 0.038651
0 0.163422 0.620237 0.028115 0.036901
0 0.178654 0.624630 0.025765 0.036306
0 0.216428 0.615547 0.038069 0.032211
0 0.041315 0.578658 0.028693 0.033378
0 0.453615 0.489630 0.039238 0.031045
0 0.587140 0.649805 0.031043 0.035139
0 0.227846 0.756688 0.025765 0.039234
0 0.854190 0.750583 0.025021 0.042063
0 0.024536 0.105876 0.027702 0.039296
0 0.072205 0.090093 0.023840 0.034792
0 0.177202 0.074955 0.026414 0.036715
0 0.261924 0.045002 0.025765 0.034792
0 0.290582 0.040175 0.028989 0.048317
0 0.341805 0.079149 0.043808 0.030921
0 0.358230 0.045002 0.021254 0.037360
0 0.428122 0.054991 0.037361 0.038006
0 0.507034 0.044357 0.022541 0.038651
0 0.559545 0.017029 0.021904 0.034058
0 0.422725 0.133806 0.035672 0.025560
0 0.436824 0.159354 0.022364 0.037274
0 0.493266 0.180919 0.021302 0.034606
0 0.541183 0.191032 0.022364 0.033539
0 0.646333 0.224050 0.022896 0.034606
0 0.721668 0.233889 0.021302 0.033005
0 0.799389 0.086681 0.028752 0.029283
0 0.865679 0.042496 0.032472 0.045252
0 0.976154 0.060338 0.029815 0.043651
