0 0.148764 0.970292 0.047161 0.024009
0 0.993476 0.723310 0.005048 0.034556
0 0.962843 0.750248 0.043335 0.025188
0 0.965476 0.825205 0.035719 0.038068
0 0.980301 0.583050 0.031398 0.039830
0 0.993476 0.544102 0.005048 0.024009
0 0.963422 0.620237 0.028115 0.036901
0 0.978654 0.624630 0.025765 0.036306
0 0.841315 0.578658 0.028693 0.033378
0 0.008901 0.277838 0.017802 0.033948
0 0.092322 0.326887 0.032071 0.041505
0 0.206446 0.321701 0.020747 0.040562
0 0.255957 0.306612 0.021691 0.038676
0 0.364898 0.254412 0.024938 0.039755
0 0.373872 0.135543 0.022601 0.028067
0 0.471300 0.217387 0.030406 0.035859
0 0.481832 0.182706 0.026497 0.031963
0 0.500146 0.165546 0.022601 0.036641
0 0.427657 0.196727 0.035082 0.047547
0 0.691897 0.367052 0.024159 0.037410
0 0.683773 0.127143 0.028339 0.038006
0 0.782334 0.133583 0.020617 0.043167
0 0.824536 0.105876 0.027702 0.039296
0 0.872205 0.090093 0.023840 0.034792
0 0.977202 0.074955 0.026414 0.036715
