0 0.047944 0.962629 0.025246 0.038303
0 0.134556 0.939563 0.031338 0.037423
0 0.269462 0.887337 0.033074 0.033948
0 0.443630 0.886357 0.036451 0.035040
0 0.535437 0.856913 0.023829 0.032236
0 0.539653 0.821873 0.029437 0.026640
0 0.652490 0.797342 0.030842 0.044855
0 0.775151 0.798744 0.023829 0.039247
0 0.773050 0.833090 0.022423 0.040649
0 0.929340 0.975170 0.023829 0.041659
0 0.751311 0.977277 0.026639 0.037447
0 0.763237 0.990593 0.025234 0.010813
0 0.329376 0.579359 0.021030 0.043453
0 0.385452 0.449695 0.026639 0.039247
0 0.632865 0.432175 0.022423 0.032236
0 0.768834 0.483345 0.036451 0.036442
0 0.678420 0.350878 0.026639 0.046257
0 0.790561 0.284991 0.035046 0.046257
0 0.978402 0.160229 0.023829 0.040649
0 0.993161 0.052291 0.005677 0.035040
0 0.693842 0.028468 0.023829 0.046257
