0 0.239753 0.852440 0.025553 0.032918
0 0.195780 0.854400 0.023096 0.033899
0 0.193572 0.887070 0.032425 0.029481
0 0.214944 0.805277 0.020144 0.029965
0 0.207812 0.785126 0.022601 0.031938
0 0.197480 0.586325 0.024077 0.031442
0 0.199936 0.427627 0.023096 0.036355
0 0.220081 0.384385 0.026037 0.033415
0 0.237521 0.383901 0.026533 0.032422
0 0.181752 0.382673 0.022105 0.038812
0 0.176840 0.308485 0.025057 0.028005
0 0.126974 0.325919 0.020640 0.038328
0 0.140979 0.369892 0.025057 0.039792
0 0.092578 0.370873 0.028493 0.045686
0 0.361328 0.351715 0.025553 0.032918
0 0.272402 0.180000 0.023581 0.033415
0 0.217872 0.255416 0.032425 0.028005
0 0.349791 0.158634 0.026037 0.034879
0 0.285910 0.116620 0.025057 0.031442
0 0.261597 0.114164 0.028493 0.030462
0 0.265707 0.031179 0.023604 0.038800
0 0.575549 0.065040 0.021195 0.043999
0 0.730351 0.005117 0.023604 0.010234
0 0.930757 0.167841 0.028398 0.034395
0 0.675338 0.276287 0.023710 0.040177
0 0.710431 0.304366 0.020333 0.039209
0 0.771656 0.319131 0.023710 0.039693
0 0.779650 0.375513 0.020333 0.033390
0 0.837722 0.478599 0.022270 0.038241
