0 0.364871 0.938930 0.025482 0.040785
0 0.410757 0.921087 0.033133 0.030586
0 0.524173 0.834442 0.025482 0.038229
0 0.437974 0.742834 0.037337 0.033514
0 0.365202 0.734694 0.023935 0.040214
0 0.789829 0.872088 0.026804 0.046915
0 0.704138 0.743305 0.031598 0.042125
0 0.689780 0.671500 0.022022 0.040214
0 0.691693 0.594906 0.031598 0.042125
0 0.764938 0.536030 0.028729 0.048825
0 0.107327 0.747834 0.031598 0.048825
0 0.103501 0.705238 0.023935 0.032559
0 0.172035 0.619250 0.028776 0.040289
0 0.068455 0.556304 0.030217 0.035251
0 0.069175 0.505233 0.030217 0.039569
0 0.032122 0.570698 0.023734 0.043875
0 0.031401 0.638669 0.030937 0.048912
0 0.158479 0.008917 0.029496 0.017834
0 0.534694 0.075023 0.028056 0.042435
0 0.566339 0.073943 0.025175 0.035971
0 0.610218 0.228237 0.026615 0.033812
0 0.378592 0.239032 0.023734 0.042435
0 0.612378 0.337576 0.025175 0.030933
0 0.640068 0.346572 0.025895 0.030213
