0 0.229661 0.722249 0.029685 0.042125
0 0.432641 0.724160 0.039250 0.022980
0 0.477641 0.697830 0.031598 0.041170
0 0.635620 0.606396 0.033511 0.040214
0 0.793600 0.906074 0.039250 0.038303
0 0.623753 0.010515 0.026981 0.021030
0 0.669013 0.008343 0.025246 0.016687
0 0.643768 0.073261 0.028729 0.041778
0 0.777812 0.063682 0.028729 0.045264
0 0.731242 0.016173 0.031338 0.032346
0 0.823946 0.111118 0.030465 0.037423
0 0.870942 0.102420 0.030465 0.035685
0 0.939275 0.138105 0.040041 0.026987
0 0.978005 0.175093 0.025246 0.041778
