0 0.345914 0.884211 0.021254 0.036715
0 0.781606 0.984594 0.020581 0.022812
0 0.823194 0.955606 0.024868 0.038589
0 0.925226 0.933743 0.024868 0.036008
0 0.928226 0.868577 0.029154 0.036008
0 0.965527 0.824417 0.024868 0.045438
0 0.994042 0.791262 0.003917 0.034792
0 0.710486 0.403810 0.053762 0.027347
0 0.741612 0.284495 0.031126 0.032062
0 0.554337 0.344674 0.040407 0.023426
0 0.458586 0.285525 0.040997 0.022260
0 0.461219 0.173083 0.031043 0.032794
0 0.416420 0.196212 0.026934 0.040413
0 0.370746 0.079676 0.026934 0.042746
0 0.261227 0.090210 0.040997 0.026355
0 0.165476 0.025205 0.035719 0.038068
0 0.314517 0.026384 0.026934 0.029866
0 0.318909 0.053321 0.022837 0.028700
0 0.425205 0.047465 0.025765 0.027521
0 0.420234 0.076748 0.026355 0.028700
