0 0.006882 0.886681 0.013765 0.029283
0 0.065679 0.842496 0.032472 0.045252
0 0.176154 0.860338 0.029815 0.043651
0 0.231522 0.829989 0.022364 0.043651
0 0.380586 0.791387 0.028752 0.045252
0 0.519283 0.930344 0.028221 0.043130
0 0.566669 0.710202 0.030347 0.029816
0 0.527265 0.720041 0.022896 0.038862
0 0.505975 0.710462 0.027147 0.035673
0 0.424784 0.640456 0.025553 0.040462
0 0.534185 0.594671 0.025021 0.041530
0 0.566928 0.638856 0.043654 0.020225
0 0.354502 0.677718 0.024490 0.031938
0 0.336401 0.693426 0.023427 0.033539
0 0.681395 0.599721 0.029815 0.037795
0 0.720527 0.618891 0.042060 0.026082
0 0.767381 0.621547 0.028221 0.033539
0 0.757533 0.658026 0.029815 0.029816
0 0.795602 0.644439 0.023958 0.029283
0 0.917248 0.555797 0.026615 0.034072
0 0.907672 0.706467 0.021302 0.037274
