0 0.682730 0.945208 0.030465 0.042646
0 0.703276 0.894335 0.023781 0.038911
0 0.645180 0.720623 0.033948 0.036554
0 0.624729 0.683622 0.027855 0.039172
0 0.642134 0.649240 0.029591 0.036554
0 0.550870 0.542283 0.028056 0.039569
0 0.535756 0.607735 0.026615 0.035251
0 0.447621 0.581988 0.035377 0.020138
0 0.432884 0.563314 0.030465 0.029965
0 0.409788 0.564294 0.021620 0.029965
0 0.359923 0.524998 0.027017 0.034879
0 0.230708 0.396762 0.032921 0.025052
0 0.274433 0.346398 0.025057 0.043242
0 0.205155 0.400447 0.030949 0.025548
0 0.193111 0.415920 0.036357 0.020138
0 0.138582 0.304396 0.022601 0.034879
0 0.171006 0.273935 0.023581 0.039792
0 0.239753 0.052440 0.025553 0.032918
0 0.195780 0.054400 0.023096 0.033899
0 0.193572 0.087070 0.032425 0.029481
0 0.214944 0.010130 0.020144 0.020259
