0 0.178402 0.960229 0.023829 0.040649
0 0.200838 0.852291 0.021030 0.035040
0 0.044535 0.740855 0.025234 0.044855
0 0.017896 0.487136 0.028032 0.036442
0 0.390769 0.749963 0.022423 0.043453
0 0.514128 0.741550 0.028032 0.046257
0 0.187070 0.709848 0.027336 0.028054
0 0.192100 0.737902 0.023014 0.033812
0 0.218361 0.740421 0.025175 0.048912
0 0.172676 0.750136 0.025895 0.042435
0 0.397110 0.570667 0.027336 0.040289
0 0.511849 0.559512 0.023734 0.033812
0 0.563272 0.584328 0.028776 0.043155
0 0.490264 0.608784 0.026615 0.037410
0 0.503217 0.594044 0.023734 0.038130
0 0.721535 0.578931 0.033086 0.048193
0 0.706067 0.545119 0.023734 0.040996
0 0.867199 0.557353 0.023734 0.036690
0 0.993278 0.461688 0.005443 0.040996
