0 0.047112 0.775039 0.024006 0.037733
0 0.049687 0.293162 0.029154 0.046307
0 0.084839 0.375477 0.029154 0.041157
0 0.136286 0.292740 0.025718 0.040301
0 0.010263 0.225427 0.020527 0.037733
0 0.309911 0.156836 0.054022 0.025722
0 0.362646 0.164975 0.025718 0.042013
0 0.397373 0.374621 0.024868 0.032583
0 0.442822 0.414066 0.026580 0.046307
0 0.030817 0.025211 0.032578 0.036864
0 0.467678 0.021353 0.023155 0.041157
0 0.906262 0.070228 0.025718 0.037733
0 0.915260 0.021822 0.030016 0.043644
0 0.558741 0.963281 0.021963 0.041095
0 0.414896 0.946977 0.023380 0.038266
0 0.677837 0.628501 0.022837 0.031628
0 0.696576 0.574911 0.025186 0.038068
0 0.736109 0.612395 0.026934 0.039234
0 0.786470 0.550901 0.028115 0.038068
0 0.760410 0.504632 0.033381 0.028700
0 0.691888 0.470075 0.027524 0.041579
0 0.902437 0.466279 0.022258 0.040996
0 0.950165 0.490288 0.024006 0.039830
0 0.950460 0.365538 0.023427 0.036306
0 0.786470 0.297021 0.023427 0.038651
0 0.785892 0.346802 0.026934 0.043341
