0 0.006612 0.106074 0.013225 0.038303
0 0.334922 0.991235 0.027761 0.009529
0 0.346411 0.890247 0.027761 0.033514
0 0.590565 0.747108 0.027761 0.038303
0 0.494342 0.618822 0.024891 0.038303
0 0.432102 0.651368 0.028729 0.036380
0 0.466569 0.498663 0.024891 0.037336
0 0.450770 0.445519 0.020109 0.040214
0 0.527369 0.245415 0.022022 0.040214
0 0.604439 0.225786 0.022978 0.035425
0 0.494814 0.329678 0.020109 0.030635
0 0.489547 0.355040 0.022978 0.031591
0 0.453167 0.086481 0.022978 0.040214
0 0.379922 0.033822 0.025848 0.042125
0 0.969366 0.552997 0.031338 0.046133
0 0.905390 0.298410 0.023498 0.040041
0 0.730006 0.210499 0.031338 0.041778
0 0.847944 0.162629 0.025246 0.038303
0 0.934556 0.139563 0.031338 0.037423
