0 0.146781 0.324914 0.030465 0.052225
0 0.115443 0.618227 0.030465 0.045264
0 0.207273 0.606042 0.043524 0.041778
0 0.230334 0.673505 0.023498 0.039172
0 0.306059 0.656965 0.025246 0.042646
0 0.275158 0.617358 0.031338 0.053962
0 0.374380 0.660886 0.040041 0.027856
0 0.309979 0.621279 0.024372 0.033948
0 0.467085 0.728336 0.035684 0.025238
0 0.497550 0.761850 0.040903 0.027856
0 0.530624 0.769245 0.032200 0.035685
0 0.630283 0.770548 0.033074 0.038303
0 0.623753 0.804930 0.026981 0.032199
0 0.669013 0.801890 0.025246 0.029593
0 0.643768 0.873261 0.028729 0.041778
0 0.777812 0.863682 0.028729 0.045264
0 0.731242 0.805364 0.031338 0.053962
0 0.823946 0.911118 0.030465 0.037423
0 0.870942 0.902420 0.030465 0.035685
0 0.939275 0.938105 0.040041 0.026987
0 0.978005 0.975093 0.025246 0.041778
