0 0.024536 0.905876 0.027702 0.039296
0 0.072205 0.890093 0.023840 0.034792
0 0.177202 0.874955 0.026414 0.036715
0 0.231318 0.729049 0.022541 0.029630
0 0.210063 0.693612 0.021254 0.028340
0 0.233892 0.675906 0.021254 0.031566
0 0.261924 0.845002 0.025765 0.034792
0 0.290582 0.840175 0.028989 0.048317
0 0.341805 0.879149 0.043808 0.030921
0 0.358230 0.845002 0.021254 0.037360
0 0.428122 0.854991 0.037361 0.038006
0 0.507034 0.844357 0.022541 0.038651
0 0.559545 0.816340 0.021904 0.035437
0 0.422725 0.933806 0.035672 0.025560
0 0.436824 0.959354 0.022364 0.037274
0 0.493266 0.979808 0.021302 0.032384
0 0.541183 0.985131 0.022364 0.021737
0 0.799389 0.886681 0.028752 0.029283
0 0.865679 0.842496 0.032472 0.045252
0 0.976154 0.860338 0.029815 0.043651
