0 0.174866 0.296899 0.044327 0.031125
0 0.248912 0.212475 0.032064 0.049040
0 0.435658 0.135609 0.028295 0.042442
0 0.475749 0.077605 0.031130 0.052813
0 0.426230 0.193140 0.041503 0.036790
0 0.313051 0.306796 0.033954 0.045268
0 0.310682 0.381310 0.040558 0.041496
0 0.478369 0.277985 0.033882 0.035200
0 0.542819 0.318902 0.023761 0.049277
0 0.471980 0.382269 0.029922 0.042245
0 0.657004 0.349041 0.031238 0.048843
0 0.710459 0.327709 0.026405 0.044006
0 0.879642 0.314499 0.029479 0.047516
0 0.949380 0.401184 0.029037 0.047516
0 0.522086 0.517587 0.032207 0.045097
0 0.572657 0.586199 0.028989 0.040589
0 0.559138 0.606808 0.021260 0.038012
0 0.176158 0.751760 0.036071 0.041877
0 0.688936 0.834857 0.025770 0.045741
