0 0.486082 0.035783 0.024742 0.032077
0 0.601540 0.157203 0.030239 0.032992
0 0.656071 0.211262 0.031160 0.036661
0 0.638658 0.287328 0.031160 0.021994
0 0.679419 0.399746 0.025861 0.022101
0 0.706926 0.459708 0.037623 0.021626
0 0.753480 0.514730 0.034803 0.020688
0 0.763125 0.500859 0.039971 0.026804
0 0.740314 0.616768 0.026333 0.039500
0 0.756070 0.705173 0.023985 0.037623
0 0.823931 0.824302 0.027200 0.037196
0 0.833927 0.839099 0.022405 0.033205
0 0.895129 0.854098 0.021604 0.035996
0 0.925730 0.888693 0.038797 0.031602
