0 0.023931 0.824302 0.027200 0.037196
0 0.033927 0.839099 0.022405 0.033205
0 0.095129 0.854098 0.021604 0.035996
0 0.125730 0.888693 0.038797 0.031602
0 0.220330 0.935900 0.025598 0.038003
0 0.296531 0.977300 0.033201 0.023206
0 0.370131 0.980451 0.025203 0.031099
0 0.385130 0.989251 0.025598 0.013498
0 0.523936 0.938703 0.024797 0.031602
0 0.616529 0.912303 0.021999 0.036400
0 0.633931 0.916697 0.027200 0.027600
0 0.728729 0.917302 0.024797 0.025605
0 0.743332 0.844503 0.031599 0.031198
0 0.773132 0.859300 0.024797 0.035200
0 0.773933 0.886900 0.043197 0.026400
0 0.927135 0.899298 0.041595 0.026400
0 0.927728 0.811499 0.029997 0.029203
0 0.436413 0.058976 0.023996 0.039595
0 0.466421 0.080983 0.021604 0.033205
0 0.454012 0.101778 0.023195 0.029999
0 0.507215 0.132584 0.026399 0.034797
0 0.522016 0.051981 0.023996 0.045604
0 0.524419 0.099379 0.028802 0.029203
0 0.563216 0.097182 0.021604 0.032006
0 0.573212 0.075781 0.024797 0.028396
0 0.557818 0.065781 0.026004 0.036400
