0 0.960739 0.966819 0.041145 0.022268
0 0.875794 0.767172 0.039686 0.022743
0 0.877977 0.743943 0.024687 0.034369
0 0.907503 0.715143 0.028560 0.042587
0 0.805858 0.747577 0.038237 0.032908
0 0.921053 0.849698 0.025653 0.024203
0 0.919111 0.898580 0.023721 0.033882
0 0.942350 0.855019 0.024687 0.030973
0 0.689028 0.362070 0.023579 0.033953
0 0.609459 0.371238 0.041233 0.023194
0 0.620728 0.415690 0.026410 0.045093
0 0.638118 0.495247 0.028988 0.039298
0 0.751821 0.505235 0.028341 0.039939
0 0.590456 0.430499 0.034145 0.025771
0 0.564035 0.427602 0.031566 0.031566
0 0.536978 0.459809 0.022547 0.032849
0 0.528607 0.448860 0.027704 0.032849
0 0.745380 0.668910 0.024643 0.040925
0 0.793339 0.672211 0.026399 0.039595
0 0.328368 0.768728 0.031939 0.037267
0 0.171556 0.893841 0.029043 0.033882
