0 0.367407 0.529584 0.032433 0.034369
0 0.366925 0.558134 0.022745 0.034369
0 0.410484 0.559345 0.034364 0.020332
0 0.431056 0.570485 0.037755 0.021294
0 0.244708 0.480215 0.025170 0.034369
0 0.268912 0.442224 0.023228 0.033882
0 0.260200 0.386074 0.028077 0.036780
0 0.160739 0.166819 0.041145 0.022268
0 0.218814 0.170453 0.031457 0.031460
0 0.121053 0.049698 0.025653 0.024203
0 0.119111 0.098580 0.023721 0.033882
0 0.142350 0.055019 0.024687 0.030973
0 0.228261 0.210630 0.040651 0.023716
0 0.220273 0.199015 0.037272 0.020807
0 0.282879 0.352584 0.031566 0.036079
0 0.640413 0.416037 0.040585 0.032849
0 0.677454 0.482721 0.029635 0.032208
0 0.687757 0.545699 0.031939 0.026614
0 0.698674 0.561934 0.025027 0.031412
0 0.657683 0.618096 0.027156 0.038336
0 0.606038 0.588026 0.029284 0.025023
0 0.598851 0.608785 0.022361 0.028217
0 0.615353 0.608250 0.021297 0.029286
0 0.713958 0.425502 0.023195 0.032006
0 0.703754 0.462306 0.021198 0.032006
0 0.739358 0.432509 0.024402 0.037196
0 0.722867 0.138578 0.023425 0.027149
0 0.680274 0.010859 0.030875 0.021718
