0 0.007785 0.588396 0.015569 0.032161
0 0.010899 0.682293 0.021799 0.035276
0 0.039949 0.696822 0.028014 0.041506
0 0.080410 0.673994 0.038393 0.041506
0 0.142148 0.596178 0.026974 0.035276
0 0.202846 0.561936 0.032163 0.022828
0 0.242787 0.419282 0.037352 0.042540
0 0.457285 0.635868 0.031183 0.038971
0 0.387902 0.660033 0.034292 0.029626
0 0.545755 0.784753 0.028837 0.040535
0 0.566415 0.816320 0.026502 0.047547
0 0.619420 0.815929 0.037413 0.042086
0 0.645922 0.704856 0.034292 0.039753
0 0.450269 0.942604 0.031183 0.039753
0 0.362186 0.978846 0.024942 0.034307
0 0.349328 0.935971 0.038199 0.037420
0 0.316584 0.925452 0.030397 0.036638
0 0.235517 0.990932 0.031958 0.010136
0 0.247988 0.982750 0.030397 0.026500
0 0.296711 0.925843 0.024942 0.043650
