0 0.013697 0.937072 0.027393 0.027582
0 0.058861 0.987712 0.026139 0.016577
0 0.067353 0.058344 0.026224 0.039677
0 0.348621 0.066895 0.028293 0.030181
0 0.501889 0.124431 0.031123 0.032072
0 0.764808 0.840792 0.023962 0.043373
0 0.580767 0.585424 0.024869 0.030004
0 0.610777 0.607281 0.024869 0.042868
0 0.635211 0.615857 0.024011 0.042868
0 0.672080 0.651448 0.025728 0.036865
0 0.629901 0.511341 0.028752 0.037798
0 0.604875 0.401125 0.027688 0.029285
0 0.761929 0.357210 0.027688 0.027683
0 0.760599 0.331116 0.030349 0.027683
0 0.795193 0.637411 0.029284 0.033384
0 0.850242 0.624231 0.035139 0.025766
0 0.917290 0.632429 0.027530 0.039829
0 0.981974 0.613978 0.028052 0.032211
0 0.964150 0.545760 0.031038 0.046854
0 0.844968 0.744575 0.032792 0.043928
0 0.885961 0.744575 0.039820 0.041582
0 0.991932 0.752483 0.008136 0.037483
0 0.985488 0.363037 0.021024 0.024593
