0 0.050207 0.909157 0.025656 0.036297
0 0.347454 0.799143 0.027156 0.040459
0 0.380464 0.765608 0.027156 0.036209
0 0.458181 0.476868 0.036409 0.055241
0 0.767161 0.550447 0.031123 0.044331
0 0.794051 0.482998 0.050936 0.026410
0 0.832250 0.533459 0.034897 0.042439
0 0.703500 0.618350 0.041501 0.033006
0 0.881287 0.313228 0.031123 0.045277
0 0.652999 0.791727 0.032599 0.045353
0 0.867353 0.858344 0.026224 0.039677
0 0.639186 0.909712 0.027639 0.033308
0 0.799978 0.169728 0.026224 0.034721
0 0.842858 0.135008 0.031183 0.047472
0 0.897774 0.087170 0.031885 0.039677
