0 0.034175 0.156339 0.033397 0.035818
0 0.139204 0.159971 0.028559 0.041140
0 0.169215 0.143752 0.028559 0.033876
0 0.296501 0.156831 0.026623 0.034847
0 0.230445 0.096079 0.029042 0.041140
0 0.440975 0.136261 0.030010 0.042111
0 0.486722 0.155620 0.023720 0.033397
0 0.690722 0.125364 0.027107 0.041620
0 0.770579 0.083013 0.032913 0.036297
0 0.850207 0.109157 0.025656 0.036297
0 0.075180 0.615378 0.033494 0.049603
0 0.101912 0.663051 0.025123 0.030281
0 0.393378 0.522226 0.025994 0.038404
0 0.414183 0.565422 0.025994 0.032804
0 0.559178 0.584819 0.022402 0.032400
0 0.495178 0.409815 0.036796 0.020797
0 0.431589 0.361423 0.032006 0.038404
0 0.527788 0.407015 0.024398 0.031997
0 0.537780 0.437624 0.025196 0.030004
0 0.589587 0.373417 0.034401 0.044798
0 0.687988 0.471021 0.025595 0.044798
0 0.754177 0.357223 0.033204 0.037205
0 0.803783 0.409626 0.029998 0.046803
0 0.748178 0.567225 0.024398 0.037205
0 0.945983 0.515226 0.026406 0.035604
0 0.499097 0.721117 0.031946 0.032425
0 0.400127 0.716766 0.028559 0.049855
0 0.492807 0.951740 0.024204 0.034847
0 0.311064 0.903827 0.026623 0.032917
