0 0.566415 0.020047 0.026502 0.040094
0 0.619420 0.018486 0.037413 0.036973
0 0.450269 0.142604 0.031183 0.039753
0 0.362186 0.184300 0.024942 0.045214
0 0.349328 0.135971 0.038199 0.037420
0 0.316584 0.125452 0.030397 0.036638
0 0.235517 0.202234 0.031958 0.032741
0 0.247988 0.186646 0.030397 0.034292
0 0.296711 0.125843 0.024942 0.043650
0 0.289308 0.562357 0.028837 0.040535
0 0.213696 0.584176 0.030397 0.048329
0 0.237851 0.641081 0.030397 0.045214
0 0.051174 0.602892 0.029623 0.045214
0 0.378939 0.682007 0.024168 0.038189
0 0.380887 0.839859 0.034292 0.042086
0 0.478332 0.822707 0.032744 0.037420
0 0.760895 0.761904 0.044429 0.038971
0 0.733219 0.902604 0.029623 0.049111
