0 0.004918 0.637411 0.009835 0.033384
0 0.050242 0.624231 0.035139 0.025766
0 0.117290 0.632429 0.027530 0.039829
0 0.184931 0.613978 0.033966 0.032211
0 0.164150 0.545760 0.031038 0.046854
0 0.044968 0.744575 0.032792 0.043928
0 0.085961 0.744575 0.039820 0.041582
0 0.201043 0.752483 0.026357 0.037483
0 0.259309 0.714710 0.026938 0.047434
0 0.390200 0.632719 0.029865 0.038063
0 0.420948 0.605780 0.023430 0.036890
0 0.374391 0.567717 0.026357 0.042755
0 0.469260 0.680166 0.034558 0.043928
0 0.545392 0.605780 0.025184 0.034557
0 0.326950 0.472547 0.033385 0.033964
0 0.194596 0.363037 0.039239 0.024593
0 0.772337 0.440639 0.023430 0.041582
0 0.683637 0.688010 0.036784 0.036789
0 0.810028 0.714420 0.029236 0.040560
0 0.973022 0.713890 0.032212 0.036714
0 0.963998 0.833717 0.027059 0.044445
