0 0.673854 0.634889 0.024941 0.048212
0 0.574708 0.626141 0.026743 0.034722
0 0.606150 0.624965 0.022055 0.039880
0 0.445432 0.618398 0.009387 0.032848
0 0.437453 0.609013 0.009387 0.032848
0 0.711725 0.760350 0.027685 0.022519
0 0.727911 0.779818 0.022520 0.030495
0 0.749501 0.785454 0.031907 0.034257
0 0.909515 0.821585 0.009387 0.032848
0 0.938130 0.878361 0.009387 0.032848
0 0.929220 0.870850 0.009387 0.032848
0 0.926167 0.841519 0.024870 0.030030
0 0.274552 0.428578 0.032396 0.029601
0 0.289748 0.363777 0.024405 0.038398
0 0.078551 0.434973 0.023606 0.036805
0 0.074949 0.416166 0.023606 0.031206
0 0.096550 0.389371 0.026003 0.030397
0 0.088749 0.264977 0.041605 0.029601
0 0.157347 0.359771 0.032396 0.031206
0 0.166150 0.372574 0.028401 0.030397
0 0.203950 0.302970 0.021602 0.039194
0 0.254346 0.329974 0.008004 0.027996
0 0.240748 0.400570 0.023200 0.036805
0 0.249754 0.371373 0.026003 0.029601
0 0.232947 0.367575 0.029999 0.027604
0 0.151550 0.250973 0.041605 0.020804
0 0.126752 0.261975 0.021602 0.033203
0 0.162751 0.263176 0.008004 0.027996
0 0.155153 0.277572 0.008004 0.027996
0 0.149952 0.285977 0.008004 0.027996
0 0.301748 0.320772 0.024405 0.035604
0 0.419549 0.262367 0.012000 0.035996
0 0.325556 0.219167 0.012000 0.035996
0 0.257948 0.254367 0.012000 0.035996
0 0.299553 0.269976 0.012000 0.035996
0 0.291156 0.273578 0.012000 0.035996
0 0.281947 0.271973 0.012000 0.035996
0 0.230347 0.268567 0.035999 0.020804
0 0.323946 0.248767 0.027196 0.031598
0 0.325950 0.265173 0.035999 0.024406
0 0.449953 0.302774 0.032802 0.024406
0 0.458148 0.280978 0.032396 0.021600
0 0.450550 0.288770 0.038003 0.023597
0 0.392746 0.327572 0.012000 0.035996
0 0.387951 0.247971 0.012000 0.035996
0 0.398746 0.252774 0.012000 0.035996
0 0.375546 0.303975 0.012000 0.035996
0 0.389955 0.307173 0.012000 0.035996
0 0.369547 0.288966 0.032003 0.011603
0 0.375153 0.326972 0.032003 0.011603
0 0.353157 0.284568 0.032003 0.011603
0 0.332355 0.282975 0.032003 0.011603
0 0.273156 0.299368 0.032003 0.011603
0 0.254751 0.282975 0.032003 0.011603
0 0.622349 0.717958 0.011606 0.030802
