0 0.630699 0.612076 0.032361 0.035200
0 0.617364 0.637621 0.028389 0.039745
0 0.705154 0.584975 0.047199 0.021600
0 0.704951 0.601772 0.043597 0.023205
0 0.732755 0.496576 0.029605 0.040799
0 0.793349 0.483577 0.026003 0.045198
0 0.790153 0.435378 0.021995 0.040799
0 0.878551 0.434973 0.023606 0.036805
0 0.874949 0.416166 0.023606 0.031206
0 0.896550 0.389371 0.026003 0.030397
0 0.888749 0.264977 0.041605 0.029601
0 0.957347 0.359771 0.032396 0.031206
0 0.966150 0.372574 0.028401 0.030397
0 0.994575 0.302970 0.002851 0.039194
0 0.951550 0.250973 0.041605 0.020804
0 0.926752 0.261975 0.021602 0.033203
0 0.962751 0.263176 0.008004 0.027996
0 0.955153 0.277572 0.008004 0.027996
0 0.949952 0.285977 0.008004 0.027996
