0 0.011043 0.357020 0.022086 0.046386
0 0.150073 0.286592 0.022334 0.049817
0 0.153511 0.979302 0.027486 0.033395
0 0.314999 0.979299 0.030924 0.033402
0 0.332603 0.906768 0.024916 0.041234
0 0.391869 0.920947 0.024916 0.052400
0 0.649134 0.961737 0.020620 0.046386
0 0.291714 0.826896 0.030866 0.037727
0 0.202533 0.693130 0.026300 0.044589
0 0.201394 0.560504 0.026300 0.044589
0 0.014091 0.567366 0.028182 0.035448
0 0.036762 0.669697 0.030866 0.032017
0 0.063050 0.686268 0.037731 0.035448
0 0.114501 0.665126 0.026300 0.038866
0 0.164813 0.625678 0.049162 0.028586
0 0.163100 0.732579 0.041158 0.043449
0 0.156809 0.745720 0.040020 0.035448
0 0.443778 0.766305 0.028577 0.042297
0 0.563825 0.705132 0.026300 0.034296
0 0.531809 0.622247 0.021723 0.046880
0 0.525519 0.598244 0.041158 0.037727
0 0.826207 0.667405 0.032016 0.038866
0 0.926820 0.606814 0.020585 0.045728
0 0.943391 0.911503 0.021723 0.033157
0 0.891952 0.990051 0.033154 0.011899
0 0.507223 0.231243 0.029727 0.042297
0 0.614126 0.333561 0.026300 0.043449
0 0.639276 0.280971 0.024012 0.045728
0 0.688438 0.291834 0.021723 0.046880
0 0.620416 0.056889 0.034304 0.045728
