0 0.175509 0.331407 0.023625 0.048184
0 0.072044 0.447626 0.030232 0.042525
0 0.029525 0.492505 0.022674 0.043462
0 0.004367 0.491087 0.008734 0.031182
0 0.426378 0.385731 0.024563 0.045348
0 0.010373 0.649932 0.020746 0.037727
0 0.584168 0.465058 0.035208 0.040246
0 0.624411 0.485175 0.027673 0.042765
0 0.624411 0.521649 0.020127 0.042765
0 0.753941 0.524788 0.032696 0.038993
0 0.984388 0.463792 0.023224 0.032701
0 0.905770 0.610788 0.021090 0.035144
0 0.921390 0.636551 0.025772 0.041386
0 0.924899 0.593608 0.021864 0.038259
