0 0.188497 0.463792 0.031441 0.032701
0 0.222449 0.388339 0.028929 0.035207
0 0.270872 0.383933 0.025150 0.038993
0 0.211136 0.248737 0.021383 0.042765
0 0.105770 0.610788 0.021090 0.035144
0 0.121390 0.636551 0.025772 0.041386
0 0.124899 0.593608 0.021864 0.038259
0 0.409145 0.725576 0.039046 0.030460
0 0.567663 0.554172 0.021864 0.035916
0 0.500123 0.563933 0.024211 0.035144
0 0.518865 0.567047 0.021090 0.039828
0 0.664110 0.752516 0.025772 0.042170
0 0.691830 0.662326 0.026547 0.042943
0 0.785143 0.724006 0.032016 0.039828
0 0.710573 0.670910 0.020303 0.038259
0 0.791387 0.666618 0.022650 0.040601
0 0.811303 0.688874 0.020303 0.046070
0 0.826524 0.690432 0.027333 0.038259
0 0.962404 0.650996 0.027333 0.048412
0 0.990334 0.735729 0.011333 0.039828
0 0.816490 0.190995 0.022650 0.039828
