0 0.288397 0.357957 0.034786 0.041879
0 0.005596 0.403748 0.011193 0.045437
0 0.016192 0.880536 0.030138 0.037423
0 0.040838 0.575202 0.024916 0.041234
0 0.110843 0.689877 0.027486 0.050678
0 0.144349 0.643921 0.029211 0.046386
0 0.244422 0.571341 0.021477 0.042094
0 0.260735 0.578215 0.021477 0.045525
0 0.296389 0.654226 0.029211 0.044664
0 0.300684 0.721235 0.022334 0.044664
0 0.255161 0.720805 0.048106 0.023193
0 0.396884 0.762026 0.039515 0.030067
0 0.404619 0.539552 0.024047 0.047247
0 0.399032 0.514219 0.040372 0.041234
0 0.523164 0.367325 0.034363 0.036081
0 0.809628 0.357020 0.024916 0.046386
0 0.950073 0.286592 0.022334 0.049817
0 0.455295 0.619006 0.017182 0.033498
0 0.472476 0.623310 0.017182 0.033498
0 0.528316 0.649934 0.027486 0.036081
0 0.642554 0.532260 0.039515 0.036081
0 0.578992 0.731971 0.029211 0.048956
0 0.649431 0.756443 0.025772 0.041234
0 0.426518 0.873269 0.028342 0.039512
0 0.486219 0.878422 0.022334 0.039512
0 0.184287 0.943710 0.038658 0.025763
0 0.346643 0.973334 0.033495 0.036942
0 0.603473 0.951432 0.031781 0.036081
0 0.953511 0.979302 0.027486 0.033395
0 0.992691 0.693130 0.006618 0.044589
0 0.992122 0.560504 0.007756 0.044589
0 0.792740 0.550794 0.027439 0.036587
0 0.812175 0.567366 0.032016 0.035448
0 0.793315 0.630818 0.026300 0.048019
0 0.774455 0.668544 0.036581 0.036587
0 0.836762 0.669697 0.030866 0.032017
0 0.863050 0.686268 0.037731 0.035448
0 0.914501 0.665126 0.026300 0.038866
0 0.964813 0.625678 0.049162 0.028586
0 0.963100 0.732579 0.041158 0.043449
0 0.956809 0.745720 0.040020 0.035448
