0 0.130771 0.970256 0.035443 0.038866
0 0.659619 0.642349 0.020303 0.044513
0 0.774409 0.515065 0.020303 0.050754
0 0.885924 0.347282 0.023272 0.045095
0 0.975388 0.290553 0.038306 0.030549
0 0.927622 0.232621 0.029094 0.046551
0 0.788950 0.233583 0.020362 0.041702
0 0.699733 0.223164 0.025209 0.028612
0 0.695367 0.207643 0.025209 0.029574
0 0.660945 0.229709 0.038787 0.021332
0 0.593064 0.215163 0.022298 0.044614
0 0.506030 0.159155 0.024728 0.043158
0 0.666766 0.166915 0.020362 0.039271
0 0.919384 0.115516 0.024247 0.044120
0 0.963018 0.040366 0.021336 0.045095
0 0.897801 0.071877 0.024728 0.029574
0 0.896839 0.049582 0.032485 0.027637
0 0.887133 0.027276 0.034422 0.027637
0 0.022683 0.167143 0.026136 0.044525
0 0.142953 0.220379 0.022744 0.041626
0 0.231525 0.140760 0.023718 0.039208
0 0.097218 0.152382 0.020327 0.040170
0 0.061400 0.173435 0.029035 0.035815
0 0.079544 0.154078 0.022744 0.035815
0 0.297106 0.088006 0.029035 0.031460
0 0.437703 0.173676 0.022744 0.044044
0 0.364377 0.155281 0.020327 0.040170
0 0.362205 0.178512 0.031464 0.027586
0 0.335588 0.195945 0.023718 0.028561
0 0.332678 0.175613 0.028554 0.026624
