0 0.016490 0.983540 0.022650 0.024919
0 0.151759 0.652884 0.020397 0.039195
0 0.138861 0.686686 0.015585 0.030397
0 0.150163 0.691358 0.021043 0.032739
0 0.179398 0.698371 0.020268 0.038980
0 0.200440 0.722539 0.020268 0.038980
0 0.368030 0.809843 0.024939 0.040537
0 0.402323 0.862458 0.024939 0.042867
0 0.424926 0.873371 0.031183 0.045994
0 0.457283 0.994903 0.042872 0.002195
0 0.466636 0.980087 0.027286 0.031826
0 0.305583 0.705322 0.027603 0.036005
0 0.324783 0.719324 0.020397 0.036803
0 0.325241 0.683319 0.012886 0.025130
0 0.336836 0.707803 0.012886 0.025130
0 0.857281 0.753455 0.024681 0.040170
0 0.822683 0.967143 0.026136 0.044525
0 0.897218 0.952382 0.020327 0.040170
0 0.861400 0.973435 0.029035 0.035815
0 0.879544 0.954078 0.022744 0.035815
