0 0.011277 0.221254 0.022555 0.044664
0 0.561959 0.011974 0.026981 0.023948
0 0.624066 0.058738 0.022005 0.046855
0 0.641107 0.029987 0.026265 0.053248
0 0.739795 0.220279 0.023883 0.048399
0 0.671057 0.268995 0.030983 0.045171
0 0.673639 0.331928 0.027110 0.049691
0 0.623949 0.282225 0.024528 0.047108
0 0.625239 0.323205 0.023237 0.050336
0 0.580384 0.355475 0.025174 0.045171
0 0.476486 0.402267 0.034199 0.047108
0 0.623303 0.531019 0.027110 0.041297
0 0.680739 0.531335 0.021946 0.047108
0 0.734302 0.519081 0.030983 0.044525
0 0.550059 0.713981 0.036781 0.035499
0 0.602002 0.756899 0.033553 0.047754
0 0.118139 0.783662 0.024141 0.053957
0 0.322885 0.821756 0.029575 0.048488
0 0.203600 0.867813 0.027638 0.041702
0 0.212567 0.895209 0.021336 0.049944
0 0.260332 0.895209 0.020855 0.047032
0 0.228574 0.969637 0.032966 0.049463
0 0.176936 0.937152 0.023754 0.047513
0 0.159719 0.841151 0.034915 0.028118
0 0.148817 0.832416 0.035396 0.029093
0 0.424214 0.821996 0.030549 0.042183
0 0.413311 0.890841 0.025209 0.046057
0 0.495005 0.854963 0.022791 0.043158
0 0.463247 0.820540 0.043634 0.029574
0 0.543979 0.828301 0.041217 0.041208
0 0.613316 0.865635 0.028612 0.042183
0 0.520460 0.940545 0.026183 0.043639
0 0.490158 0.934721 0.021817 0.045576
0 0.918264 0.832200 0.027028 0.053007
0 0.824728 0.769318 0.029105 0.047817
0 0.780554 0.713196 0.044691 0.031182
0 0.778993 0.740744 0.022862 0.046766
0 0.794578 0.746973 0.022862 0.046766
