0 0.226020 0.778307 0.035443 0.027434
0 0.162564 0.752012 0.025150 0.052590
0 0.183149 0.754873 0.027439 0.042297
0 0.014901 0.989291 0.023625 0.013418
0 0.021039 0.959914 0.022674 0.035904
0 0.007685 0.896602 0.015371 0.028346
0 0.051271 0.923061 0.024563 0.039689
0 0.065448 0.966054 0.028342 0.042525
0 0.146708 0.952344 0.026453 0.034017
0 0.186400 0.944317 0.022674 0.048184
0 0.227018 0.952825 0.022674 0.036853
0 0.224659 0.981258 0.023625 0.029483
0 0.252063 0.956597 0.029293 0.046298
0 0.312538 0.902273 0.029293 0.034017
0 0.341350 0.957079 0.022674 0.047247
0 0.451903 0.925897 0.043458 0.026459
0 0.553009 0.980793 0.028342 0.030414
0 0.557727 0.865420 0.020784 0.045348
0 0.654103 0.889044 0.030232 0.034017
0 0.768904 0.884790 0.031183 0.034954
0 0.775523 0.920225 0.025514 0.037790
0 0.857722 0.850773 0.034962 0.040626
0 0.920087 0.808729 0.023625 0.051020
0 0.885607 0.992127 0.028342 0.007746
0 0.715048 0.391088 0.031183 0.045348
0 0.357980 0.354842 0.021829 0.043652
