0 0.026207 0.667405 0.032016 0.038866
0 0.126820 0.606814 0.020585 0.045728
0 0.143391 0.911503 0.021723 0.033157
0 0.091952 0.990051 0.033154 0.011899
0 0.324031 0.492482 0.028577 0.045728
0 0.655597 0.467896 0.051451 0.028586
0 0.422931 0.656543 0.027439 0.049159
0 0.526970 0.684559 0.036581 0.038866
0 0.478383 0.800031 0.021723 0.043449
0 0.569279 0.842328 0.025150 0.034296
0 0.591565 0.847481 0.028577 0.044589
0 0.634437 0.898931 0.034304 0.035448
0 0.668741 0.922935 0.022862 0.046880
0 0.698469 0.965232 0.025150 0.046880
0 0.716765 0.978619 0.020585 0.034763
0 0.962564 0.752012 0.025150 0.052590
0 0.982715 0.754873 0.026571 0.042297
0 0.745929 0.778497 0.031183 0.030232
0 0.700100 0.744948 0.022674 0.042525
0 0.698210 0.766204 0.049139 0.024573
0 0.747337 0.740694 0.032121 0.041575
0 0.814901 0.989291 0.023625 0.013418
0 0.821039 0.959914 0.022674 0.035904
0 0.791746 0.896602 0.047249 0.028346
0 0.851271 0.923061 0.024563 0.039689
0 0.865448 0.966054 0.028342 0.042525
0 0.946708 0.952344 0.026453 0.034017
0 0.985531 0.944317 0.020937 0.048184
