0 0.506030 0.959155 0.024728 0.043158
0 0.666766 0.966915 0.020362 0.039271
0 0.919384 0.915516 0.024247 0.044120
0 0.963018 0.840366 0.021336 0.045095
0 0.897801 0.871877 0.024728 0.029574
0 0.896839 0.849582 0.032485 0.027637
0 0.887133 0.827276 0.034422 0.027637
0 0.057281 0.753455 0.024681 0.040170
0 0.022683 0.967143 0.026136 0.044525
0 0.231525 0.940760 0.023718 0.039208
0 0.097218 0.952382 0.020327 0.040170
0 0.061400 0.973435 0.029035 0.035815
0 0.079544 0.954078 0.022744 0.035815
0 0.297106 0.888006 0.029035 0.031460
0 0.437703 0.973676 0.022744 0.044044
0 0.364377 0.955281 0.020327 0.040170
0 0.362205 0.978512 0.031464 0.027586
0 0.335588 0.988832 0.023718 0.014336
0 0.332678 0.975613 0.028554 0.026624
