0 0.699720 0.182173 0.034363 0.057552
0 0.806236 0.221254 0.032638 0.044664
0 0.498295 0.390050 0.036933 0.038651
0 0.325212 0.490114 0.029211 0.046386
0 0.189920 0.483683 0.040372 0.040373
0 0.173173 0.666645 0.039515 0.042094
0 0.155134 0.816527 0.032638 0.044664
0 0.113472 0.893842 0.028342 0.048108
0 0.028867 0.914883 0.027486 0.052400
0 0.507308 0.918326 0.024047 0.048956
0 0.537810 0.922188 0.030068 0.046386
0 0.673959 0.901147 0.027486 0.035220
0 0.745244 0.863344 0.034363 0.031777
0 0.725492 0.873649 0.037790 0.028346
0 0.688559 0.846164 0.029211 0.045525
0 0.661930 0.804931 0.036076 0.036942
0 0.673525 0.790334 0.033495 0.048956
0 0.703159 0.743087 0.037790 0.038651
0 0.719049 0.722476 0.040372 0.043804
0 0.918139 0.783662 0.024141 0.053957
0 0.992891 0.867813 0.006219 0.041702
0 0.976936 0.937152 0.023754 0.047513
0 0.959719 0.841151 0.034915 0.028118
0 0.948817 0.832416 0.035396 0.029093
