0 0.039231 0.044719 0.034667 0.043328
0 0.007701 0.158836 0.015402 0.037558
0 0.008424 0.136798 0.016847 0.025283
0 0.165259 0.096716 0.045505 0.041886
0 0.149014 0.043998 0.037558 0.039001
0 0.076426 0.105745 0.041163 0.033939
0 0.093760 0.149807 0.012277 0.028890
0 0.087264 0.128130 0.012277 0.028890
0 0.198487 0.073248 0.012277 0.028890
0 0.265656 0.120917 0.012277 0.028890
0 0.310435 0.097798 0.012277 0.028890
0 0.212204 0.086966 0.012277 0.028890
0 0.525660 0.193857 0.012277 0.028890
0 0.527099 0.250915 0.012277 0.036116
0 0.447652 0.250194 0.012277 0.036116
0 0.402873 0.257420 0.012277 0.036116
0 0.371823 0.216242 0.012277 0.036116
0 0.363162 0.167131 0.012277 0.036116
0 0.624569 0.361928 0.009229 0.027125
0 0.602312 0.355952 0.009229 0.032561
0 0.586031 0.336966 0.009229 0.032561
