0 0.353274 0.073130 0.021446 0.039722
0 0.335795 0.082661 0.021446 0.039722
0 0.311168 0.034992 0.013511 0.031775
0 0.297657 0.036589 0.013511 0.031775
0 0.289323 0.009567 0.031776 0.012713
0 0.284557 0.023078 0.031776 0.012713
0 0.159206 0.682547 0.016342 0.048068
0 0.306281 0.781556 0.016342 0.048068
0 0.478359 0.731568 0.031728 0.043264
0 0.451433 0.692156 0.027881 0.049021
0 0.500942 0.853658 0.028837 0.045183
0 0.520647 0.834428 0.031728 0.039413
0 0.564386 0.866628 0.028837 0.049987
0 0.559584 0.984666 0.023067 0.022667
0 0.575441 0.955075 0.025958 0.042298
0 0.636006 0.763781 0.022111 0.044217
0 0.603323 0.793573 0.025958 0.042298
0 0.580256 0.762339 0.035562 0.045183
0 0.372616 0.653709 0.016342 0.038447
0 0.404331 0.653709 0.016342 0.038447
0 0.391836 0.635445 0.016342 0.038447
0 0.378373 0.619100 0.016342 0.038447
0 0.532186 0.689271 0.016342 0.038447
0 0.516800 0.692156 0.016342 0.038447
0 0.500458 0.684466 0.016342 0.038447
0 0.319744 0.750798 0.016342 0.038447
0 0.342811 0.752717 0.016342 0.038447
0 0.383188 0.734454 0.016342 0.038447
0 0.362999 0.757522 0.016342 0.038447
0 0.354351 0.725798 0.016342 0.025000
0 0.355306 0.706581 0.016342 0.025000
0 0.329348 0.720041 0.016342 0.038447
0 0.332239 0.695041 0.016342 0.038447
0 0.615697 0.945467 0.012277 0.028890
0 0.637373 0.959197 0.012277 0.028890
0 0.635921 0.987345 0.012277 0.017309
0 0.738846 0.959197 0.037558 0.022385
0 0.839231 0.844719 0.034667 0.043328
0 0.784339 0.919114 0.026006 0.036116
0 0.803124 0.958836 0.024555 0.037558
0 0.791210 0.936798 0.051275 0.025283
0 0.965259 0.896716 0.045505 0.041886
0 0.949014 0.843998 0.037558 0.039001
0 0.876426 0.905745 0.041163 0.033939
0 0.893760 0.949807 0.012277 0.028890
0 0.887264 0.928130 0.012277 0.028890
0 0.994174 0.873248 0.003652 0.028890
