0 0.657319 0.739620 0.011998 0.021601
0 0.452519 0.598820 0.011998 0.021601
0 0.410518 0.587218 0.011998 0.021601
0 0.560117 0.606019 0.011998 0.021601
0 0.596921 0.632617 0.019200 0.013998
0 0.519321 0.603817 0.019200 0.013998
0 0.760121 0.638618 0.019200 0.013998
0 0.541469 0.494341 0.019200 0.013998
0 0.186266 0.650742 0.019200 0.013998
0 0.451866 0.429942 0.019200 0.018801
0 0.446266 0.368742 0.011998 0.018801
0 0.420266 0.412339 0.011998 0.018801
0 0.429868 0.412744 0.011998 0.018801
0 0.215175 0.646589 0.011998 0.018801
0 0.128375 0.544988 0.011998 0.018801
0 0.109978 0.555392 0.011998 0.018801
0 0.195176 0.571392 0.011998 0.018801
0 0.036778 0.523392 0.011998 0.018801
0 0.391976 0.570189 0.011998 0.018801
0 0.590958 0.176696 0.011998 0.018801
0 0.307019 0.531615 0.017201 0.018801
0 0.248218 0.546811 0.017201 0.018801
0 0.240222 0.592015 0.017201 0.018801
