0 0.942732 0.504782 0.053169 0.088611
0 0.913930 0.394015 0.075324 0.088611
0 0.965137 0.937676 0.052515 0.095033
0 0.912622 0.970592 0.032513 0.050817
0 0.905118 0.910177 0.037519 0.080031
0 0.925120 0.867650 0.037519 0.060020
0 0.895117 0.837647 0.027506 0.050015
0 0.966385 0.810135 0.040017 0.050015
0 0.986196 0.815131 0.019607 0.075022
0 0.801325 0.976843 0.035010 0.038313
0 0.718794 0.807630 0.030015 0.040009
0 0.615013 0.767621 0.037519 0.050015
0 0.572499 0.878915 0.052515 0.057515
0 0.043554 0.842643 0.040017 0.055024
0 0.005518 0.690095 0.011036 0.065029
0 0.057302 0.646323 0.057522 0.077526
0 0.131080 0.563787 0.045011 0.072530
0 0.233624 0.838893 0.040017 0.062525
0 0.128582 0.887661 0.035010 0.050015
0 0.241651 0.469987 0.050018 0.072530
0 0.401718 0.815118 0.040017 0.037517
0 0.417974 0.871388 0.042514 0.050015
0 0.389207 0.900146 0.040017 0.077526
