0 0.835201 0.357531 0.051266 0.076897
0 0.904769 0.428931 0.051266 0.080558
0 0.593532 0.445409 0.051266 0.069576
0 0.443407 0.108537 0.058580 0.076897
0 0.185268 0.024063 0.047604 0.048125
0 0.306102 0.535125 0.062243 0.080558
0 0.119362 0.538785 0.047604 0.073236
0 0.053445 0.621167 0.069568 0.106181
0 0.079417 0.143447 0.039339 0.060521
0 0.031005 0.158577 0.033286 0.048422
0 0.014744 0.179770 0.029488 0.066570
0 0.875289 0.976740 0.045392 0.038520
0 0.516698 0.984302 0.054465 0.023396
0 0.442551 0.975225 0.063551 0.041551
0 0.369927 0.910568 0.069604 0.063552
0 0.214082 0.913599 0.048412 0.063552
