0 0.875421 0.853550 0.040278 0.065903
0 0.976646 0.017719 0.032513 0.035439
0 0.990699 0.124230 0.010601 0.042514
0 0.971651 0.157984 0.047520 0.050015
0 0.990702 0.321796 0.010596 0.052519
0 0.857857 0.251770 0.050018 0.057515
0 0.815343 0.271781 0.050018 0.057515
0 0.915378 0.394326 0.040017 0.057515
0 0.811585 0.410587 0.037519 0.080031
0 0.760319 0.329297 0.050018 0.067521
0 0.817840 0.020221 0.075027 0.040442
0 0.769071 0.006468 0.052515 0.012936
0 0.631528 0.046480 0.052515 0.092961
0 0.701548 0.690688 0.062528 0.060020
0 0.336416 0.516871 0.037519 0.072530
0 0.259059 0.791732 0.057498 0.069602
0 0.331695 0.832589 0.045392 0.066570
0 0.325642 0.775099 0.033286 0.066570
0 0.390703 0.820490 0.042371 0.060521
0 0.699360 0.988433 0.042371 0.015133
0 0.557132 0.967250 0.042371 0.057499
0 0.540495 0.912787 0.057498 0.057503
