0 0.895820 0.039642 0.069901 0.043271
0 0.885831 0.077930 0.063242 0.059917
0 0.985023 0.310933 0.021954 0.059917
0 0.967386 0.334232 0.046605 0.053264
0 0.937430 0.342555 0.033286 0.083216
0 0.894155 0.294287 0.033286 0.079890
0 0.870859 0.292630 0.026626 0.103189
0 0.890826 0.269331 0.039945 0.123161
0 0.744364 0.182775 0.046605 0.056591
0 0.824254 0.249359 0.039945 0.076563
0 0.749358 0.246032 0.056594 0.063244
0 0.652819 0.254342 0.049935 0.086543
0 0.849215 0.370850 0.029956 0.066570
0 0.817595 0.434094 0.053264 0.066570
0 0.854210 0.507330 0.046605 0.066570
0 0.592907 0.324252 0.023296 0.079890
0 0.523006 0.244362 0.023296 0.086543
0 0.491385 0.262665 0.026626 0.096536
0 0.514682 0.097902 0.046605 0.073236
0 0.521341 0.043955 0.073231 0.087909
0 0.624528 0.052961 0.059912 0.083216
0 0.341594 0.020653 0.059912 0.041305
0 0.361560 0.084583 0.059912 0.079890
0 0.418154 0.232713 0.033286 0.109842
0 0.448110 0.445756 0.053264 0.096536
0 0.426467 0.444086 0.056594 0.086543
0 0.200114 0.164473 0.049935 0.113181
0 0.110247 0.227716 0.056594 0.099862
