0 0.843554 0.842643 0.040017 0.055024
0 0.789779 0.690095 0.042514 0.065029
0 0.857302 0.646323 0.057522 0.077526
0 0.931080 0.563787 0.045011 0.072530
0 0.655982 0.708847 0.050018 0.077526
0 0.690992 0.860149 0.045011 0.065029
0 0.771025 0.948940 0.060019 0.067521
0 0.928582 0.887661 0.035010 0.050015
0 0.559692 0.743860 0.062528 0.052519
0 0.524682 0.831392 0.047520 0.047523
0 0.618463 0.891412 0.040017 0.042514
0 0.595963 0.892670 0.045011 0.045018
0 0.427144 0.906426 0.037519 0.067521
0 0.370871 0.901417 0.040017 0.047523
0 0.338358 0.911423 0.035010 0.062525
0 0.320853 0.935184 0.035010 0.085027
