0 0.959541 0.368500 0.072918 0.110767
0 0.983905 0.574517 0.024190 0.079748
0 0.965174 0.570086 0.048733 0.079748
0 0.934160 0.510272 0.048733 0.084180
0 0.894286 0.459319 0.048733 0.097473
0 0.776876 0.448248 0.053169 0.084180
0 0.871227 0.714234 0.025627 0.073236
0 0.878553 0.655653 0.025627 0.058581
0 0.819961 0.604380 0.025627 0.029297
0 0.832780 0.644658 0.029290 0.051260
0 0.750392 0.754513 0.054929 0.065903
0 0.788839 0.796616 0.029290 0.047600
0 0.757718 0.840555 0.025627 0.054921
0 0.819961 0.868016 0.040278 0.073236
0 0.673499 0.944913 0.054929 0.095200
0 0.587448 0.948573 0.036615 0.073236
0 0.477602 0.891815 0.051266 0.098860
0 0.219462 0.857034 0.047604 0.065903
0 0.726597 0.375538 0.051266 0.076897
0 0.616750 0.298641 0.043941 0.054921
0 0.550833 0.357222 0.065905 0.062242
0 0.440986 0.428622 0.058580 0.058581
0 0.461131 0.490877 0.047604 0.065903
0 0.484927 0.221744 0.058580 0.062242
0 0.193835 0.051484 0.047604 0.087879
