0 0.873319 0.981062 0.032513 0.029876
0 0.976748 0.526108 0.038503 0.069602
0 0.915131 0.394470 0.054465 0.060521
0 0.892430 0.521561 0.051445 0.054471
0 0.895462 0.562418 0.027233 0.051440
0 0.774413 0.582082 0.063551 0.090781
0 0.716916 0.532158 0.051445 0.069602
0 0.721458 0.303689 0.054465 0.072633
0 0.446075 0.131194 0.048412 0.054471
0 0.606463 0.521561 0.066571 0.078682
0 0.589826 0.450457 0.063551 0.051440
0 0.456671 0.438345 0.057498 0.051440
0 0.411279 0.510978 0.045392 0.087763
0 0.308865 0.365866 0.056594 0.089869
0 0.215656 0.081256 0.056594 0.066570
0 0.095820 0.039642 0.069901 0.043271
0 0.085831 0.077930 0.063242 0.059917
0 0.212326 0.310933 0.076561 0.059917
0 0.167386 0.334232 0.046605 0.053264
0 0.137430 0.342555 0.033286 0.083216
0 0.094155 0.294287 0.033286 0.079890
0 0.070859 0.292630 0.026626 0.103189
0 0.090826 0.269331 0.039945 0.123161
0 0.024254 0.249359 0.039945 0.076563
0 0.049215 0.370850 0.029956 0.066570
0 0.022113 0.434094 0.044227 0.066570
0 0.054210 0.507330 0.046605 0.066570
