0 0.661444 0.918388 0.068771 0.099040
0 0.331322 0.954146 0.052265 0.077025
0 0.283183 0.922511 0.044012 0.074277
0 0.449611 0.724444 0.035759 0.090781
0 0.384966 0.720321 0.049518 0.088033
0 0.185514 0.522241 0.046771 0.071528
0 0.144249 0.531874 0.046771 0.090781
0 0.021919 0.449338 0.043838 0.074277
0 0.972463 0.501613 0.047073 0.068780
0 0.921415 0.453461 0.055024 0.088033
0 0.801745 0.410832 0.074277 0.079774
0 0.625684 0.313166 0.052265 0.077025
0 0.324448 0.141224 0.049518 0.057772
0 0.200652 0.031412 0.055024 0.062824
