0 0.923957 0.192193 0.029040 0.058081
0 0.907724 0.205011 0.027328 0.039290
0 0.915406 0.294688 0.029040 0.058081
0 0.891492 0.288715 0.025627 0.056372
0 0.855625 0.259675 0.035866 0.056372
0 0.844518 0.144374 0.040992 0.085413
0 0.769361 0.113626 0.044417 0.075163
0 0.710436 0.101668 0.035866 0.058081
0 0.745446 0.228927 0.027328 0.052956
0 0.701041 0.204150 0.030753 0.051248
0 0.677126 0.221233 0.030753 0.068330
0 0.639548 0.129000 0.030753 0.058081
0 0.648942 0.266508 0.029040 0.070038
0 0.589149 0.271633 0.039291 0.049539
0 0.527656 0.254550 0.035866 0.035873
0 0.534494 0.215261 0.029040 0.042706
0 0.437122 0.205011 0.042704 0.063205
0 0.390149 0.296396 0.020502 0.044415
0 0.374772 0.310062 0.023915 0.058081
0 0.325242 0.315187 0.034166 0.058081
0 0.276556 0.335686 0.035866 0.051248
0 0.332068 0.275049 0.020502 0.049539
0 0.354282 0.271633 0.023915 0.056372
0 0.326098 0.232343 0.039291 0.066622
0 0.385023 0.175123 0.037579 0.051248
0 0.361965 0.191345 0.025627 0.056372
0 0.382466 0.238315 0.032453 0.051248
0 0.221044 0.116182 0.027328 0.056372
0 0.273143 0.219525 0.039291 0.047831
0 0.120260 0.042740 0.027328 0.059789
0 0.143318 0.253690 0.049542 0.023916
0 0.108308 0.185373 0.030753 0.037582
0 0.113422 0.229774 0.030753 0.047831
0 0.113422 0.244301 0.037579 0.046123
0 0.078412 0.234899 0.029040 0.054664
0 0.065604 0.252842 0.023915 0.056372
0 0.041689 0.228927 0.023915 0.039290
0 0.037420 0.253690 0.032453 0.034165
0 0.039977 0.286147 0.037579 0.040998
