0 0.883142 0.779221 0.048412 0.078682
0 0.734861 0.488715 0.048412 0.072633
0 0.975883 0.258731 0.040234 0.054471
0 0.690979 0.847307 0.087763 0.057503
0 0.607759 0.629434 0.066571 0.057503
0 0.108759 0.953898 0.049518 0.084203
0 0.148644 0.929675 0.035759 0.112796
0 0.134885 0.764617 0.052265 0.063270
0 0.517713 0.627251 0.035700 0.060123
0 0.599446 0.853665 0.026305 0.050734
0 0.580657 0.820784 0.030063 0.052609
0 0.475437 0.814208 0.045094 0.058248
0 0.404965 0.902523 0.028184 0.065761
0 0.372083 0.879969 0.041337 0.054484
0 0.282834 0.777564 0.028184 0.067649
0 0.219889 0.779452 0.022547 0.063886
0 0.197342 0.801993 0.026305 0.063886
0 0.165400 0.735294 0.037579 0.065761
0 0.416250 0.773813 0.035700 0.075163
0 0.396509 0.758773 0.026305 0.082677
