0 0.916184 0.078668 0.075657 0.096831
0 0.978030 0.538637 0.035940 0.066570
0 0.963086 0.446340 0.060518 0.075651
0 0.680140 0.443322 0.045392 0.087763
0 0.574230 0.541668 0.069604 0.060521
0 0.510679 0.617319 0.063551 0.048422
0 0.556071 0.677840 0.051445 0.048422
0 0.669556 0.652127 0.048412 0.033292
0 0.668034 0.685405 0.033286 0.045391
0 0.654418 0.735343 0.042371 0.060521
0 0.716458 0.741392 0.039339 0.042360
0 0.831454 0.718697 0.039339 0.057503
0 0.858687 0.570413 0.051445 0.039341
0 0.845070 0.534103 0.042371 0.045391
