0 0.923957 0.979576 0.029040 0.032848
0 0.907724 0.990683 0.027328 0.010634
0 0.844518 0.944374 0.040992 0.085413
0 0.769361 0.913626 0.044417 0.075163
0 0.710436 0.901668 0.035866 0.058081
0 0.701041 0.987263 0.030753 0.017473
0 0.639548 0.929000 0.030753 0.058081
0 0.437122 0.984704 0.042704 0.022592
0 0.385023 0.972750 0.037579 0.046501
0 0.361965 0.979579 0.025627 0.032841
0 0.221044 0.916182 0.027328 0.056372
0 0.120260 0.842740 0.027328 0.059789
0 0.079268 0.761592 0.030753 0.044415
0 0.108308 0.981291 0.030753 0.029418
