0 0.247135 0.985536 0.063277 0.020927
0 0.234756 0.932424 0.055024 0.063270
0 0.178352 0.969569 0.063277 0.049514
0 0.110960 0.989662 0.044012 0.012675
0 0.391564 0.962154 0.049518 0.067692
0 0.450703 0.865032 0.030265 0.060521
0 0.641902 0.963522 0.044012 0.064957
0 0.707927 0.963528 0.038518 0.064944
0 0.632282 0.827887 0.041265 0.079774
0 0.747824 0.843017 0.035759 0.077025
0 0.908759 0.953898 0.049518 0.084203
0 0.948644 0.929675 0.035759 0.112796
0 0.934885 0.764617 0.052265 0.063270
0 0.622649 0.526656 0.044012 0.060521
0 0.990095 0.801993 0.011810 0.063886
0 0.965400 0.735294 0.037579 0.065761
