0 0.875421 0.053550 0.040278 0.065903
0 0.978733 0.813337 0.034534 0.069576
0 0.259059 0.013267 0.057498 0.026533
0 0.331695 0.032937 0.045392 0.065874
0 0.390703 0.025375 0.042371 0.050750
0 0.699360 0.206587 0.042371 0.051440
0 0.778050 0.265605 0.042371 0.078682
0 0.746274 0.294350 0.039339 0.075651
0 0.440626 0.536433 0.033286 0.051440
0 0.162234 0.484993 0.045392 0.069602
0 0.027398 0.333691 0.054796 0.075651
0 0.557132 0.170277 0.042371 0.063552
0 0.540495 0.112787 0.057498 0.057503
0 0.843111 0.649923 0.033286 0.048422
0 0.829483 0.618147 0.060518 0.033292
0 0.879417 0.943447 0.039339 0.060521
0 0.831005 0.958577 0.033286 0.048422
0 0.808303 0.971242 0.042371 0.049515
