0 0.982894 0.831226 0.026211 0.062242
0 0.945987 0.703069 0.047604 0.069576
0 0.879416 0.872956 0.047520 0.070025
0 0.800631 0.842940 0.045011 0.070025
0 0.726853 0.857955 0.037519 0.040009
0 0.701844 0.844199 0.027506 0.052519
0 0.571793 0.782920 0.047520 0.050015
0 0.513023 0.831689 0.045011 0.057515
0 0.456750 0.810432 0.052515 0.055024
0 0.414236 0.795430 0.022512 0.050015
0 0.401738 0.760417 0.037519 0.045018
0 0.523024 0.686641 0.035010 0.042514
0 0.501773 0.622858 0.032513 0.045018
0 0.569296 0.669135 0.032513 0.047523
0 0.548033 0.614111 0.035010 0.022503
0 0.568047 0.637873 0.055024 0.020011
0 0.345465 0.386528 0.065025 0.057515
0 0.187908 0.377769 0.050018 0.045018
0 0.334215 0.525333 0.072529 0.055024
0 0.280439 0.584095 0.050018 0.052519
0 0.319207 0.694142 0.032513 0.057515
0 0.280439 0.694142 0.035010 0.042514
0 0.359224 0.844199 0.042514 0.052519
0 0.316698 0.812936 0.037519 0.045018
0 0.291689 0.854204 0.027506 0.047523
0 0.260437 0.866701 0.045011 0.057515
0 0.230422 0.807927 0.050018 0.050015
0 0.176646 0.806681 0.032513 0.057515
0 0.201655 0.924230 0.032513 0.042514
0 0.274184 0.978241 0.032513 0.035518
0 0.171651 0.957984 0.047520 0.050015
0 0.182901 0.625363 0.040017 0.060020
0 0.231670 0.575348 0.022512 0.055024
0 0.165396 0.589104 0.040017 0.057515
0 0.166645 0.504064 0.052515 0.082536
0 0.084114 0.484066 0.047520 0.092528
0 0.022673 0.405281 0.045346 0.065029
0 0.100371 0.345261 0.055024 0.050015
0 0.052850 0.276481 0.045011 0.062525
0 0.077859 0.597851 0.045011 0.050015
0 0.084114 0.680386 0.057522 0.055024
0 0.027677 0.806681 0.055354 0.067521
