0 0.979875 0.297780 0.032249 0.060521
0 0.915320 0.346202 0.054465 0.066570
0 0.939532 0.486921 0.048412 0.081701
0 0.984412 0.757750 0.023176 0.078682
0 0.950128 0.786507 0.063551 0.075651
0 0.903214 0.955971 0.048412 0.069602
0 0.821516 0.928729 0.048412 0.069602
0 0.895651 0.889388 0.057498 0.063552
0 0.894141 0.850047 0.066571 0.057503
0 0.857823 0.798607 0.042371 0.057503
0 0.838153 0.807687 0.033286 0.069602
0 0.810920 0.781961 0.045392 0.066570
0 0.813953 0.695713 0.057498 0.087763
0 0.759476 0.650323 0.039339 0.075651
0 0.750402 0.614013 0.033286 0.069602
0 0.757965 0.562572 0.048412 0.039341
0 0.750402 0.523231 0.033286 0.051440
0 0.794284 0.453630 0.078677 0.093813
0 0.814298 0.350826 0.043204 0.056835
0 0.740413 0.315595 0.027280 0.054561
0 0.771106 0.243977 0.029552 0.047741
0 0.760879 0.357646 0.045475 0.038648
0 0.716534 0.419041 0.038649 0.065928
0 0.661973 0.477018 0.038649 0.063655
0 0.591489 0.307632 0.065929 0.061381
0 0.473271 0.404257 0.043204 0.063655
0 0.426654 0.389487 0.031835 0.052288
0 0.423253 0.430408 0.047746 0.052288
0 0.353911 0.483839 0.059115 0.068202
0 0.286840 0.499752 0.043204 0.054561
0 0.738141 0.862390 0.054560 0.034101
0 0.659702 0.858973 0.056844 0.050015
0 0.783605 0.987738 0.059115 0.016524
0 0.651746 0.976368 0.054560 0.039265
0 0.492595 0.902168 0.050018 0.063655
0 0.332303 0.824873 0.052289 0.054561
0 0.300480 0.896491 0.034106 0.075022
0 0.267504 0.887397 0.031835 0.070475
0 0.073319 0.981062 0.032513 0.029876
0 0.218021 0.539723 0.036318 0.048422
0 0.180193 0.526108 0.045392 0.069602
0 0.115131 0.394470 0.054465 0.060521
0 0.092430 0.521561 0.051445 0.054471
0 0.095462 0.562418 0.027233 0.051440
