0 0.936981 0.432748 0.044417 0.049539
0 0.884026 0.451526 0.034166 0.073455
0 0.831927 0.454095 0.035866 0.054664
0 0.798618 0.466900 0.027328 0.059789
0 0.781529 0.386625 0.034166 0.073455
0 0.751644 0.346475 0.039291 0.071747
0 0.846447 0.250826 0.027328 0.037582
0 0.826802 0.305490 0.025627 0.040998
0 0.837909 0.335378 0.020502 0.059789
0 0.819964 0.363557 0.022202 0.058081
0 0.718335 0.465192 0.044417 0.056372
0 0.673062 0.488260 0.032453 0.051248
0 0.666236 0.444693 0.039291 0.063205
0 0.623532 0.454095 0.049542 0.054664
0 0.549219 0.495940 0.030753 0.059789
0 0.528729 0.485691 0.027328 0.063205
0 0.506515 0.478858 0.020502 0.052956
0 0.415981 0.510467 0.030753 0.058081
0 0.374989 0.479718 0.027328 0.054664
0 0.362181 0.460928 0.025627 0.051248
0 0.344248 0.513023 0.037579 0.063205
0 0.308370 0.560006 0.030753 0.068330
0 0.270791 0.564271 0.030753 0.049539
0 0.259684 0.506190 0.022202 0.049539
0 0.296419 0.456651 0.040992 0.049539
0 0.253714 0.290115 0.030753 0.061497
0 0.069234 0.574520 0.027328 0.059789
0 0.033356 0.540355 0.027328 0.046123
0 0.013262 0.583061 0.026524 0.066622
0 0.008990 0.530105 0.017979 0.070038
0 0.925874 0.314879 0.035866 0.039290
0 0.899402 0.316587 0.023915 0.046123
0 0.878044 0.294380 0.025627 0.066622
