0 0.903573 0.291483 0.055024 0.057515
0 0.843554 0.042643 0.040017 0.055024
0 0.690992 0.060149 0.045011 0.065029
0 0.771025 0.148940 0.060019 0.067521
0 0.758515 0.399026 0.030015 0.042514
0 0.748514 0.430288 0.050018 0.060020
0 0.702254 0.472801 0.042514 0.030016
0 0.706000 0.507814 0.035010 0.045018
0 0.667232 0.501572 0.027506 0.047523
0 0.689743 0.380273 0.032513 0.055024
0 0.667232 0.366517 0.022512 0.057515
0 0.644732 0.416532 0.052515 0.037517
0 0.618463 0.425292 0.045011 0.050015
0 0.558444 0.402776 0.045011 0.050015
0 0.567196 0.486557 0.042514 0.062525
0 0.502171 0.501572 0.042514 0.052519
0 0.537181 0.650370 0.047520 0.085027
0 0.928582 0.087661 0.035010 0.050015
0 0.524682 0.031392 0.047520 0.047523
0 0.618463 0.091412 0.040017 0.042514
0 0.595963 0.092670 0.045011 0.045018
0 0.427144 0.106426 0.037519 0.067521
0 0.370871 0.101417 0.040017 0.047523
0 0.338358 0.111423 0.035010 0.062525
0 0.320853 0.135184 0.035010 0.085027
0 0.377126 0.380273 0.052515 0.070025
0 0.153295 0.397780 0.070020 0.055024
0 0.469658 0.441539 0.052515 0.047523
0 0.282573 0.623218 0.032513 0.057515
0 0.260062 0.586959 0.042514 0.055024
0 0.180040 0.606970 0.032513 0.050015
0 0.152522 0.565702 0.042514 0.047523
0 0.140024 0.638232 0.042514 0.072530
0 0.098758 0.596964 0.055024 0.050015
0 0.048741 0.545691 0.050018 0.057515
0 0.016864 0.446908 0.033727 0.060020
