0 0.982894 0.031226 0.026211 0.062242
0 0.844358 0.732727 0.069568 0.109842
0 0.075421 0.853550 0.040278 0.065903
0 0.879416 0.072956 0.047520 0.070025
0 0.800631 0.042940 0.045011 0.070025
0 0.726853 0.057955 0.037519 0.040009
0 0.701844 0.044199 0.027506 0.052519
0 0.513023 0.031689 0.045011 0.057515
0 0.456750 0.018972 0.052515 0.037944
0 0.414236 0.010219 0.022512 0.020437
0 0.359224 0.044199 0.042514 0.052519
0 0.316698 0.017723 0.037519 0.035445
0 0.291689 0.054204 0.027506 0.047523
0 0.260437 0.066701 0.045011 0.057515
0 0.230422 0.016467 0.050018 0.032934
0 0.176646 0.017719 0.032513 0.035439
0 0.201655 0.124230 0.032513 0.042514
0 0.274184 0.182991 0.032513 0.045018
0 0.171651 0.157984 0.047520 0.050015
0 0.205413 0.321796 0.040017 0.052519
0 0.057857 0.251770 0.050018 0.057515
0 0.020176 0.271781 0.040352 0.057515
0 0.115378 0.394326 0.040017 0.057515
0 0.015172 0.410587 0.030345 0.080031
0 0.027677 0.020221 0.055354 0.040442
