0 0.976846 0.437396 0.038308 0.063552
0 0.976846 0.499433 0.038308 0.048422
0 0.942565 0.612909 0.066571 0.051440
0 0.885067 0.667381 0.042371 0.063552
0 0.939532 0.753628 0.036318 0.060521
0 0.815463 0.620474 0.042371 0.060521
0 0.762508 0.679480 0.045392 0.057503
0 0.656586 0.664350 0.057498 0.063552
0 0.988952 0.264901 0.014096 0.063552
0 0.988952 0.196815 0.014096 0.072633
0 0.950128 0.012167 0.063551 0.024333
0 0.903214 0.155971 0.048412 0.069602
0 0.821516 0.128729 0.048412 0.069602
0 0.895651 0.089388 0.057498 0.063552
0 0.894141 0.050047 0.066571 0.057503
0 0.857823 0.013679 0.042371 0.027358
0 0.838153 0.021244 0.033286 0.042488
0 0.738141 0.062390 0.054560 0.034101
0 0.659702 0.058973 0.056844 0.050015
0 0.783605 0.211303 0.059115 0.063655
0 0.719947 0.280648 0.036378 0.061381
0 0.643790 0.289741 0.052289 0.065928
0 0.651746 0.187426 0.054560 0.061381
0 0.492595 0.102168 0.050018 0.063655
0 0.332303 0.026077 0.052289 0.052153
0 0.300480 0.096491 0.034106 0.075022
0 0.267504 0.087397 0.031835 0.070475
0 0.273188 0.280648 0.052289 0.061381
0 0.552246 0.404965 0.055024 0.047523
0 0.602263 0.473745 0.040017 0.075022
0 0.747310 0.457484 0.060019 0.062525
0 0.552246 0.626293 0.055024 0.030016
0 0.558489 0.595031 0.062528 0.037517
0 0.503477 0.625047 0.037519 0.057515
0 0.508471 0.735094 0.047520 0.072530
0 0.344671 0.657555 0.065025 0.052519
0 0.335918 0.762593 0.057522 0.067521
0 0.217117 0.630043 0.055024 0.062525
0 0.134587 0.627552 0.035010 0.047523
0 0.104571 0.680071 0.040017 0.062525
0 0.064567 0.622542 0.050018 0.062525
0 0.049559 0.578783 0.050018 0.045018
0 0.143339 0.499998 0.047520 0.062525
0 0.110827 0.263668 0.052515 0.075022
0 0.073319 0.198639 0.032513 0.065029
0 0.123337 0.861389 0.042514 0.060020
