0 0.920260 0.042740 0.027328 0.059789
0 0.943318 0.253690 0.049542 0.023916
0 0.908308 0.185373 0.030753 0.037582
0 0.913422 0.229774 0.030753 0.047831
0 0.913422 0.244301 0.037579 0.046123
0 0.878412 0.234899 0.029040 0.054664
0 0.865604 0.252842 0.023915 0.056372
0 0.841689 0.228927 0.023915 0.039290
0 0.837420 0.253690 0.032453 0.034165
0 0.839977 0.286147 0.037579 0.040998
0 0.734923 0.216108 0.042704 0.058081
0 0.704182 0.379240 0.046117 0.049539
0 0.635851 0.228927 0.029040 0.042706
0 0.593146 0.301521 0.022202 0.047831
0 0.574357 0.293840 0.032453 0.039290
0 0.547885 0.300673 0.044417 0.049539
0 0.463238 0.435304 0.034166 0.051248
0 0.447006 0.361001 0.029040 0.063205
0 0.405158 0.369543 0.023915 0.046123
0 0.395763 0.312323 0.025627 0.044415
0 0.373561 0.294380 0.035866 0.046123
0 0.358184 0.444693 0.039291 0.056372
0 0.327443 0.364418 0.025627 0.039290
0 0.310355 0.368682 0.029040 0.047831
0 0.313768 0.302073 0.022202 0.051248
0 0.298403 0.296088 0.022202 0.070038
0 0.136981 0.432748 0.044417 0.049539
0 0.084026 0.451526 0.034166 0.073455
0 0.031927 0.454095 0.035866 0.054664
0 0.006141 0.466900 0.012282 0.059789
0 0.046447 0.250826 0.027328 0.037582
0 0.026802 0.305490 0.025627 0.040998
0 0.037909 0.335378 0.020502 0.059789
0 0.019964 0.363557 0.022202 0.058081
0 0.125874 0.314879 0.035866 0.039290
0 0.099402 0.316587 0.023915 0.046123
0 0.078044 0.294380 0.025627 0.066622
