0 0.953295 0.397780 0.070020 0.055024
0 0.979892 0.606970 0.032216 0.050015
0 0.952522 0.565702 0.042514 0.047523
0 0.940024 0.638232 0.042514 0.072530
0 0.898758 0.596964 0.055024 0.050015
0 0.848741 0.545691 0.050018 0.057515
0 0.811221 0.446908 0.045011 0.060020
0 0.758706 0.631977 0.030015 0.045018
0 0.631153 0.603219 0.040017 0.067521
0 0.596143 0.599469 0.030015 0.050015
0 0.651167 0.754522 0.045011 0.095033
0 0.536124 0.807041 0.045011 0.055024
0 0.502362 0.945846 0.042514 0.062525
0 0.529869 0.909575 0.032513 0.055024
0 0.511115 0.888318 0.020002 0.042514
0 0.471098 0.629473 0.025009 0.065029
0 0.446089 0.628227 0.045011 0.077526
0 0.362310 0.604465 0.037519 0.070025
0 0.258517 0.430647 0.045011 0.087532
0 0.244758 0.356872 0.067523 0.065029
0 0.153475 0.525693 0.030015 0.077526
0 0.026720 0.436903 0.053439 0.065029
