0 0.980444 0.972878 0.031113 0.046243
0 0.967099 0.938679 0.039874 0.093042
0 0.911718 0.940901 0.053169 0.079748
0 0.885127 0.948510 0.044310 0.094980
0 0.785449 0.781404 0.048733 0.062024
0 0.730068 0.790267 0.062029 0.097473
0 0.574996 0.706087 0.062029 0.088611
0 0.754434 0.617476 0.066452 0.088611
0 0.754434 0.517781 0.066452 0.110767
0 0.976008 0.382649 0.039984 0.053161
0 0.965137 0.137676 0.052515 0.095033
0 0.912622 0.178944 0.032513 0.067521
0 0.883855 0.290237 0.060019 0.075022
0 0.797579 0.271485 0.032513 0.047523
0 0.905118 0.110177 0.037519 0.080031
0 0.925120 0.067650 0.037519 0.060020
0 0.895117 0.037647 0.027506 0.050015
0 0.966385 0.017571 0.040017 0.035142
0 0.986196 0.026321 0.019607 0.052642
0 0.807580 0.220211 0.037519 0.055024
0 0.801325 0.181448 0.035010 0.047523
0 0.718794 0.013817 0.030015 0.027635
0 0.572499 0.078915 0.052515 0.057515
0 0.660024 0.253978 0.042514 0.072530
0 0.655029 0.456554 0.052515 0.057515
0 0.408686 0.646619 0.040017 0.062525
0 0.377422 0.625363 0.037519 0.045018
0 0.339915 0.557842 0.037519 0.060020
0 0.291146 0.581590 0.035010 0.062525
0 0.241128 0.639118 0.045011 0.062525
0 0.339915 0.441539 0.042514 0.062525
0 0.393679 0.385270 0.040017 0.055024
0 0.329902 0.335255 0.047520 0.070025
0 0.226120 0.281490 0.040017 0.052519
0 0.103573 0.291483 0.055024 0.057515
0 0.043554 0.042643 0.040017 0.055024
0 0.233624 0.038893 0.040017 0.062525
0 0.128582 0.087661 0.035010 0.050015
0 0.401718 0.016939 0.040017 0.033877
0 0.417974 0.071388 0.042514 0.050015
0 0.389207 0.100146 0.040017 0.077526
