0 0.969311 0.739020 0.044310 0.097473
0 0.902858 0.661494 0.062029 0.075317
0 0.566136 0.568452 0.070888 0.066455
0 0.566136 0.734589 0.044310 0.053161
0 0.504108 0.750105 0.044310 0.075317
0 0.411065 0.599458 0.062029 0.084180
0 0.391122 0.736811 0.057593 0.075317
0 0.386698 0.789973 0.057593 0.057592
0 0.342388 0.752314 0.039874 0.088611
0 0.271500 0.750105 0.075324 0.075317
0 0.162950 0.648201 0.053169 0.075317
0 0.202824 0.521931 0.044310 0.079748
0 0.980444 0.194062 0.031113 0.088611
0 0.967099 0.138679 0.039874 0.093042
0 0.911718 0.140901 0.053169 0.079748
0 0.885127 0.156404 0.044310 0.110767
0 0.730068 0.019502 0.062029 0.039003
