0 0.982544 0.440329 0.026912 0.057012
0 0.976838 0.579067 0.038324 0.045608
0 0.959577 0.535350 0.057011 0.049413
0 0.891170 0.474544 0.026604 0.041814
0 0.925368 0.434633 0.041813 0.053207
0 0.932972 0.478338 0.049406 0.034203
0 0.902566 0.501147 0.034209 0.049413
0 0.790451 0.440329 0.053209 0.064612
0 0.714429 0.377620 0.053209 0.053207
0 0.685929 0.370021 0.034209 0.060806
0 0.674522 0.381426 0.064615 0.076017
0 0.600407 0.341515 0.022802 0.049413
0 0.581407 0.322511 0.030407 0.041814
0 0.598511 0.379523 0.034209 0.072211
0 0.581407 0.392831 0.022802 0.060806
0 0.552896 0.354823 0.049406 0.053207
0 0.530094 0.368118 0.034209 0.057012
0 0.446478 0.392831 0.057011 0.076017
0 0.178528 0.803299 0.045604 0.076017
0 0.368561 0.409932 0.053209 0.079810
0 0.345759 0.411835 0.045604 0.083616
0 0.315352 0.404224 0.030407 0.068417
0 0.300154 0.417532 0.022802 0.087422
0 0.286852 0.394722 0.034209 0.087422
0 0.273550 0.360519 0.038011 0.072211
0 0.260248 0.322511 0.034209 0.079810
0 0.246946 0.366215 0.038011 0.060806
0 0.212737 0.349114 0.030407 0.072211
0 0.189935 0.259802 0.060813 0.053207
0 0.155266 0.315033 0.027894 0.049341
0 0.140248 0.286078 0.023598 0.038614
0 0.119868 0.259256 0.021456 0.057921
0 0.120945 0.325759 0.027894 0.066502
0 0.085547 0.286078 0.021456 0.042905
0 0.061938 0.308597 0.042912 0.045050
0 0.005225 0.284999 0.010451 0.045050
