0 0.975863 0.803299 0.040274 0.076017
0 0.977764 0.259802 0.036472 0.053207
0 0.955266 0.315033 0.027894 0.049341
0 0.940248 0.286078 0.023598 0.038614
0 0.919868 0.259256 0.021456 0.057921
0 0.920945 0.325759 0.027894 0.066502
0 0.885547 0.286078 0.021456 0.042905
0 0.861938 0.308597 0.042912 0.045050
0 0.797580 0.284999 0.025741 0.045050
0 0.750383 0.251742 0.042912 0.034324
0 0.756821 0.282854 0.030036 0.045050
0 0.757887 0.343999 0.027894 0.055776
0 0.742869 0.352580 0.027894 0.042905
0 0.731069 0.363307 0.021456 0.051486
0 0.719270 0.356871 0.027894 0.068648
0 0.706405 0.308597 0.036474 0.040760
0 0.649552 0.305385 0.034321 0.047195
0 0.628095 0.267837 0.042912 0.062212
0 0.551928 0.278564 0.027894 0.049341
0 0.497227 0.279642 0.030036 0.047195
0 0.483274 0.234580 0.040759 0.042905
0 0.456457 0.295726 0.042912 0.049341
0 0.356332 0.259390 0.027300 0.056564
0 0.358283 0.298392 0.027300 0.044856
0 0.338779 0.301325 0.031203 0.039002
0 0.319274 0.310100 0.023408 0.048759
0 0.229557 0.253536 0.031203 0.052661
0 0.160321 0.249633 0.029251 0.044856
0 0.141792 0.268165 0.023408 0.050710
0 0.129107 0.254505 0.021456 0.054613
0 0.100831 0.259390 0.027300 0.052661
0 0.052075 0.273037 0.062417 0.048759
0 0.410640 0.267147 0.033906 0.027852
0 0.394298 0.293786 0.025427 0.037548
0 0.290146 0.640030 0.050259 0.065957
