0 0.420474 0.094268 0.024525 0.042445
0 0.427078 0.036733 0.024525 0.042445
0 0.494042 0.047583 0.035840 0.022638
0 0.355398 0.092853 0.035840 0.022638
0 0.538374 0.044753 0.035840 0.022638
0 0.381805 0.126807 0.035840 0.022638
0 0.395008 0.162648 0.035840 0.022638
0 0.301638 0.086254 0.035840 0.022638
0 0.265792 0.080594 0.035840 0.022638
0 0.446886 0.234330 0.035840 0.022638
0 0.819501 0.719399 0.047706 0.030128
0 0.795283 0.715538 0.032582 0.020576
0 0.661523 0.801284 0.032582 0.020576
0 0.397414 0.029214 0.015200 0.009598
0 0.358611 0.020816 0.015200 0.009598
