0 0.049153 0.327459 0.028064 0.035086
0 0.199136 0.326583 0.026314 0.045615
0 0.206593 0.208171 0.030694 0.036837
0 0.266243 0.192816 0.028945 0.044739
0 0.265362 0.127032 0.020173 0.035962
0 0.237733 0.105113 0.028064 0.051754
0 0.270188 0.042830 0.029825 0.041226
0 0.064500 0.362107 0.028945 0.041226
0 0.534040 0.152753 0.022403 0.032285
0 0.541622 0.177461 0.023066 0.034273
0 0.604886 0.094759 0.029654 0.040200
0 0.644752 0.074003 0.025045 0.042176
0 0.686928 0.048632 0.026360 0.034924
0 0.692200 0.088832 0.035589 0.046790
0 0.649040 0.148464 0.032295 0.043489
