0 0.206593 0.992876 0.030694 0.006248
0 0.266243 0.983223 0.028945 0.025554
0 0.265362 0.927032 0.020173 0.035962
0 0.237733 0.905113 0.028064 0.051754
0 0.270188 0.842830 0.029825 0.041226
0 0.534040 0.952753 0.022403 0.032285
0 0.541622 0.977461 0.023066 0.034273
0 0.604886 0.894759 0.029654 0.040200
0 0.644752 0.874003 0.025045 0.042176
0 0.686928 0.848632 0.026360 0.034924
0 0.692200 0.888832 0.035589 0.046790
0 0.649040 0.948464 0.032295 0.043489
0 0.759455 0.442227 0.020974 0.034749
0 0.757065 0.476976 0.020974 0.034749
0 0.683977 0.437425 0.025765 0.033548
0 0.676189 0.464397 0.028155 0.035949
0 0.628856 0.467985 0.024565 0.041938
0 0.615075 0.488354 0.020974 0.032348
0 0.593210 0.483865 0.026360 0.032948
