0 0.102243 0.572007 0.033496 0.041463
0 0.098251 0.600703 0.031895 0.031898
0 0.207888 0.532532 0.034285 0.035886
0 0.252546 0.485091 0.035886 0.036674
0 0.296003 0.469937 0.035086 0.033486
0 0.288832 0.499446 0.033496 0.036674
0 0.197127 0.563229 0.036675 0.028709
0 0.408830 0.632201 0.034285 0.037474
0 0.526450 0.658922 0.033496 0.044652
0 0.579078 0.696396 0.035086 0.046252
0 0.598611 0.751414 0.026314 0.039875
0 0.725001 0.782912 0.033496 0.035886
0 0.794772 0.602304 0.024725 0.039875
0 0.821887 0.631413 0.024725 0.040663
0 0.837028 0.629413 0.035886 0.043064
0 0.789992 0.492269 0.027904 0.041463
0 0.812315 0.481503 0.032696 0.037474
0 0.886466 0.326403 0.032696 0.044652
0 0.911591 0.268997 0.025514 0.038275
0 0.879296 0.241889 0.029505 0.038275
0 0.882887 0.274574 0.025514 0.038275
