0 0.958149 0.174164 0.044199 0.066301
0 0.904128 0.171717 0.029466 0.071220
0 0.785019 0.127512 0.041743 0.066301
0 0.750642 0.185225 0.041743 0.068761
0 0.632766 0.128736 0.046654 0.063855
0 0.451036 0.129972 0.046654 0.056477
0 0.457181 0.279764 0.034377 0.085951
0 0.397015 0.265033 0.061399 0.041746
0 0.384738 0.296954 0.036832 0.056477
0 0.340527 0.417286 0.046654 0.056477
0 0.317206 0.463950 0.049110 0.066301
0 0.286506 0.574456 0.031921 0.061395
0 0.244751 0.627250 0.031921 0.058936
0 0.284051 0.715660 0.031921 0.049111
