0 0.963898 0.983130 0.040594 0.025739
0 0.966946 0.928660 0.038562 0.054799
0 0.926352 0.894154 0.026381 0.066970
0 0.867493 0.855599 0.030446 0.054799
0 0.771088 0.793699 0.028414 0.048708
0 0.776168 0.707433 0.038562 0.058860
0 0.703967 0.684365 0.029466 0.046664
0 0.972873 0.494050 0.031921 0.073667
0 0.816932 0.525971 0.039288 0.049111
0 0.894286 0.285309 0.046654 0.054030
0 0.814476 0.403181 0.044199 0.063855
0 0.805876 0.356517 0.031921 0.049111
0 0.804654 0.258294 0.034377 0.063855
0 0.775188 0.264436 0.039288 0.061395
0 0.665901 0.168661 0.031921 0.071220
0 0.637657 0.158836 0.029466 0.076126
0 0.586092 0.238645 0.034377 0.058936
0 0.629069 0.361435 0.036832 0.078585
0 0.591003 0.449845 0.044199 0.058936
0 0.588547 0.613146 0.034377 0.056477
0 0.403140 0.637701 0.041743 0.056477
0 0.260697 0.646302 0.046654 0.049111
0 0.482175 0.265206 0.058835 0.055568
0 0.390657 0.212916 0.039227 0.062101
0 0.199443 0.121391 0.042493 0.055568
0 0.065431 0.211277 0.049025 0.071914
0 0.197810 0.310975 0.052303 0.055568
