0 0.571718 0.962492 0.063165 0.067017
0 0.453274 0.884249 0.047380 0.100013
0 0.005193 0.930409 0.010385 0.052769
0 0.301627 0.874588 0.038562 0.058860
0 0.120622 0.740283 0.038562 0.054799
0 0.034366 0.808274 0.028414 0.056830
0 0.010079 0.868143 0.020159 0.050738
0 0.059731 0.679392 0.034498 0.034506
0 0.130771 0.296820 0.026381 0.048708
0 0.133807 0.177081 0.036530 0.052769
0 0.018199 0.222749 0.036398 0.034506
0 0.052631 0.148666 0.032478 0.048708
0 0.161216 0.280588 0.046678 0.044646
0 0.290087 0.075605 0.044646 0.032476
0 0.048482 0.041490 0.031365 0.042439
0 0.023576 0.062703 0.036905 0.036903
0 0.247751 0.379138 0.023986 0.060891
0 0.487603 0.262893 0.027676 0.053500
