0 0.727171 0.986543 0.036530 0.018914
0 0.574955 0.979442 0.036530 0.033115
0 0.798211 0.930409 0.024349 0.052769
0 0.920622 0.740283 0.038562 0.054799
0 0.834366 0.808274 0.028414 0.056830
0 0.804936 0.868143 0.030446 0.050738
0 0.747093 0.809283 0.040594 0.046677
0 0.859731 0.679392 0.034498 0.034506
0 0.930771 0.296820 0.026381 0.048708
0 0.933807 0.177081 0.036530 0.052769
0 0.817117 0.222749 0.038562 0.034506
0 0.852631 0.148666 0.032478 0.048708
0 0.606042 0.527178 0.042626 0.042616
0 0.961216 0.280588 0.046678 0.044646
0 0.848482 0.041490 0.031365 0.042439
0 0.823576 0.062703 0.036905 0.036903
0 0.206934 0.423507 0.033482 0.049111
0 0.056242 0.459224 0.035719 0.049111
0 0.203583 0.589834 0.049110 0.042414
0 0.301815 0.792988 0.049110 0.037950
0 0.616057 0.883959 0.023478 0.063741
0 0.545610 0.849578 0.030192 0.048644
0 0.392970 0.890668 0.033542 0.043612
0 0.127125 0.981072 0.031873 0.029855
