0 0.987098 0.121391 0.017804 0.055568
0 0.865431 0.211277 0.049025 0.071914
0 0.983829 0.310975 0.024342 0.055568
0 0.739585 0.806160 0.039227 0.078447
0 0.509144 0.907484 0.049025 0.078447
0 0.339183 0.734259 0.035949 0.084980
0 0.298322 0.714647 0.045759 0.078447
0 0.339183 0.618216 0.035949 0.088246
0 0.407828 0.511985 0.049025 0.078447
0 0.303233 0.941814 0.062101 0.055568
0 0.379196 0.826932 0.039288 0.056477
0 0.159412 0.837980 0.041743 0.063855
0 0.138534 0.867454 0.029466 0.058936
0 0.117657 0.857629 0.027010 0.058936
