0 0.970653 0.220660 0.035224 0.051999
0 0.969818 0.277692 0.050319 0.038580
0 0.978715 0.344775 0.034570 0.045290
0 0.818860 0.359871 0.033542 0.048644
0 0.983069 0.869384 0.025861 0.041746
0 0.933300 0.823955 0.029466 0.049111
0 0.854713 0.945510 0.049110 0.081045
0 0.783491 0.709766 0.044199 0.051570
0 0.163898 0.983130 0.040594 0.025739
0 0.166946 0.928660 0.038562 0.054799
0 0.126352 0.894154 0.026381 0.066970
0 0.067493 0.855599 0.030446 0.054799
0 0.172873 0.494050 0.031921 0.073667
0 0.018288 0.525971 0.036576 0.049111
0 0.094286 0.285309 0.046654 0.054030
0 0.018288 0.403181 0.036576 0.063855
0 0.010918 0.356517 0.021837 0.049111
0 0.010921 0.258294 0.021843 0.063855
