0 0.927125 0.195499 0.031873 0.058709
0 0.824805 0.225692 0.031873 0.048644
0 0.818091 0.313749 0.038574 0.053677
0 0.674681 0.250008 0.040255 0.057031
0 0.574889 0.250008 0.052001 0.026838
0 0.385345 0.343097 0.025160 0.062064
0 0.366898 0.328846 0.028510 0.043612
0 0.170653 0.220660 0.035224 0.051999
0 0.169818 0.277692 0.050319 0.038580
0 0.180717 0.344775 0.038574 0.045290
0 0.018860 0.359871 0.033542 0.048644
0 0.326074 0.697482 0.036832 0.046664
0 0.191010 0.869384 0.041743 0.041746
0 0.133300 0.823955 0.029466 0.049111
0 0.054713 0.945510 0.049110 0.081045
