0 0.713708 0.631710 0.073701 0.078964
0 0.718970 0.763317 0.063165 0.068433
0 0.645269 0.831749 0.042118 0.142137
0 0.590002 0.941508 0.036844 0.108985
0 0.550521 0.942294 0.042118 0.089495
0 0.376798 0.983625 0.042118 0.024749
0 0.416957 0.931081 0.029417 0.062101
0 0.413691 0.857528 0.029417 0.045756
0 0.490501 0.895125 0.032683 0.049023
0 0.495412 0.831384 0.042493 0.065368
0 0.497044 0.609122 0.052303 0.078447
0 0.451285 0.527409 0.045759 0.071914
0 0.778143 0.484907 0.065367 0.039223
0 0.693157 0.380315 0.032683 0.065368
0 0.693157 0.303508 0.039227 0.075180
0 0.810391 0.622567 0.036530 0.050738
0 0.793130 0.262330 0.022329 0.060891
0 0.727171 0.203470 0.036530 0.052769
0 0.574955 0.187238 0.036530 0.048708
0 0.798211 0.130409 0.024349 0.052769
0 0.834366 0.018344 0.028414 0.036689
0 0.804936 0.068143 0.030446 0.050738
0 0.747093 0.016311 0.040594 0.032621
0 0.301815 0.005982 0.049110 0.011963
0 0.616057 0.083959 0.023478 0.063741
0 0.545610 0.049578 0.030192 0.048644
0 0.392970 0.090668 0.033542 0.043612
0 0.617726 0.265950 0.026841 0.051999
0 0.883584 0.430322 0.045287 0.078838
0 0.127125 0.195499 0.031873 0.058709
0 0.024805 0.225692 0.031873 0.048644
0 0.018689 0.313749 0.037378 0.053677
