0 0.029233 0.654812 0.031679 0.036320
0 0.178751 0.703890 0.032454 0.040175
0 0.307017 0.736339 0.038635 0.029369
0 0.537289 0.854574 0.037086 0.037094
0 0.598725 0.845687 0.039409 0.022402
0 0.624997 0.867315 0.039409 0.023950
0 0.672522 0.934552 0.029369 0.036320
0 0.441864 0.987105 0.031679 0.017789
0 0.529959 0.898232 0.025498 0.034772
0 0.772980 0.978211 0.029369 0.035578
0 0.897387 0.992129 0.037086 0.007741
0 0.990735 0.988263 0.010530 0.015475
0 0.621671 0.528207 0.038465 0.040723
0 0.898851 0.587591 0.040727 0.039594
0 0.501473 0.957793 0.042433 0.032853
