0 0.310627 0.942049 0.034002 0.043352
0 0.350157 0.848974 0.033155 0.044207
0 0.509534 0.923341 0.042505 0.034853
0 0.045229 0.218386 0.027047 0.026273
0 0.052571 0.244658 0.040183 0.021644
0 0.097387 0.203709 0.037086 0.030901
0 0.199380 0.193661 0.027821 0.026273
0 0.141816 0.222256 0.025498 0.024724
0 0.136796 0.256641 0.030905 0.020870
0 0.136796 0.236159 0.037086 0.021644
0 0.426253 0.107925 0.037401 0.024305
0 0.352383 0.194887 0.028051 0.035530
0 0.300019 0.214983 0.022438 0.023369
0 0.310772 0.302413 0.036469 0.041143
0 0.402412 0.342152 0.028982 0.034595
0 0.533774 0.263609 0.041138 0.025240
0 0.617926 0.182259 0.031788 0.032724
0 0.799269 0.181888 0.032575 0.024902
0 0.823861 0.202322 0.029381 0.024902
0 0.763514 0.315363 0.027458 0.041513
0 0.588847 0.392310 0.028099 0.030659
0 0.876539 0.201048 0.036397 0.027466
0 0.919008 0.196581 0.029381 0.033853
0 0.991990 0.212547 0.008021 0.022353
