0 0.302456 0.862602 0.032296 0.034853
0 0.909348 0.974386 0.034002 0.037401
0 0.007778 0.181888 0.015557 0.024902
0 0.023861 0.202322 0.029381 0.024902
0 0.076539 0.201048 0.036397 0.027466
0 0.119008 0.196581 0.029381 0.033853
0 0.207139 0.212547 0.038320 0.022353
0 0.292718 0.369973 0.030651 0.035756
0 0.407667 0.389117 0.028099 0.033208
0 0.445660 0.399019 0.030010 0.032562
0 0.477279 0.434469 0.025547 0.029369
0 0.533151 0.434146 0.026188 0.027466
0 0.544327 0.318234 0.025547 0.028095
0 0.571785 0.288865 0.026817 0.028095
0 0.500262 0.338362 0.022994 0.028740
0 0.433213 0.280237 0.025547 0.022353
0 0.415650 0.275447 0.024906 0.033208
0 0.449495 0.317605 0.022353 0.030659
0 0.493560 0.380827 0.023623 0.025547
0 0.500903 0.397745 0.021712 0.026176
0 0.465776 0.357506 0.025547 0.030014
0 0.495593 0.148616 0.022075 0.026385
0 0.598275 0.106635 0.030712 0.021112
0 0.649369 0.120795 0.026393 0.028305
0 0.674565 0.076895 0.026865 0.025902
0 0.704067 0.109038 0.032151 0.021112
0 0.755173 0.103280 0.031667 0.023031
0 0.804391 0.103619 0.026393 0.033772
0 0.822608 0.124988 0.024809 0.031143
0 0.857698 0.117860 0.025329 0.026385
0 0.859815 0.088313 0.031667 0.033772
