0 0.217350 0.793155 0.028280 0.036207
0 0.537289 0.054574 0.037086 0.037094
0 0.598725 0.045687 0.039409 0.022402
0 0.624997 0.067315 0.039409 0.023950
0 0.672522 0.134552 0.029369 0.036320
0 0.441864 0.194823 0.031679 0.033224
0 0.529959 0.098232 0.025498 0.034772
0 0.772980 0.178582 0.029369 0.036320
0 0.845229 0.218386 0.027047 0.026273
0 0.852571 0.244658 0.040183 0.021644
0 0.897387 0.203709 0.037086 0.030901
0 0.990735 0.193661 0.010530 0.026273
0 0.941816 0.222256 0.025498 0.024724
0 0.936796 0.256641 0.030905 0.020870
0 0.936796 0.236159 0.037086 0.021644
0 0.501473 0.157793 0.042433 0.032853
