0 0.043856 0.471257 0.030131 0.038643
0 0.104904 0.483998 0.030131 0.034772
0 0.363456 0.032559 0.033724 0.031611
0 0.266870 0.006627 0.025994 0.013254
0 0.418251 0.059606 0.036530 0.026692
0 0.362755 0.295994 0.029502 0.037223
0 0.456535 0.307590 0.031607 0.032321
0 0.492714 0.247174 0.040739 0.028095
0 0.631104 0.290720 0.022474 0.030901
0 0.545404 0.125988 0.023890 0.034417
0 0.586845 0.079636 0.044961 0.042852
0 0.477957 0.102458 0.042155 0.030901
0 0.766918 0.008014 0.028353 0.016028
0 0.807706 0.020223 0.024422 0.040445
0 0.877597 0.295881 0.035853 0.032740
0 0.796529 0.241320 0.038973 0.051448
0 0.832769 0.388649 0.042868 0.042094
