0 0.144253 0.536142 0.046388 0.039594
0 0.154994 0.734694 0.031679 0.047513
0 0.243803 0.721679 0.032804 0.037336
0 0.280006 0.670214 0.032804 0.029417
0 0.338272 0.589881 0.033941 0.040723
0 0.433867 0.632314 0.032804 0.028289
0 0.363456 0.832559 0.033724 0.031611
0 0.266870 0.797093 0.025994 0.032321
0 0.418251 0.859606 0.036530 0.026692
0 0.545404 0.925988 0.023890 0.034417
0 0.586845 0.879636 0.044961 0.042852
0 0.477957 0.902458 0.042155 0.030901
0 0.622323 0.700858 0.037231 0.035127
0 0.729735 0.576140 0.026393 0.029272
0 0.769797 0.519289 0.029744 0.031659
0 0.868113 0.528804 0.031837 0.038820
0 0.932452 0.696068 0.029659 0.036643
0 0.891229 0.688874 0.031837 0.035336
0 0.808359 0.701083 0.026611 0.035336
0 0.691681 0.654425 0.027918 0.029224
0 0.725925 0.779820 0.030966 0.027918
0 0.685790 0.768482 0.026611 0.035772
0 0.766918 0.799013 0.028353 0.034030
0 0.807706 0.819947 0.024422 0.040997
