0 0.098441 0.793921 0.035103 0.035942
0 0.229635 0.926679 0.044501 0.035601
0 0.381536 0.931700 0.022607 0.035169
0 0.444339 0.967183 0.023865 0.038315
0 0.297687 0.984262 0.037050 0.023475
0 0.751734 0.953787 0.031087 0.042837
0 0.836358 0.830821 0.030397 0.044213
0 0.290006 0.461935 0.027821 0.036716
0 0.394588 0.530359 0.032260 0.048958
0 0.493049 0.406855 0.037824 0.044502
0 0.643548 0.368829 0.028873 0.037240
0 0.800469 0.314116 0.020515 0.032678
0 0.973732 0.384795 0.029635 0.044829
0 0.963100 0.498782 0.034195 0.029637
