0 0.144187 0.041346 0.028510 0.048736
0 0.139131 0.123638 0.034945 0.034946
0 0.120273 0.133299 0.028510 0.041382
0 0.173604 0.182952 0.039542 0.035863
0 0.315490 0.139604 0.022837 0.042247
0 0.315781 0.191276 0.026829 0.041683
0 0.366874 0.187566 0.030833 0.036545
0 0.416552 0.194421 0.028547 0.043387
0 0.353460 0.259214 0.031401 0.039390
0 0.542157 0.257510 0.043388 0.033688
0 0.614661 0.344285 0.033119 0.045105
0 0.557858 0.336578 0.033687 0.034251
0 0.502192 0.383963 0.025123 0.037685
0 0.517324 0.398526 0.022269 0.030253
0 0.637498 0.522423 0.025123 0.029113
0 0.585546 0.542111 0.033119 0.043387
0 0.914690 0.355139 0.035974 0.034828
0 0.970924 0.303467 0.029684 0.042247
0 0.688979 0.663622 0.032466 0.044908
0 0.686209 0.708871 0.032466 0.041447
0 0.644066 0.727183 0.029708 0.040753
0 0.686559 0.928902 0.024869 0.039376
0 0.718674 0.985767 0.028329 0.020466
0 0.109108 0.227047 0.024180 0.034540
