0 0.980668 0.291911 0.030664 0.035169
0 0.987892 0.336806 0.016215 0.035798
0 0.753378 0.217169 0.023236 0.032652
0 0.904106 0.470272 0.032030 0.050243
0 0.960631 0.661190 0.024494 0.035169
0 0.859012 0.784077 0.026938 0.041447
0 0.527062 0.551961 0.037304 0.049745
0 0.369559 0.554032 0.029018 0.048355
0 0.371979 0.337108 0.029708 0.049745
0 0.434152 0.374413 0.032466 0.041447
0 0.466969 0.392030 0.031776 0.043519
0 0.597182 0.248681 0.028329 0.037305
0 0.551592 0.397562 0.050428 0.029703
0 0.144187 0.841346 0.028510 0.048736
0 0.139131 0.923638 0.034945 0.034946
0 0.120273 0.933299 0.028510 0.041382
0 0.173604 0.980510 0.039542 0.030980
0 0.315490 0.939604 0.022837 0.042247
0 0.315781 0.983217 0.026829 0.025566
0 0.366874 0.982647 0.030833 0.026707
0 0.416552 0.984364 0.028547 0.023272
0 0.249349 0.773172 0.047670 0.033845
