0 0.510317 0.064860 0.028317 0.042483
0 0.676733 0.269581 0.024180 0.033845
0 0.703332 0.245751 0.022111 0.031774
0 0.669826 0.191510 0.024180 0.035234
0 0.627684 0.236418 0.020031 0.032469
0 0.595557 0.223637 0.024869 0.030397
0 0.470871 0.169069 0.021410 0.034540
0 0.469142 0.277865 0.020720 0.033845
0 0.495390 0.299624 0.022111 0.034540
0 0.365515 0.369058 0.027627 0.043519
0 0.309898 0.413271 0.033857 0.028326
0 0.110253 0.499967 0.051807 0.023490
0 0.032875 0.725189 0.032466 0.041447
0 0.215259 0.687189 0.026938 0.041447
0 0.321994 0.724835 0.027627 0.042142
0 0.389006 0.689260 0.029018 0.035929
0 0.449449 0.743841 0.026938 0.035929
0 0.496080 0.782182 0.024869 0.033845
0 0.151356 0.960753 0.024869 0.033163
0 0.322333 0.968355 0.021410 0.026255
0 0.511490 0.476832 0.023406 0.034828
0 0.566587 0.449711 0.026260 0.033111
0 0.681620 0.463986 0.023406 0.038826
0 0.716457 0.429734 0.026829 0.029690
0 0.988734 0.729646 0.014532 0.023975
0 0.960179 0.773125 0.024482 0.037935
