0 0.098441 0.005946 0.035103 0.011893
0 0.229635 0.126679 0.044501 0.035601
0 0.381536 0.131700 0.022607 0.035169
0 0.444339 0.167183 0.023865 0.038315
0 0.383097 0.242239 0.028256 0.031407
0 0.358602 0.226536 0.030772 0.035169
0 0.297687 0.197017 0.037050 0.048985
0 0.751734 0.153787 0.031087 0.042837
0 0.836358 0.030821 0.030397 0.044213
0 0.195149 0.991944 0.030349 0.008112
0 0.154688 0.942888 0.032369 0.043492
0 0.364565 0.924170 0.029333 0.026295
0 0.470260 0.873101 0.034389 0.037423
0 0.707366 0.618872 0.028922 0.028929
0 0.751867 0.599406 0.031147 0.050073
0 0.980744 0.558234 0.030511 0.038944
