0 0.036358 0.030821 0.030397 0.044213
0 0.306474 0.178666 0.026248 0.044213
0 0.479192 0.014719 0.027627 0.029438
0 0.770863 0.130533 0.029430 0.046900
0 0.569029 0.376963 0.028510 0.041382
0 0.529488 0.407308 0.030349 0.039534
0 0.944187 0.041346 0.028510 0.048736
0 0.939131 0.123638 0.034945 0.034946
0 0.920273 0.133299 0.028510 0.041382
0 0.973604 0.182952 0.039542 0.035863
0 0.290967 0.967505 0.028268 0.047123
0 0.243853 0.940581 0.033651 0.039036
0 0.186626 0.558234 0.042276 0.038944
0 0.639343 0.600455 0.026248 0.032469
0 0.909108 0.227047 0.024180 0.034540
