0 0.036358 0.830821 0.030397 0.044213
0 0.306474 0.976280 0.026248 0.039441
0 0.479192 0.811473 0.027627 0.035929
0 0.617063 0.706150 0.025595 0.037830
0 0.661007 0.756210 0.035599 0.035601
0 0.005363 0.314116 0.010726 0.032678
0 0.173732 0.384795 0.029635 0.044829
0 0.163100 0.498782 0.034195 0.029637
0 0.341673 0.394665 0.028111 0.041801
0 0.419184 0.455840 0.029635 0.024315
0 0.531822 0.071277 0.031099 0.038498
0 0.594770 0.417919 0.037703 0.047818
0 0.770863 0.930533 0.029430 0.046900
0 0.944187 0.841346 0.028510 0.048736
0 0.939131 0.923638 0.034945 0.034946
0 0.920273 0.933299 0.028510 0.041382
0 0.973604 0.980510 0.039542 0.030980
