0 0.063413 0.709354 0.027445 0.038417
0 0.098813 0.710173 0.040067 0.035671
0 0.111980 0.757095 0.023600 0.036225
0 0.152313 0.715931 0.027445 0.036225
0 0.277447 0.668190 0.032934 0.043911
0 0.309002 0.744747 0.027989 0.036767
0 0.351535 0.774105 0.039511 0.051584
0 0.425624 0.738435 0.031833 0.047200
0 0.484068 0.768347 0.029089 0.031286
0 0.565569 0.785357 0.030733 0.025792
0 0.581757 0.701668 0.038967 0.029635
0 0.604535 0.813896 0.021956 0.042260
0 0.700024 0.755722 0.039511 0.029081
0 0.763691 0.683285 0.032934 0.059825
0 0.884424 0.658589 0.032934 0.045549
0 0.926413 0.628122 0.034578 0.023045
0 0.967024 0.630314 0.038967 0.023045
