0 0.309700 0.018186 0.012001 0.019999
0 0.310099 0.044186 0.012001 0.019999
0 0.381699 0.026588 0.012001 0.019999
0 0.507233 0.018545 0.012001 0.019999
0 0.566833 0.072540 0.012001 0.019999
0 0.613233 0.167741 0.012001 0.019999
0 0.622833 0.158541 0.012001 0.019999
0 0.604832 0.186542 0.012001 0.019999
0 0.553634 0.137344 0.012001 0.019999
0 0.563633 0.104945 0.012001 0.019999
0 0.574036 0.094541 0.012001 0.019999
0 0.760033 0.073743 0.012001 0.019999
0 0.885282 0.121544 0.012001 0.019999
0 0.853683 0.077947 0.012001 0.019999
0 0.842880 0.125143 0.012001 0.019999
0 0.812883 0.116347 0.012001 0.019999
0 0.726082 0.121943 0.012001 0.019999
