0 0.403788 0.117891 0.025111 0.050215
0 0.371528 0.845135 0.021827 0.043646
0 0.332557 0.764450 0.028063 0.041314
0 0.223814 0.982147 0.021044 0.027707
0 0.533279 0.942955 0.025728 0.039759
0 0.594468 0.893456 0.035853 0.037416
0 0.331384 0.571919 0.022609 0.045989
0 0.401535 0.603882 0.035082 0.044435
0 0.679037 0.571919 0.028846 0.047544
0 0.705535 0.644018 0.030399 0.037416
0 0.664620 0.820580 0.032734 0.044435
0 0.531323 0.737952 0.015591 0.031174
0 0.542242 0.741850 0.015591 0.031174
0 0.971560 0.655955 0.029628 0.034793
0 0.898444 0.596693 0.021258 0.043803
0 0.848519 0.581865 0.020618 0.039942
0 0.762337 0.739579 0.026000 0.034805
0 0.778533 0.733774 0.024803 0.040002
0 0.897638 0.955985 0.021293 0.033882
0 0.824546 0.988938 0.014524 0.014124
0 0.838583 0.977529 0.014524 0.033882
