0 0.124122 0.527762 0.025550 0.032473
0 0.195733 0.520038 0.030351 0.028745
0 0.194144 0.561838 0.020760 0.039929
0 0.220227 0.541339 0.037797 0.021301
0 0.125189 0.562894 0.015970 0.037270
0 0.294493 0.524033 0.015970 0.037270
0 0.361041 0.495811 0.015970 0.037270
0 0.400972 0.480910 0.015970 0.037270
0 0.281724 0.456950 0.015970 0.037270
0 0.232474 0.433524 0.037797 0.030348
0 0.303551 0.402642 0.033007 0.035667
0 0.389792 0.558632 0.035141 0.032473
0 0.426000 0.514185 0.026617 0.041532
0 0.296888 0.608677 0.043120 0.021823
0 0.481901 0.527762 0.035141 0.033542
0 0.196800 0.356592 0.023961 0.040464
0 0.013612 0.277802 0.027223 0.027688
0 0.472392 0.137162 0.020748 0.039419
0 0.541430 0.243349 0.017571 0.040998
0 0.701024 0.037800 0.029865 0.040415
0 0.980920 0.119116 0.020807 0.037270
0 0.985431 0.430087 0.021138 0.022260
0 0.982129 0.258019 0.014524 0.033882
0 0.856764 0.361595 0.014524 0.033882
0 0.710117 0.457921 0.014524 0.033882
0 0.697538 0.441940 0.014524 0.033882
0 0.627113 0.393546 0.023712 0.042103
0 0.846852 0.452347 0.028561 0.027105
0 0.841529 0.466629 0.035331 0.022746
0 0.811272 0.544800 0.039694 0.030008
0 0.798207 0.498567 0.014524 0.033882
0 0.773523 0.605058 0.014524 0.033882
0 0.710603 0.550362 0.014524 0.033882
0 0.701403 0.601670 0.014524 0.033882
0 0.638969 0.646190 0.014524 0.033882
0 0.637523 0.596824 0.014524 0.033882
0 0.659777 0.636997 0.014524 0.033882
0 0.671395 0.638454 0.014524 0.033882
0 0.761418 0.738873 0.038722 0.025162
0 0.905895 0.672324 0.032426 0.034368
0 0.974138 0.716370 0.035331 0.032424
0 0.990271 0.863992 0.011458 0.033882
0 0.980677 0.990361 0.030647 0.011278
0 0.989207 0.966075 0.013586 0.040998
