0 0.495270 0.036597 0.024198 0.036784
0 0.322244 0.073625 0.025656 0.033396
0 0.180920 0.119116 0.020807 0.037270
0 0.346204 0.242535 0.025170 0.035327
0 0.194222 0.430087 0.038722 0.022260
0 0.216251 0.457193 0.030494 0.036784
0 0.182129 0.258019 0.014524 0.033882
0 0.056764 0.361595 0.014524 0.033882
0 0.286189 0.488403 0.014524 0.033882
0 0.246009 0.367898 0.014524 0.033882
0 0.288608 0.388215 0.014524 0.033882
0 0.260533 0.319006 0.014524 0.033882
0 0.478091 0.410730 0.026617 0.035813
0 0.046852 0.452347 0.028561 0.027105
0 0.041529 0.466629 0.035331 0.022746
0 0.015560 0.544800 0.031119 0.030008
0 0.002734 0.498567 0.005469 0.033882
0 0.105895 0.672324 0.032426 0.034368
0 0.174138 0.716370 0.035331 0.032424
0 0.252542 0.699429 0.043073 0.028551
0 0.315711 0.707177 0.029035 0.045977
0 0.415408 0.692653 0.014524 0.033882
0 0.282799 0.773969 0.014524 0.033882
0 0.191804 0.863992 0.014524 0.033882
0 0.183552 0.990361 0.036398 0.011278
0 0.191199 0.966075 0.017571 0.040998
0 0.557988 0.434156 0.023380 0.054563
0 0.581582 0.531696 0.021258 0.049608
0 0.556957 0.621307 0.017571 0.040998
0 0.587996 0.685136 0.017571 0.040998
0 0.518887 0.731987 0.017571 0.040998
0 0.621667 0.685427 0.041579 0.031623
0 0.731477 0.528769 0.039824 0.029862
0 0.822839 0.625982 0.017571 0.040998
0 0.994629 0.517646 0.002742 0.040998
0 0.861786 0.815732 0.034548 0.034550
0 0.866766 0.753069 0.030458 0.033384
0 0.863245 0.732862 0.042172 0.022260
0 0.993796 0.685318 0.004408 0.037270
0 0.983073 0.692774 0.015970 0.037270
0 0.977477 0.668013 0.022894 0.031939
0 0.990601 0.611847 0.010799 0.037270
0 0.989534 0.650720 0.012933 0.021823
0 0.989000 0.638733 0.014000 0.020232
