0 0.070003 0.557065 0.025206 0.042795
0 0.130801 0.502466 0.033197 0.043196
0 0.203206 0.541266 0.025206 0.040804
0 0.344600 0.547058 0.016006 0.031999
0 0.268805 0.556264 0.024400 0.040403
0 0.326603 0.515860 0.039196 0.032400
0 0.366605 0.447065 0.016006 0.031999
0 0.438606 0.404269 0.016006 0.035995
0 0.984077 0.629018 0.016006 0.031999
0 0.849275 0.691827 0.016006 0.031999
0 0.159433 0.176338 0.016006 0.031999
0 0.069434 0.046738 0.016006 0.031999
0 0.058432 0.122941 0.028395 0.040002
0 0.504253 0.131466 0.022894 0.046317
0 0.746222 0.074499 0.023427 0.047386
0 0.410816 0.276539 0.022360 0.042589
0 0.646395 0.248583 0.043120 0.025029
0 0.584376 0.306085 0.010647 0.037270
0 0.576385 0.310882 0.010647 0.037270
0 0.564150 0.303960 0.010647 0.037270
