0 0.022839 0.625982 0.017571 0.040998
0 0.202043 0.517646 0.017571 0.040998
0 0.061786 0.815732 0.034548 0.034550
0 0.066766 0.753069 0.030458 0.033384
0 0.063245 0.732862 0.042172 0.022260
0 0.334984 0.816315 0.017571 0.040998
0 0.560462 0.941058 0.017571 0.040998
0 0.557237 0.972098 0.045088 0.026352
0 0.483824 0.590412 0.019325 0.045091
0 0.199577 0.685318 0.015970 0.037270
0 0.183073 0.692774 0.015970 0.037270
0 0.177477 0.668013 0.022894 0.031939
0 0.193186 0.611847 0.015970 0.037270
0 0.199838 0.650720 0.033541 0.021823
0 0.205694 0.638733 0.047388 0.020232
0 0.792211 0.815963 0.043654 0.024494
0 0.840121 0.933347 0.028751 0.034610
0 0.760804 0.967690 0.024494 0.044726
0 0.989140 0.918713 0.013720 0.045783
0 0.913296 0.748029 0.026937 0.040415
0 0.971853 0.733092 0.023427 0.039820
