0 0.074753 0.590135 0.021779 0.039201
0 0.684068 0.082747 0.025111 0.050215
0 0.213302 0.386541 0.025111 0.050215
0 0.523384 0.729269 0.025111 0.050215
0 0.558525 0.800821 0.025111 0.050215
0 0.553510 0.751857 0.025111 0.050215
0 0.625061 0.749343 0.012556 0.050215
0 0.638873 0.749343 0.012556 0.050215
0 0.215816 0.612516 0.012556 0.050215
0 0.568567 0.854801 0.012556 0.050215
0 0.352646 0.942675 0.012556 0.050215
0 0.753106 0.989111 0.022598 0.013778
0 0.689084 0.968408 0.030126 0.045188
0 0.626318 0.857315 0.032640 0.046451
0 0.657072 0.878652 0.028869 0.036408
0 0.660214 0.918193 0.022598 0.040172
0 0.382772 0.571713 0.035153 0.040172
0 0.417925 0.655190 0.022598 0.038922
0 0.483204 0.699140 0.037667 0.033894
0 0.225229 0.586152 0.036410 0.033894
