0 0.047937 0.360489 0.012000 0.023997
0 0.029936 0.376090 0.012000 0.019200
0 0.096740 0.366490 0.012000 0.019200
0 0.077537 0.336092 0.012000 0.019200
0 0.091541 0.341289 0.012000 0.019200
0 0.426146 0.646088 0.012000 0.019200
0 0.530944 0.602286 0.009601 0.018002
0 0.399741 0.647885 0.009601 0.018002
0 0.409743 0.643886 0.009601 0.018002
0 0.511741 0.593884 0.009601 0.018002
0 0.494942 0.546289 0.009601 0.018002
0 0.500542 0.517888 0.009601 0.018002
0 0.512542 0.529485 0.009601 0.018002
0 0.518542 0.535485 0.009601 0.018002
0 0.454544 0.661888 0.009601 0.018002
0 0.443345 0.668687 0.009601 0.018002
0 0.467346 0.652687 0.009601 0.018002
0 0.518745 0.561085 0.014800 0.019599
0 0.495942 0.623089 0.014800 0.019599
0 0.484342 0.645084 0.014800 0.019599
0 0.377145 0.681288 0.021201 0.012800
0 0.406345 0.658089 0.021201 0.012800
0 0.514145 0.544886 0.017600 0.012800
0 0.446145 0.653686 0.017600 0.012800
0 0.427343 0.659686 0.017600 0.012800
0 0.152811 0.619663 0.017600 0.012800
0 0.872046 0.291482 0.028347 0.020613
0 0.982798 0.588498 0.017600 0.012800
0 0.993001 0.653696 0.005997 0.017603
0 0.981398 0.632095 0.017199 0.017603
0 0.807946 0.505180 0.010398 0.022001
0 0.971944 0.452782 0.010398 0.022001
