0 0.072046 0.291482 0.028347 0.020613
0 0.182798 0.588498 0.017600 0.012800
0 0.264401 0.626493 0.017600 0.012800
0 0.253202 0.662098 0.017600 0.012800
0 0.236399 0.640497 0.019999 0.019999
0 0.213798 0.647296 0.017199 0.017603
0 0.198602 0.653696 0.017199 0.017603
0 0.181398 0.632095 0.017199 0.017603
0 0.217399 0.564895 0.017199 0.017603
0 0.240598 0.540897 0.017199 0.017603
0 0.253999 0.641295 0.010398 0.017603
0 0.301599 0.620498 0.010398 0.017603
0 0.243200 0.659297 0.010398 0.017603
0 0.208401 0.513894 0.010398 0.022001
0 0.007946 0.505180 0.010398 0.022001
0 0.171944 0.452782 0.010398 0.022001
0 0.209142 0.433582 0.010398 0.022001
0 0.218145 0.453181 0.018802 0.022001
0 0.206144 0.462382 0.018802 0.022001
0 0.664648 0.551363 0.018802 0.022001
0 0.615450 0.586163 0.013202 0.022001
0 0.677445 0.548961 0.013202 0.022001
0 0.706249 0.526961 0.013202 0.022001
0 0.743847 0.549361 0.013202 0.022001
0 0.815849 0.581361 0.013202 0.022001
0 0.683846 0.534963 0.013202 0.022001
0 0.693447 0.518564 0.013202 0.022001
0 0.794248 0.421760 0.013202 0.022001
0 0.634647 0.599762 0.013202 0.022001
0 0.949086 0.450821 0.013202 0.022001
0 0.931085 0.465618 0.013202 0.022001
0 0.979087 0.468019 0.013202 0.022001
0 0.921489 0.454420 0.013202 0.022001
0 0.914287 0.444022 0.013202 0.022001
0 0.903889 0.413619 0.013202 0.022001
0 0.898290 0.426819 0.013202 0.022001
0 0.891488 0.440422 0.013202 0.022001
0 0.865088 0.428022 0.013202 0.022001
0 0.988243 0.622418 0.015513 0.013199
0 0.861087 0.618419 0.021201 0.013199
0 0.881486 0.618819 0.018802 0.011602
0 0.899294 0.759578 0.012401 0.021601
0 0.952494 0.613576 0.012401 0.021601
0 0.896094 0.608978 0.012401 0.020398
0 0.908094 0.613376 0.012401 0.020398
0 0.919293 0.618578 0.012401 0.020398
0 0.815094 0.452977 0.017600 0.020398
0 0.849492 0.427576 0.020800 0.014397
0 0.929751 0.604908 0.022002 0.014397
0 0.734150 0.540109 0.022002 0.014397
