0 0.015849 0.581361 0.013202 0.022001
0 0.149086 0.450821 0.013202 0.022001
0 0.131085 0.465618 0.013202 0.022001
0 0.179087 0.468019 0.013202 0.022001
0 0.121489 0.454420 0.013202 0.022001
0 0.114287 0.444022 0.013202 0.022001
0 0.103889 0.413619 0.013202 0.022001
0 0.098290 0.426819 0.013202 0.022001
0 0.091488 0.440422 0.013202 0.022001
0 0.065088 0.428022 0.013202 0.022001
0 0.365488 0.516019 0.013202 0.022001
0 0.405886 0.495621 0.013202 0.022001
0 0.393090 0.593618 0.013202 0.022001
0 0.364286 0.564019 0.013202 0.022001
0 0.425089 0.603622 0.013202 0.022001
0 0.311486 0.497618 0.013202 0.022001
0 0.309087 0.472422 0.013202 0.022001
0 0.250287 0.491218 0.013202 0.022001
0 0.239489 0.507622 0.013202 0.022001
0 0.235087 0.523218 0.013202 0.022001
0 0.273487 0.581222 0.013202 0.022001
0 0.278290 0.567219 0.013202 0.022001
0 0.262688 0.532019 0.013202 0.022001
0 0.339489 0.552422 0.013202 0.022001
0 0.362287 0.604022 0.022002 0.011602
0 0.338287 0.602020 0.022002 0.017198
0 0.300490 0.558019 0.024001 0.017198
0 0.191087 0.622418 0.021201 0.013199
0 0.247488 0.567619 0.021201 0.013199
0 0.061087 0.618419 0.021201 0.013199
0 0.081486 0.618819 0.018802 0.011602
0 0.631489 0.784420 0.018802 0.011602
0 0.672410 0.804198 0.020679 0.012759
0 0.522456 0.635878 0.018802 0.011602
0 0.329578 0.272445 0.018802 0.011602
0 0.099294 0.759578 0.012401 0.021601
0 0.152494 0.613576 0.012401 0.021601
0 0.096094 0.608978 0.012401 0.020398
0 0.108094 0.613376 0.012401 0.020398
0 0.119293 0.618578 0.012401 0.020398
0 0.246093 0.602578 0.012401 0.020398
0 0.267892 0.466575 0.017600 0.020398
0 0.015094 0.452977 0.017600 0.020398
0 0.049492 0.427576 0.020800 0.014397
0 0.526290 0.659180 0.020800 0.014397
0 0.489493 0.624579 0.020800 0.020398
0 0.603491 0.720179 0.020800 0.020398
0 0.671091 0.786980 0.010398 0.020398
0 0.673891 0.824177 0.010398 0.020398
0 0.838294 0.946575 0.010398 0.020398
0 0.776690 0.935378 0.010398 0.020398
0 0.806691 0.953380 0.010398 0.020398
0 0.738290 0.911780 0.010398 0.028401
0 0.880093 0.972580 0.025598 0.022799
0 0.822891 0.986378 0.018001 0.018401
0 0.437906 0.414510 0.012000 0.018401
0 0.507904 0.471311 0.012000 0.018401
0 0.522704 0.456509 0.012000 0.018401
0 0.488707 0.472509 0.012000 0.018401
0 0.515908 0.494909 0.012000 0.018401
0 0.579105 0.494510 0.012000 0.018401
0 0.553907 0.473708 0.012000 0.018401
0 0.547507 0.463708 0.012000 0.018401
0 0.410248 0.346742 0.012000 0.018401
0 0.363849 0.288343 0.012000 0.018401
0 0.679450 0.362342 0.012000 0.018401
0 0.615370 0.686013 0.012000 0.018401
0 0.683370 0.823613 0.012000 0.018401
0 0.748971 0.913014 0.012000 0.020398
0 0.821171 0.965811 0.014800 0.021202
0 0.629176 0.711219 0.012401 0.024801
0 0.617571 0.711219 0.012401 0.024801
0 0.252991 0.522516 0.012401 0.022799
0 0.274993 0.550113 0.012401 0.022799
0 0.129751 0.604908 0.022002 0.014397
