0 0.022020 0.007990 0.029466 0.015980
0 0.013468 0.268926 0.026936 0.058936
0 0.089560 0.294705 0.031924 0.051570
0 0.126390 0.362242 0.036840 0.068761
0 0.163230 0.338910 0.027018 0.066301
0 0.241816 0.292258 0.046662 0.051570
0 0.357232 0.270150 0.036840 0.066301
0 0.018338 0.492398 0.031924 0.058936
0 0.015921 0.562382 0.031842 0.056477
0 0.061318 0.688855 0.034382 0.058936
0 0.356008 0.390481 0.039288 0.061395
0 0.451780 0.381892 0.044204 0.054030
0 0.483704 0.423638 0.034382 0.058936
0 0.573346 0.498540 0.036840 0.061395
0 0.919603 0.464160 0.036840 0.061395
0 0.669117 0.742885 0.031924 0.054030
0 0.612633 0.778489 0.036840 0.061395
0 0.412492 0.903739 0.049120 0.061395
0 0.266376 0.938119 0.056484 0.041746
0 0.110428 0.973813 0.044204 0.044374
0 0.149726 0.967581 0.024560 0.051570
0 0.163230 0.970040 0.027018 0.051570
0 0.583168 0.957768 0.031924 0.056477
0 0.917145 0.956532 0.031924 0.054030
0 0.973629 0.864440 0.031924 0.051570
