0 0.904788 0.676214 0.044654 0.044646
0 0.721110 0.746223 0.038566 0.046677
0 0.979821 0.944105 0.032359 0.032476
0 0.960592 0.846690 0.022322 0.044646
0 0.968709 0.869013 0.042625 0.032476
0 0.893617 0.904529 0.050741 0.038567
0 0.847959 0.940044 0.020292 0.040585
0 0.815481 0.902498 0.036537 0.050738
0 0.848973 0.904529 0.030439 0.050738
0 0.566867 0.881197 0.026380 0.044646
0 0.568896 0.911642 0.042625 0.040585
0 0.317229 0.880175 0.038566 0.046677
0 0.211698 0.941066 0.030439 0.046677
0 0.319258 0.991364 0.030439 0.009272
0 0.075718 0.801022 0.026380 0.042616
0 0.091952 0.839590 0.042625 0.042616
0 0.020918 0.878144 0.026380 0.054799
