0 0.979821 0.144105 0.032359 0.032476
0 0.993013 0.326765 0.005973 0.056830
0 0.978806 0.339957 0.034388 0.046677
0 0.987940 0.447525 0.016120 0.054799
0 0.960592 0.046690 0.022322 0.044646
0 0.968709 0.069013 0.042625 0.032476
0 0.893617 0.104529 0.050741 0.038567
0 0.847959 0.140044 0.020292 0.040585
0 0.815481 0.102498 0.036537 0.050738
0 0.848973 0.104529 0.030439 0.050738
0 0.566867 0.081197 0.026380 0.044646
0 0.568896 0.111642 0.042625 0.040585
0 0.317229 0.080175 0.038566 0.046677
0 0.211698 0.141066 0.030439 0.046677
0 0.319258 0.208035 0.030439 0.042616
0 0.360868 0.406939 0.028409 0.050738
0 0.075718 0.011165 0.026380 0.022330
0 0.091952 0.039590 0.042625 0.042616
0 0.020918 0.078144 0.026380 0.054799
0 0.039181 0.564224 0.030439 0.052769
