0 0.989615 0.935327 0.012771 0.057195
0 0.831015 0.903041 0.038744 0.055354
0 0.769019 0.312887 0.042436 0.062732
0 0.740421 0.749237 0.036903 0.053500
0 0.677682 0.907909 0.040595 0.064573
0 0.504256 0.729865 0.047970 0.051659
0 0.366801 0.698499 0.035051 0.036903
0 0.328977 0.741859 0.036903 0.053500
0 0.215507 0.616395 0.042436 0.060891
0 0.164766 0.698499 0.051662 0.040585
0 0.209043 0.865469 0.036903 0.049817
0 0.209963 0.973631 0.031370 0.044737
0 0.138009 0.917141 0.038744 0.057195
0 0.005813 0.680968 0.011626 0.049817
