0 0.077120 0.380004 0.046662 0.034380
0 0.188864 0.421763 0.034382 0.068761
0 0.228152 0.387383 0.034382 0.054030
0 0.296916 0.438953 0.049120 0.049111
0 0.321465 0.491747 0.034382 0.066301
0 0.435657 0.409479 0.031924 0.063855
0 0.474955 0.431575 0.031924 0.054030
0 0.537579 0.408255 0.039288 0.056477
0 0.649313 0.472097 0.041746 0.051570
0 0.700881 0.499112 0.022102 0.061395
0 0.751225 0.432811 0.049120 0.061395
0 0.632127 0.869930 0.036840 0.061395
0 0.839633 0.547000 0.039288 0.068761
0 0.913303 0.585063 0.044204 0.071220
