0 0.954205 0.864469 0.029466 0.063855
0 0.841247 0.814122 0.054026 0.051570
0 0.989841 0.672918 0.012319 0.039286
0 0.745465 0.983034 0.044204 0.025931
0 0.652151 0.980575 0.034382 0.030850
0 0.639871 0.985488 0.029466 0.021025
0 0.720915 0.688884 0.034382 0.071220
0 0.646011 0.594332 0.046662 0.068761
0 0.443412 0.839913 0.039288 0.054030
0 0.350098 0.849738 0.049120 0.049111
0 0.436048 0.502239 0.029466 0.056477
0 0.379564 0.485049 0.044204 0.046664
0 0.206430 0.478920 0.031924 0.049111
0 0.188010 0.499793 0.029466 0.036840
0 0.024708 0.590650 0.036840 0.046664
