0 0.783663 0.246603 0.026380 0.050738
0 0.715673 0.200935 0.028409 0.056830
0 0.677117 0.370402 0.032468 0.058860
0 0.185968 0.144105 0.044654 0.032476
0 0.204231 0.326765 0.028409 0.056830
0 0.179880 0.339957 0.036537 0.046677
0 0.208290 0.458686 0.024351 0.052769
0 0.191041 0.447525 0.022322 0.054799
0 0.160592 0.046690 0.022322 0.044646
0 0.168709 0.069013 0.042625 0.032476
0 0.093617 0.104529 0.050741 0.038567
0 0.047959 0.140044 0.020292 0.040585
0 0.016874 0.102498 0.033749 0.050738
0 0.048973 0.104529 0.030439 0.050738
0 0.595937 0.705276 0.040595 0.046677
0 0.653216 0.787103 0.032688 0.062101
0 0.622161 0.767491 0.035951 0.049023
