0 0.728873 0.582847 0.022322 0.048708
0 0.719731 0.568646 0.024351 0.040585
0 0.704512 0.743183 0.026380 0.040585
0 0.715673 0.984260 0.028409 0.023480
0 0.620288 0.687375 0.024351 0.046677
0 0.610142 0.605170 0.024351 0.044646
0 0.608113 0.551393 0.044654 0.030445
0 0.597967 0.561533 0.040595 0.038567
0 0.104788 0.676214 0.044654 0.044646
0 0.328036 0.463109 0.052771 0.044646
0 0.185968 0.944105 0.044654 0.032476
0 0.160592 0.846690 0.022322 0.044646
0 0.168709 0.869013 0.042625 0.032476
0 0.093617 0.904529 0.050741 0.038567
0 0.047959 0.940044 0.020292 0.040585
0 0.016874 0.902498 0.033749 0.050738
0 0.048973 0.904529 0.030439 0.050738
