0 0.051416 0.222846 0.046662 0.068761
0 0.312958 0.324751 0.039288 0.056477
0 0.235596 0.166357 0.036840 0.058936
0 0.233138 0.061993 0.031924 0.061395
0 0.281024 0.016877 0.034382 0.033755
0 0.370666 0.165134 0.041746 0.056477
0 0.473801 0.140578 0.036840 0.066301
0 0.449252 0.014415 0.031924 0.028830
0 0.696045 0.237577 0.044204 0.044205
0 0.828657 0.290371 0.029466 0.056477
0 0.510641 0.544541 0.031924 0.054030
0 0.644477 0.440176 0.029466 0.066301
0 0.648159 0.549459 0.051568 0.054030
0 0.747623 0.624362 0.029466 0.056477
0 0.703419 0.853963 0.029466 0.068761
0 0.245418 0.977782 0.036840 0.036436
0 0.924439 0.411938 0.039288 0.068761
