0 0.955424 0.455694 0.055048 0.028269
0 0.852392 0.570630 0.023059 0.039433
0 0.868387 0.569142 0.035712 0.027525
0 0.879910 0.553884 0.027530 0.035711
0 0.849419 0.543850 0.030503 0.023059
0 0.873215 0.604468 0.023059 0.044630
0 0.846434 0.606329 0.024545 0.034967
0 0.827098 0.618609 0.031989 0.034223
0 0.828953 0.645761 0.028267 0.031990
0 0.812590 0.630876 0.022321 0.039433
0 0.797713 0.665844 0.022321 0.042397
0 0.777996 0.740243 0.033476 0.030502
0 0.804039 0.742104 0.037935 0.029757
0 0.926705 0.402852 0.028398 0.034492
0 0.919606 0.425167 0.034487 0.022315
