0 0.941083 0.044550 0.027579 0.065024
0 0.839622 0.587364 0.037437 0.051232
0 0.757853 0.634650 0.035465 0.047286
0 0.359858 0.163755 0.039409 0.063044
0 0.123430 0.006022 0.035465 0.012045
0 0.131305 0.056375 0.027579 0.045320
0 0.060374 0.051445 0.023648 0.055165
0 0.021957 0.147997 0.029551 0.047286
0 0.146086 0.459297 0.041380 0.039407
0 0.177608 0.479984 0.025619 0.053199
0 0.365773 0.695728 0.035465 0.047286
0 0.338182 0.767647 0.031522 0.041374
0 0.139687 0.847714 0.028607 0.066747
0 0.244584 0.989803 0.042917 0.012394
