0 0.890769 0.179513 0.021676 0.051232
0 0.852352 0.086920 0.035465 0.043340
0 0.755814 0.159809 0.027579 0.047286
0 0.836591 0.170651 0.027579 0.045320
0 0.821810 0.170651 0.025619 0.045320
0 0.908502 0.347970 0.029551 0.049252
0 0.671094 0.239607 0.031522 0.049252
0 0.705567 0.387378 0.049255 0.045320
0 0.501641 0.255378 0.027579 0.061077
0 0.586373 0.477034 0.039409 0.051232
0 0.539078 0.473088 0.035465 0.047286
0 0.379496 0.525303 0.059113 0.041374
0 0.141083 0.044550 0.027579 0.065024
0 0.223844 0.574556 0.047283 0.033495
0 0.039622 0.587364 0.037437 0.051232
