0 0.967087 0.811080 0.039409 0.039407
0 0.781885 0.960817 0.055170 0.035461
0 0.736562 0.969679 0.059113 0.041374
0 0.766112 0.883982 0.039409 0.043340
0 0.708983 0.867228 0.051227 0.049252
0 0.851825 0.810097 0.041380 0.041374
0 0.863642 0.782515 0.045312 0.041374
0 0.878424 0.724387 0.039409 0.047286
0 0.812416 0.712562 0.021676 0.047286
0 0.796655 0.754932 0.025619 0.049252
0 0.769076 0.776602 0.033494 0.037441
0 0.833112 0.726353 0.027579 0.039407
0 0.848873 0.722420 0.031522 0.055165
0 0.867586 0.751969 0.037437 0.035461
0 0.313903 0.770461 0.036711 0.057697
0 0.307347 0.825531 0.049823 0.047205
0 0.294114 0.674811 0.041247 0.047596
0 0.248307 0.649545 0.028607 0.042909
