0 0.923430 0.006022 0.035465 0.012045
0 0.931305 0.056375 0.027579 0.045320
0 0.860374 0.051445 0.023648 0.055165
0 0.767779 0.100711 0.031522 0.047286
0 0.821957 0.147997 0.029551 0.047286
0 0.429877 0.028792 0.025619 0.041374
0 0.946086 0.459297 0.041380 0.039407
0 0.977608 0.479984 0.025619 0.053199
0 0.395718 0.007639 0.026055 0.015277
0 0.335480 0.035634 0.029309 0.040714
0 0.337923 0.080415 0.024422 0.048848
0 0.398984 0.082045 0.022801 0.052108
0 0.375372 0.150435 0.030942 0.055367
0 0.294765 0.250570 0.022801 0.047219
0 0.296398 0.287216 0.022801 0.042330
0 0.333036 0.349088 0.027676 0.042330
0 0.332214 0.410960 0.022801 0.045589
0 0.306982 0.430502 0.024422 0.042330
0 0.293144 0.415041 0.026055 0.040714
0 0.232894 0.388980 0.026055 0.047219
0 0.659568 0.821492 0.059597 0.066747
0 0.546325 0.772616 0.042917 0.040525
0 0.939687 0.847714 0.028607 0.066747
0 0.496260 0.929963 0.038139 0.054828
0 0.312691 0.839377 0.023841 0.059596
0 0.280503 0.829842 0.021458 0.040525
0 0.249514 0.958583 0.035756 0.054828
