0 0.931917 0.766381 0.033598 0.027678
0 0.957612 0.655195 0.053366 0.044469
0 0.992123 0.710052 0.007754 0.039538
0 0.799479 0.739690 0.025695 0.029651
0 0.742162 0.792574 0.027671 0.036567
0 0.560812 0.720426 0.034591 0.028664
0 0.487176 0.681874 0.035573 0.024707
0 0.396810 0.942517 0.024302 0.042523
0 0.383985 0.959731 0.045897 0.031047
0 0.440354 0.974575 0.029030 0.035107
0 0.479159 0.865900 0.029703 0.048606
0 0.531817 0.896946 0.021595 0.029702
0 0.564889 0.945553 0.028356 0.040499
0 0.514938 0.969516 0.032399 0.027678
0 0.497728 0.937791 0.024976 0.038475
0 0.521688 0.930362 0.025649 0.035773
0 0.526073 0.986639 0.026323 0.018722
0 0.262145 0.758914 0.033072 0.020928
0 0.303657 0.617834 0.025649 0.033070
0 0.370144 0.644488 0.020921 0.035107
0 0.230752 0.681951 0.024302 0.030381
0 0.221307 0.711653 0.026997 0.033070
0 0.200717 0.681618 0.024976 0.037796
0 0.147728 0.685665 0.024302 0.031047
0 0.142327 0.644834 0.024302 0.031725
0 0.061998 0.612762 0.043202 0.020249
0 0.010412 0.761604 0.020823 0.038475
0 0.095082 0.790973 0.022954 0.028357
0 0.135920 0.791306 0.026323 0.041178
0 0.021209 0.455147 0.042419 0.026320
0 0.252986 0.223399 0.023434 0.037374
0 0.251034 0.153954 0.027339 0.039052
0 0.278088 0.118809 0.025661 0.041280
0 0.218121 0.092027 0.025101 0.049093
0 0.267490 0.016446 0.024542 0.032893
0 0.343364 0.004170 0.022315 0.008340
