0 0.992115 0.681618 0.007771 0.037796
0 0.947728 0.685665 0.024302 0.031047
0 0.942327 0.644834 0.024302 0.031725
0 0.861998 0.612762 0.043202 0.020249
0 0.768845 0.561799 0.025649 0.043880
0 0.781339 0.626608 0.035779 0.050630
0 0.758727 0.704237 0.037800 0.041178
0 0.809683 0.761604 0.022280 0.038475
0 0.895082 0.790973 0.022954 0.028357
0 0.935920 0.791306 0.026323 0.041178
0 0.820144 0.455147 0.044549 0.026320
0 0.752309 0.420386 0.026323 0.035107
0 0.712819 0.437600 0.029703 0.024976
0 0.771209 0.477766 0.024976 0.025654
0 0.772899 0.499706 0.025649 0.020928
0 0.723953 0.503075 0.029030 0.027678
