0 0.251034 0.953954 0.027339 0.039052
0 0.278088 0.918809 0.025661 0.041280
0 0.218121 0.892027 0.025101 0.049093
0 0.267490 0.805279 0.024542 0.055228
0 0.331647 0.790217 0.023434 0.025104
0 0.343364 0.792163 0.022315 0.032353
0 0.367072 0.783518 0.027339 0.036259
0 0.385767 0.723833 0.022315 0.032917
0 0.495661 0.734143 0.030126 0.046864
0 0.428443 0.659114 0.023993 0.034031
0 0.443495 0.609739 0.021755 0.033467
0 0.336946 0.632614 0.036258 0.041280
0 0.606961 0.556189 0.023993 0.032353
0 0.599423 0.495658 0.039056 0.026218
0 0.618952 0.452431 0.023434 0.031239
0 0.657448 0.451035 0.040164 0.032917
0 0.725500 0.441263 0.030126 0.026782
0 0.806948 0.454660 0.022315 0.035709
0 0.846838 0.343922 0.022874 0.041844
0 0.822011 0.433181 0.024542 0.034031
0 0.885609 0.394411 0.030126 0.033467
0 0.880036 0.344754 0.033472 0.027896
0 0.990735 0.286183 0.010529 0.035709
