0 0.485273 0.308258 0.045420 0.068131
0 0.825957 0.385475 0.045420 0.095389
0 0.417148 0.246935 0.054505 0.054502
0 0.453485 0.342324 0.054505 0.063588
0 0.389884 0.353674 0.027252 0.059045
0 0.380800 0.349132 0.036336 0.059045
0 0.408064 0.321887 0.054505 0.077217
0 0.337412 0.246566 0.034123 0.052738
0 0.312591 0.212435 0.021712 0.071357
0 0.197799 0.119363 0.034123 0.034131
0 0.165225 0.127119 0.024821 0.074465
0 0.267606 0.204679 0.024821 0.074465
0 0.235031 0.203125 0.027918 0.058953
0 0.244333 0.155035 0.021712 0.074465
0 0.225717 0.147279 0.027918 0.058953
0 0.287770 0.124011 0.040328 0.049643
0 0.320344 0.150387 0.024821 0.058953
0 0.307934 0.168993 0.024821 0.058953
0 0.287770 0.173655 0.021712 0.062048
0 0.360261 0.978758 0.034123 0.034484
