0 0.881450 0.014919 0.051986 0.029837
0 0.853466 0.089820 0.043989 0.055978
0 0.801480 0.103811 0.051986 0.075974
0 0.727499 0.161795 0.047982 0.079973
0 0.697519 0.159789 0.043989 0.067975
0 0.623538 0.034909 0.047982 0.069818
0 0.567559 0.069824 0.047982 0.071975
0 0.501575 0.153796 0.043989 0.039992
0 0.483585 0.225771 0.055979 0.063976
0 0.421605 0.024914 0.043989 0.049827
0 0.373623 0.035836 0.043989 0.067975
0 0.397614 0.215779 0.043989 0.067975
0 0.351628 0.141798 0.047982 0.055978
0 0.429602 0.521668 0.051986 0.063976
0 0.261665 0.439701 0.043989 0.075974
0 0.329634 0.467684 0.035992 0.067975
0 0.345628 0.429697 0.035992 0.071975
0 0.335634 0.393716 0.031988 0.055978
0 0.355632 0.315736 0.039985 0.051979
0 0.343631 0.271756 0.031988 0.059977
0 0.301650 0.261752 0.035992 0.063976
0 0.309647 0.321741 0.035992 0.063976
