0 0.871192 0.314010 0.055979 0.055978
0 0.657257 0.357991 0.051986 0.071975
0 0.811208 0.591917 0.031988 0.075974
0 0.769227 0.589912 0.059983 0.055978
0 0.711240 0.675890 0.079970 0.027995
0 0.671255 0.675890 0.063976 0.043980
0 0.597286 0.615913 0.059983 0.051979
0 0.567294 0.365989 0.039985 0.071975
0 0.595278 0.695886 0.047982 0.051979
0 0.555293 0.667891 0.039985 0.067975
0 0.531302 0.693880 0.047982 0.063976
0 0.381355 0.667891 0.059983 0.075974
0 0.461325 0.741860 0.043989 0.071975
0 0.431333 0.743865 0.047982 0.067975
0 0.357364 0.783846 0.051986 0.075974
0 0.285379 0.753857 0.027995 0.047979
0 0.297381 0.797849 0.043989 0.047979
0 0.215403 0.759862 0.047982 0.059977
0 0.273390 0.879816 0.051986 0.051979
0 0.223400 0.919808 0.047982 0.067975
0 0.081450 0.797849 0.051986 0.063976
0 0.179422 0.447968 0.063976 0.051979
0 0.053466 0.889820 0.043989 0.055978
0 0.013737 0.903811 0.027473 0.075974
