0 0.904911 0.847834 0.035992 0.067975
0 0.858925 0.763861 0.039985 0.091971
0 0.794949 0.731867 0.055979 0.067975
0 0.802946 0.513938 0.047982 0.047979
0 0.736963 0.531940 0.035992 0.051979
0 0.682980 0.543926 0.039985 0.051979
0 0.732970 0.561929 0.035992 0.063976
0 0.764958 0.619900 0.043989 0.067975
0 0.792953 0.615913 0.035992 0.067975
0 0.806939 0.565928 0.031988 0.055978
0 0.778955 0.559923 0.031988 0.043980
0 0.571022 0.777853 0.047982 0.063976
0 0.619004 0.423972 0.055979 0.067975
0 0.515043 0.429965 0.055979 0.063976
0 0.475058 0.401982 0.039985 0.047979
0 0.413078 0.409981 0.059983 0.063976
0 0.505049 0.501940 0.059983 0.055978
0 0.423071 0.557929 0.063976 0.063976
0 0.303116 0.581913 0.047982 0.055978
0 0.245129 0.523942 0.035992 0.051979
0 0.423071 0.885821 0.031988 0.055978
0 0.391083 0.903811 0.031988 0.075974
0 0.369089 0.907811 0.035992 0.059977
0 0.367092 0.986893 0.039985 0.018214
0 0.323103 0.980894 0.047982 0.030212
0 0.229135 0.990892 0.051986 0.010216
0 0.071192 0.314010 0.055979 0.055978
0 0.013601 0.591917 0.027202 0.075974
