0 0.881450 0.797849 0.051986 0.063976
0 0.971717 0.447968 0.048566 0.051979
0 0.853466 0.889820 0.043989 0.055978
0 0.783490 0.661886 0.055979 0.095970
0 0.755494 0.671890 0.039985 0.067975
0 0.801480 0.903811 0.051986 0.075974
0 0.727499 0.958904 0.047982 0.074192
0 0.697519 0.959789 0.043989 0.067975
0 0.623538 0.829831 0.047982 0.079973
0 0.557565 0.609908 0.051986 0.079973
0 0.525566 0.681883 0.067980 0.031994
0 0.527574 0.713877 0.047982 0.071975
0 0.353625 0.337994 0.067980 0.063976
0 0.567559 0.869824 0.047982 0.071975
0 0.501575 0.953796 0.043989 0.039992
0 0.421605 0.807841 0.043989 0.083972
0 0.373623 0.835836 0.043989 0.067975
0 0.397614 0.988895 0.043989 0.014209
0 0.351628 0.941798 0.047982 0.055978
