0 0.702448 0.019186 0.031988 0.038371
0 0.612473 0.058362 0.043989 0.063976
0 0.710445 0.228301 0.039985 0.067975
0 0.610477 0.164324 0.031988 0.075974
0 0.596479 0.392246 0.043989 0.059977
0 0.584478 0.332269 0.043989 0.059977
0 0.592475 0.666154 0.035992 0.063976
0 0.504508 0.744133 0.051986 0.051979
0 0.532503 0.920076 0.035992 0.083972
0 0.502512 0.938067 0.047982 0.079973
0 0.472520 0.498209 0.051986 0.055978
0 0.420534 0.504213 0.043989 0.075974
0 0.576481 0.039176 0.035992 0.078352
0 0.224601 0.108347 0.075977 0.051979
0 0.218601 0.062361 0.055979 0.047979
0 0.098646 0.844102 0.063976 0.091971
