0 0.269004 0.012435 0.053990 0.024869
0 0.324417 0.070335 0.051144 0.056827
0 0.369881 0.061809 0.039784 0.039774
0 0.405396 0.039076 0.031258 0.039774
0 0.186601 0.203876 0.036938 0.062507
0 0.015876 0.074592 0.031752 0.048300
0 0.254798 0.320375 0.042618 0.062507
0 0.265499 0.127656 0.026460 0.058226
0 0.279611 0.131178 0.026460 0.051159
0 0.321959 0.160291 0.029988 0.059986
0 0.523961 0.113534 0.035280 0.051159
0 0.659812 0.010457 0.035280 0.020913
0 0.919167 0.066790 0.038820 0.049398
0 0.819478 0.184109 0.029988 0.054692
0 0.815068 0.289972 0.028224 0.047637
0 0.699514 0.222038 0.054696 0.049398
0 0.642172 0.185870 0.038820 0.037048
0 0.628060 0.159410 0.028224 0.044103
0 0.610420 0.162052 0.021168 0.042343
0 0.629824 0.197339 0.038820 0.049398
0 0.535438 0.262620 0.029988 0.042343
0 0.411053 0.331422 0.042348 0.049398
0 0.378407 0.342011 0.033516 0.049398
0 0.584830 0.349066 0.051168 0.031754
0 0.583948 0.316432 0.045876 0.033527
0 0.599824 0.327020 0.024696 0.037048
0 0.141996 0.531678 0.033516 0.044103
