0 0.889463 0.019444 0.102107 0.038887
0 0.746514 0.011281 0.061264 0.022562
0 0.474919 0.059316 0.098020 0.089853
0 0.491253 0.163468 0.098020 0.093942
0 0.603565 0.124670 0.061264 0.106185
0 0.699541 0.228810 0.073512 0.126606
0 0.949863 0.195586 0.067511 0.097888
0 0.875604 0.134829 0.040504 0.091129
0 0.850290 0.156761 0.023632 0.087756
0 0.747343 0.123016 0.040504 0.047251
0 0.755785 0.146641 0.043878 0.054011
0 0.246092 0.291781 0.070885 0.121514
0 0.144838 0.322153 0.064136 0.108008
0 0.264657 0.467305 0.094506 0.114767
0 0.107708 0.443667 0.077634 0.108008
0 0.065511 0.629324 0.074259 0.094515
