0 0.992273 0.922702 0.007454 0.064443
0 0.983070 0.902762 0.025861 0.073651
0 0.704487 0.976888 0.048187 0.038225
0 0.723507 0.941287 0.060867 0.083692
0 0.464837 0.739675 0.060867 0.086219
0 0.279702 0.727003 0.050721 0.081153
0 0.207428 0.690236 0.068468 0.078613
0 0.601773 0.484822 0.055788 0.088759
0 0.551052 0.409999 0.055788 0.081153
0 0.845229 0.364363 0.081148 0.055795
0 0.719701 0.330123 0.063401 0.088759
0 0.126280 0.071453 0.068468 0.063401
0 0.112327 0.327583 0.055788 0.068467
0 0.015592 0.413815 0.031184 0.073547
0 0.016856 0.630639 0.033712 0.055795
