0 0.510288 0.535603 0.065351 0.069431
0 0.487823 0.429419 0.053091 0.093942
0 0.365295 0.815372 0.061264 0.114364
0 0.359165 0.574402 0.081685 0.098019
0 0.279523 0.981245 0.028595 0.029511
0 0.181503 0.858260 0.069437 0.077597
0 0.264356 0.727251 0.061369 0.058308
0 0.215259 0.698104 0.049098 0.055235
0 0.183033 0.747204 0.064440 0.079785
0 0.127806 0.563084 0.052168 0.116604
0 0.184574 0.563084 0.036826 0.085919
0 0.193775 0.645943 0.030685 0.061369
0 0.175362 0.644406 0.030685 0.064443
0 0.118593 0.463359 0.058298 0.046027
0 0.031140 0.302265 0.055239 0.073651
