0 0.236909 0.025222 0.013999 0.020800
0 0.205307 0.034022 0.013999 0.020800
0 0.152106 0.026822 0.013999 0.020800
0 0.227308 0.040422 0.013999 0.020800
0 0.239709 0.054426 0.013999 0.020800
0 0.254506 0.064826 0.013999 0.020800
0 0.295307 0.010211 0.013999 0.020422
0 0.314106 0.006211 0.013999 0.012422
0 0.419708 0.053626 0.013999 0.020800
0 0.315710 0.060826 0.013999 0.020800
0 0.589711 0.008813 0.013999 0.017626
0 0.570906 0.038022 0.013999 0.020800
0 0.588107 0.060026 0.013999 0.020800
0 0.648505 0.063622 0.013999 0.020800
0 0.516107 0.020621 0.021202 0.013203
0 0.352509 0.111821 0.021202 0.013203
0 0.480509 0.086822 0.013999 0.021600
0 0.136185 0.023277 0.018637 0.028749
0 0.111696 0.064275 0.018637 0.028749
0 0.116250 0.413830 0.016943 0.026138
0 0.137549 0.449158 0.016943 0.026138
