0 0.005946 0.494950 0.011891 0.020800
0 0.016896 0.568154 0.013999 0.020800
0 0.053695 0.558950 0.013999 0.020800
0 0.075696 0.561350 0.013999 0.020800
0 0.186910 0.595622 0.013999 0.020800
0 0.200110 0.698426 0.013999 0.020800
0 0.079710 0.712026 0.013999 0.020800
0 0.239709 0.646022 0.013999 0.020800
0 0.244906 0.666426 0.013999 0.020800
0 0.241307 0.780826 0.013999 0.020800
0 0.236909 0.825222 0.013999 0.020800
0 0.205307 0.834022 0.013999 0.020800
0 0.152106 0.826822 0.013999 0.020800
0 0.227308 0.840422 0.013999 0.020800
0 0.239709 0.854426 0.013999 0.020800
0 0.254506 0.864826 0.013999 0.020800
0 0.313709 0.717626 0.013999 0.020800
0 0.422106 0.720422 0.013999 0.020800
0 0.349709 0.748826 0.013999 0.020800
0 0.309305 0.784422 0.013999 0.020800
0 0.295307 0.810022 0.013999 0.020800
0 0.314106 0.802022 0.013999 0.020800
0 0.402507 0.774426 0.013999 0.020800
0 0.419708 0.853626 0.013999 0.020800
0 0.315710 0.860826 0.013999 0.020800
0 0.564111 0.762022 0.013999 0.020800
0 0.589711 0.807226 0.013999 0.020800
0 0.595707 0.734822 0.013999 0.020800
0 0.570906 0.838022 0.013999 0.020800
0 0.588107 0.860026 0.013999 0.020800
0 0.648505 0.863622 0.013999 0.020800
0 0.516107 0.820621 0.021202 0.013203
0 0.364909 0.771821 0.021202 0.013203
0 0.352509 0.911821 0.021202 0.013203
0 0.480509 0.886822 0.013999 0.021600
0 0.746135 0.730758 0.015399 0.023763
0 0.857457 0.600518 0.015399 0.023763
0 0.136185 0.823277 0.018637 0.028749
0 0.111696 0.864275 0.018637 0.028749
0 0.868103 0.665331 0.022548 0.034784
