0 0.009829 0.375578 0.013999 0.020800
0 0.015026 0.467578 0.013999 0.020800
0 0.177428 0.340774 0.013999 0.020800
0 0.343027 0.401178 0.013999 0.020800
0 0.234228 0.549574 0.013999 0.020800
0 0.651694 0.467354 0.013999 0.020800
0 0.653292 0.493350 0.013999 0.020800
0 0.804892 0.494950 0.013999 0.020800
0 0.726091 0.504550 0.013999 0.020800
0 0.816896 0.568154 0.013999 0.020800
0 0.853695 0.558950 0.013999 0.020800
0 0.875696 0.561350 0.013999 0.020800
0 0.986910 0.595622 0.013999 0.020800
0 0.994555 0.698426 0.002889 0.020800
0 0.879710 0.712026 0.013999 0.020800
0 0.952106 0.826822 0.013999 0.020800
0 0.936185 0.823277 0.018637 0.028749
0 0.911696 0.864275 0.018637 0.028749
0 0.781791 0.712006 0.018637 0.028749
0 0.604838 0.643270 0.013999 0.021600
