0 0.203194 0.010671 0.036167 0.021341
0 0.168757 0.037699 0.034449 0.022391
0 0.159709 0.067407 0.026696 0.042193
0 0.291894 0.080321 0.025837 0.031856
0 0.452928 0.267616 0.029284 0.024110
0 0.504590 0.309821 0.039614 0.022391
0 0.512646 0.348122 0.037050 0.028824
0 0.340314 0.274896 0.028825 0.036472
0 0.297966 0.286374 0.032345 0.044108
0 0.771282 0.340818 0.029889 0.039860
0 0.793708 0.324086 0.020636 0.032028
0 0.806869 0.285306 0.032732 0.028468
0 0.730362 0.272134 0.034873 0.024908
0 0.672011 0.323374 0.027760 0.036300
0 0.626106 0.273202 0.022777 0.039860
0 0.604757 0.277830 0.022777 0.037724
0 0.570586 0.226234 0.037002 0.028468
0 0.713282 0.455746 0.040570 0.030604
0 0.643537 0.432618 0.030603 0.042696
0 0.983766 0.981818 0.024468 0.028363
