0 0.333582 0.884169 0.029889 0.044120
0 0.286964 0.875268 0.029176 0.041984
0 0.296072 0.030275 0.027047 0.035588
0 0.263340 0.118883 0.027047 0.044832
0 0.186120 0.187567 0.029176 0.039860
0 0.050548 0.282215 0.028462 0.038436
0 0.707433 0.257307 0.025619 0.037012
0 0.672911 0.272247 0.020636 0.034164
0 0.653703 0.332743 0.023490 0.035588
0 0.634131 0.361567 0.028462 0.032028
0 0.546230 0.403563 0.027760 0.040560
0 0.581816 0.486107 0.030603 0.026332
0 0.513498 0.435579 0.026333 0.044832
0 0.511006 0.486107 0.029889 0.041984
0 0.466166 0.538783 0.031317 0.043408
0 0.452026 0.673623 0.029889 0.037724
0 0.334247 0.696395 0.024906 0.034876
0 0.329264 0.751551 0.024906 0.038436
