0 0.746366 0.204684 0.130098 0.183321
0 0.589653 0.018074 0.100535 0.036149
0 0.421120 0.047640 0.118266 0.095281
0 0.356070 0.178074 0.094613 0.118277
0 0.335366 0.228344 0.124188 0.100528
0 0.187537 0.302263 0.076882 0.082793
0 0.228921 0.388005 0.088702 0.088705
0 0.140219 0.361395 0.065049 0.094616
0 0.066298 0.281564 0.082792 0.136013
0 0.033773 0.207646 0.041396 0.106440
0 0.081092 0.423489 0.065049 0.053220
0 0.104745 0.467848 0.041396 0.070969
0 0.149090 0.538804 0.047306 0.082793
0 0.187537 0.526980 0.041396 0.094616
0 0.217100 0.515156 0.041396 0.106440
0 0.364942 0.506282 0.053217 0.124189
0 0.332417 0.615684 0.059139 0.047308
0 0.027863 0.503319 0.053217 0.094616
