0 0.017328 0.929321 0.034655 0.052144
0 0.028523 0.837294 0.036808 0.052144
0 0.244775 0.760614 0.027603 0.064419
0 0.230974 0.706927 0.036808 0.055216
0 0.474841 0.708469 0.046013 0.052144
0 0.579133 0.751411 0.027603 0.082824
0 0.660418 0.728404 0.036808 0.061347
0 0.735570 0.674717 0.033748 0.058288
0 0.727901 0.639449 0.036808 0.042942
0 0.872062 0.572259 0.035502 0.040824
0 0.808146 0.474624 0.021301 0.033726
0 0.888028 0.474624 0.024857 0.051478
0 0.900463 0.537644 0.039058 0.039059
0 0.877384 0.529657 0.024857 0.040824
0 0.932409 0.495932 0.024857 0.058576
0 0.978567 0.420480 0.024857 0.042602
0 0.824125 0.480834 0.021301 0.063909
0 0.834782 0.500363 0.021301 0.046157
0 0.810820 0.511017 0.023079 0.056811
