0 0.072062 0.572259 0.035502 0.040824
0 0.009398 0.474624 0.018797 0.033726
0 0.088028 0.474624 0.024857 0.051478
0 0.100463 0.537644 0.039058 0.039059
0 0.077384 0.529657 0.024857 0.040824
0 0.132409 0.495932 0.024857 0.058576
0 0.178567 0.420480 0.024857 0.042602
0 0.240692 0.444441 0.028401 0.058576
0 0.024125 0.480834 0.021301 0.063909
0 0.034782 0.500363 0.021301 0.046157
0 0.011180 0.511017 0.022359 0.056811
0 0.236253 0.574926 0.030180 0.049700
0 0.313474 0.589122 0.031958 0.053255
0 0.546019 0.662796 0.031958 0.051478
0 0.276194 0.428467 0.024857 0.055033
0 0.313474 0.385865 0.039058 0.051478
0 0.307268 0.421369 0.030180 0.051478
0 0.394251 0.441787 0.023079 0.060353
0 0.419096 0.416938 0.040824 0.053255
0 0.490994 0.357460 0.039058 0.062131
0 0.498095 0.318414 0.035502 0.058576
0 0.558454 0.405395 0.042602 0.079883
0 0.441292 0.295329 0.024857 0.072785
0 0.416435 0.299773 0.028401 0.060353
0 0.722657 0.436454 0.047924 0.049700
0 0.769698 0.393852 0.031958 0.053255
0 0.805200 0.488820 0.046158 0.062131
0 0.872647 0.518115 0.028401 0.071007
0 0.904605 0.517226 0.035502 0.076327
0 0.864664 0.667227 0.033724 0.063909
0 0.721762 0.858941 0.024857 0.046157
0 0.741285 0.889124 0.024857 0.053255
0 0.830940 0.879360 0.030180 0.065687
0 0.902827 0.421369 0.021301 0.076327
0 0.885082 0.414271 0.028401 0.058576
0 0.853124 0.386754 0.024857 0.074563
0 0.831823 0.385865 0.031958 0.055033
0 0.838924 0.281133 0.028401 0.044379
0 0.915262 0.203027 0.039058 0.062131
0 0.939224 0.163079 0.047924 0.056811
0 0.974265 0.242962 0.043471 0.049700
0 0.869986 0.328179 0.023079 0.053255
0 0.894844 0.324623 0.030180 0.053255
