0 0.975926 0.124828 0.040148 0.051299
0 0.973074 0.149044 0.045851 0.054154
0 0.965822 0.183239 0.048446 0.065548
0 0.935895 0.349958 0.074101 0.062694
0 0.940167 0.391290 0.042743 0.065548
0 0.880325 0.301514 0.042743 0.034195
0 0.841855 0.458254 0.028495 0.056996
0 0.555426 0.038627 0.087621 0.077254
0 0.225797 0.026111 0.054244 0.052221
0 0.202841 0.009421 0.050066 0.018842
0 0.024227 0.044890 0.048454 0.089779
0 0.215364 0.273366 0.066766 0.075104
0 0.117309 0.333871 0.070932 0.104316
0 0.778785 0.495606 0.049221 0.041453
0 0.669969 0.635509 0.038858 0.062173
0 0.627227 0.717120 0.036276 0.090684
0 0.628518 0.818158 0.044045 0.064774
0 0.606501 0.828524 0.046639 0.049231
0 0.618155 0.929562 0.038858 0.090684
