0 0.029058 0.572109 0.023781 0.029897
0 0.207027 0.476515 0.023019 0.032565
0 0.348260 0.529591 0.021337 0.037619
0 0.406659 0.597816 0.023587 0.038186
0 0.397394 0.662108 0.026393 0.030889
0 0.424900 0.661270 0.026393 0.038186
0 0.438375 0.689620 0.024144 0.024147
0 0.394575 0.738197 0.028643 0.020215
0 0.252798 0.485784 0.021337 0.023025
0 0.147502 0.589384 0.030881 0.031444
0 0.195802 0.560184 0.039868 0.022458
0 0.062213 0.675348 0.022801 0.033197
0 0.127592 0.532763 0.024398 0.022806
0 0.110997 0.526562 0.025595 0.024804
0 0.553226 0.739138 0.025595 0.027202
