0 0.233516 0.855146 0.020781 0.042024
0 0.259050 0.865539 0.023950 0.031179
0 0.279602 0.849949 0.020781 0.031631
0 0.304906 0.829175 0.027107 0.035246
0 0.370648 0.829627 0.035695 0.036150
0 0.298133 0.906207 0.025305 0.038409
0 0.492648 0.790766 0.032986 0.029824
0 0.628414 0.758683 0.020781 0.032535
0 0.641526 0.796641 0.044283 0.028016
0 0.679253 0.803645 0.031171 0.033890
0 0.944724 0.806105 0.035248 0.027112
0 0.954208 0.765662 0.030724 0.030275
0 0.970924 0.785771 0.023490 0.036150
0 0.940648 0.845418 0.037050 0.020786
0 0.988434 0.876371 0.015133 0.030275
