0 0.537203 0.636714 0.033615 0.039225
0 0.445951 0.600690 0.043219 0.024815
0 0.352291 0.570276 0.049630 0.028016
0 0.242230 0.512248 0.034425 0.035221
0 0.276655 0.506638 0.031220 0.032020
0 0.263845 0.469823 0.026418 0.038422
0 0.242230 0.458212 0.028014 0.032823
0 0.208615 0.459015 0.039227 0.026409
0 0.122963 0.436597 0.028014 0.031217
0 0.033719 0.435405 0.027216 0.038422
0 0.113359 0.482626 0.023212 0.043229
0 0.126967 0.474228 0.026418 0.037618
0 0.814153 0.746782 0.038417 0.025619
0 0.938221 0.760790 0.040026 0.028016
