0 0.787863 0.982508 0.024984 0.026984
0 0.755915 0.979381 0.021619 0.033238
0 0.784252 0.936102 0.028349 0.027382
0 0.781614 0.908004 0.021138 0.035547
0 0.851267 0.851069 0.041315 0.034103
0 0.009206 0.559331 0.018411 0.047654
0 0.007318 0.638031 0.014636 0.023657
0 0.176082 0.671600 0.030049 0.023014
0 0.279663 0.616933 0.036450 0.050518
0 0.317708 0.607980 0.029416 0.050518
0 0.347111 0.611171 0.029416 0.039004
0 0.377805 0.613415 0.023014 0.035802
0 0.473719 0.576328 0.025570 0.037088
0 0.470518 0.608611 0.030693 0.031325
0 0.550769 0.522619 0.023659 0.035802
0 0.580173 0.566731 0.022381 0.029408
0 0.621734 0.549467 0.036450 0.030694
0 0.653061 0.610540 0.030049 0.036445
0 0.343594 0.672231 0.028771 0.038361
