0 0.230122 0.791450 0.012002 0.019999
0 0.204118 0.754647 0.020002 0.019999
0 0.186921 0.763448 0.020002 0.019999
0 0.165320 0.759450 0.020002 0.019999
0 0.303319 0.781051 0.020002 0.019999
0 0.326918 0.779848 0.020002 0.019999
0 0.302918 0.904648 0.020002 0.019999
0 0.342122 0.906250 0.020002 0.019999
0 0.136521 0.739052 0.020002 0.019999
0 0.163717 0.941850 0.020002 0.019999
0 0.208121 0.937851 0.020002 0.019999
0 0.246518 0.932250 0.020002 0.019999
0 0.423319 0.983050 0.020002 0.019999
0 0.398122 0.953851 0.020002 0.019999
0 0.564118 0.896251 0.020002 0.019999
0 0.544120 0.925051 0.020002 0.019999
0 0.560922 0.945050 0.020002 0.019999
0 0.584521 0.901448 0.020002 0.019999
0 0.462518 0.990726 0.020002 0.010548
0 0.360922 0.950252 0.020002 0.019999
0 0.476519 0.917048 0.020002 0.019999
0 0.418921 0.924652 0.028002 0.012001
0 0.691717 0.966252 0.020002 0.016000
0 0.790918 0.945050 0.020002 0.016000
0 0.772118 0.991124 0.020002 0.009752
0 0.859321 0.995524 0.020002 0.000951
0 0.873318 0.993325 0.020002 0.005349
0 0.763321 0.995125 0.020002 0.001750
0 0.916799 0.994024 0.019843 0.003951
0 0.966522 0.970470 0.016401 0.019999
0 0.964321 0.994435 0.024801 0.003130
0 0.989680 0.829650 0.012640 0.019999
0 0.953627 0.953661 0.025024 0.017034
