0 0.100986 0.935020 0.027278 0.022001
0 0.022903 0.928722 0.024801 0.019999
0 0.170906 0.989561 0.024801 0.012878
0 0.145703 0.977920 0.024801 0.019999
0 0.234505 0.960722 0.024801 0.019999
0 0.157305 0.930719 0.024801 0.019999
0 0.564508 0.748979 0.024801 0.019999
0 0.502908 0.730982 0.024801 0.019999
0 0.545307 0.778982 0.024801 0.019999
0 0.571707 0.779781 0.024801 0.019999
0 0.585708 0.790979 0.024801 0.019999
0 0.680110 0.761779 0.024801 0.019999
0 0.739311 0.729380 0.024801 0.019999
0 0.814111 0.785382 0.024801 0.019999
0 0.774111 0.779781 0.024801 0.019999
0 0.797710 0.738980 0.024801 0.019999
0 0.638507 0.833782 0.024801 0.019999
0 0.600907 0.870579 0.024801 0.019999
0 0.570509 0.929782 0.024801 0.019999
0 0.625708 0.964582 0.024801 0.019999
0 0.715311 0.928579 0.024801 0.019999
0 0.917710 0.945782 0.024801 0.019999
0 0.884508 0.943780 0.024801 0.019999
0 0.914910 0.917381 0.024801 0.019999
0 0.645710 0.928379 0.016801 0.025201
0 0.772107 0.841580 0.016801 0.025201
0 0.831709 0.867579 0.016801 0.025201
0 0.846908 0.837581 0.016801 0.025201
0 0.755707 0.883180 0.016801 0.025201
0 0.728907 0.842378 0.016801 0.025201
0 0.809708 0.994489 0.016801 0.003022
0 0.815308 0.954783 0.016801 0.025201
0 0.972909 0.931579 0.016801 0.025201
0 0.838507 0.932782 0.016801 0.025201
0 0.742111 0.913981 0.016801 0.025201
0 0.654908 0.910781 0.016801 0.025201
0 0.909908 0.823982 0.009202 0.015601
0 0.914307 0.837780 0.018800 0.008801
0 0.757107 0.935378 0.018800 0.008801
0 0.771909 0.958582 0.018800 0.008801
0 0.774111 0.967583 0.022402 0.023997
0 0.838309 0.956580 0.018800 0.008801
0 0.835687 0.964506 0.013200 0.019799
