0 0.014111 0.785382 0.024801 0.019999
0 0.005056 0.738980 0.010111 0.019999
0 0.117710 0.945782 0.024801 0.019999
0 0.084508 0.943780 0.024801 0.019999
0 0.114910 0.917381 0.024801 0.019999
0 0.031709 0.867579 0.016801 0.025201
0 0.046908 0.837581 0.016801 0.025201
0 0.009708 0.994489 0.016801 0.003022
0 0.015308 0.954783 0.016801 0.025201
0 0.172909 0.931579 0.016801 0.025201
0 0.038507 0.932782 0.016801 0.025201
0 0.109908 0.823982 0.009202 0.015601
0 0.114307 0.837780 0.018800 0.008801
0 0.038309 0.956580 0.018800 0.008801
0 0.275909 0.965381 0.018800 0.008801
0 0.035687 0.964506 0.013200 0.019799
