0 0.404613 0.630282 0.030276 0.020613
0 0.373980 0.647603 0.018800 0.012800
0 0.314779 0.639606 0.018800 0.012800
0 0.254781 0.644004 0.018800 0.012800
0 0.183718 0.605343 0.020678 0.014080
0 0.126960 0.580705 0.020678 0.014080
0 0.152809 0.608932 0.022750 0.015488
0 0.096181 0.646682 0.022750 0.015488
0 0.087955 0.599736 0.022750 0.015488
0 0.428691 0.614257 0.022750 0.015488
0 0.445188 0.899072 0.018800 0.012800
0 0.386392 0.898673 0.018800 0.012800
0 0.454390 0.843069 0.018800 0.012800
0 0.500435 0.966600 0.017569 0.026353
0 0.592379 0.886364 0.017569 0.026353
0 0.493405 0.909793 0.017569 0.026353
0 0.578325 0.960159 0.017569 0.026353
0 0.653333 0.847176 0.020002 0.013199
0 0.536529 0.821576 0.020002 0.013199
0 0.568529 0.897577 0.020002 0.013199
0 0.400133 0.953974 0.020002 0.013199
0 0.626875 0.925000 0.020002 0.012800
0 0.652077 0.861000 0.020002 0.012800
0 0.445676 0.942198 0.020002 0.012800
0 0.467276 0.784599 0.020002 0.012800
0 0.504075 0.830198 0.020002 0.012800
0 0.427677 0.850796 0.020002 0.020398
0 0.623273 0.966400 0.020002 0.020398
0 0.093063 0.259098 0.020002 0.020398
0 0.057466 0.288297 0.024801 0.015601
0 0.129466 0.233498 0.024801 0.015601
0 0.504263 0.333097 0.024801 0.015601
0 0.368263 0.853898 0.024801 0.015601
0 0.643498 0.897377 0.011602 0.022799
0 0.406096 0.870175 0.014035 0.027587
0 0.304457 0.834355 0.014035 0.027587
