0 0.059321 0.203049 0.020002 0.016000
0 0.073318 0.198651 0.020002 0.016000
0 0.064120 0.219448 0.020002 0.016000
0 0.006060 0.207048 0.012120 0.016000
0 0.003060 0.462648 0.006119 0.019999
0 0.238319 0.528650 0.016401 0.019999
0 0.264318 0.508652 0.016401 0.019999
0 0.206319 0.512650 0.016401 0.019999
0 0.189518 0.507848 0.016401 0.019999
0 0.153520 0.534651 0.016401 0.019999
0 0.116799 0.204150 0.019843 0.024202
0 0.166522 0.170470 0.016401 0.019999
0 0.164321 0.202870 0.024801 0.019999
0 0.126324 0.439670 0.024801 0.019999
0 0.285923 0.483267 0.024801 0.019999
0 0.383560 0.046111 0.027278 0.022001
0 0.395760 0.084050 0.024801 0.019999
0 0.241361 0.032451 0.024801 0.019999
0 0.195761 0.029650 0.024801 0.019999
0 0.900986 0.135020 0.027278 0.022001
0 0.822903 0.128722 0.024801 0.019999
0 0.839304 0.282322 0.024801 0.019999
0 0.970906 0.193121 0.024801 0.019999
0 0.945703 0.177920 0.024801 0.019999
0 0.957305 0.130719 0.024801 0.019999
0 0.970906 0.241920 0.024801 0.019999
0 0.910903 0.270720 0.024801 0.019999
0 0.773706 0.301921 0.024801 0.019999
0 0.770906 0.253117 0.024801 0.019999
0 0.025501 0.406518 0.024801 0.019999
0 0.298298 0.345252 0.024801 0.019999
0 0.153627 0.153661 0.025024 0.017034
0 0.271575 0.266476 0.013200 0.019799
0 0.291814 0.367237 0.024642 0.020239
0 0.147645 0.228562 0.020002 0.013199
0 0.177245 0.298962 0.020002 0.013199
0 0.162848 0.298557 0.020002 0.013199
0 0.205648 0.222162 0.020002 0.013199
0 0.199845 0.208558 0.013200 0.022001
0 0.199444 0.233359 0.013200 0.022001
0 0.176844 0.274360 0.012799 0.019999
0 0.203244 0.257162 0.012799 0.019999
0 0.210848 0.270761 0.012799 0.019999
0 0.341426 0.343798 0.020002 0.012800
0 0.851770 0.308127 0.020002 0.012800
0 0.766971 0.128927 0.020002 0.012800
0 0.786944 0.276695 0.029282 0.018739
