0 0.564357 0.257592 0.018800 0.012800
0 0.445188 0.099072 0.018800 0.012800
0 0.386392 0.098673 0.018800 0.012800
0 0.454390 0.043069 0.018800 0.012800
0 0.500435 0.166600 0.017569 0.026353
0 0.548459 0.215793 0.017569 0.026353
0 0.592379 0.086364 0.017569 0.026353
0 0.493405 0.109793 0.017569 0.026353
0 0.578325 0.160159 0.017569 0.026353
0 0.585939 0.222234 0.017569 0.026353
0 0.653333 0.047176 0.020002 0.013199
0 0.536529 0.021576 0.020002 0.013199
0 0.568529 0.097577 0.020002 0.013199
0 0.400133 0.153974 0.020002 0.013199
0 0.615331 0.259973 0.020002 0.013199
0 0.646129 0.216376 0.020002 0.013199
0 0.626875 0.125000 0.020002 0.012800
0 0.652077 0.061000 0.020002 0.012800
0 0.445676 0.142198 0.020002 0.012800
0 0.504075 0.030198 0.020002 0.012800
0 0.427677 0.050796 0.020002 0.020398
0 0.623273 0.166400 0.020002 0.020398
0 0.536876 0.252396 0.020002 0.020398
0 0.368263 0.053898 0.024801 0.015601
0 0.500295 0.298977 0.011602 0.022799
0 0.643498 0.097377 0.011602 0.022799
0 0.666296 0.208179 0.011602 0.022799
0 0.406096 0.070175 0.014035 0.027587
0 0.304457 0.034355 0.014035 0.027587
