0 0.034910 0.237379 0.024801 0.019999
0 0.012054 0.244178 0.024107 0.019999
0 0.025307 0.286582 0.024801 0.019999
0 0.086507 0.288978 0.024801 0.019999
0 0.110507 0.278180 0.024801 0.019999
0 0.117710 0.145782 0.024801 0.019999
0 0.084508 0.143780 0.024801 0.019999
0 0.114910 0.117381 0.024801 0.019999
0 0.116107 0.223380 0.016801 0.026399
0 0.190111 0.223580 0.016801 0.025201
0 0.031709 0.067579 0.016801 0.025201
0 0.046908 0.037581 0.016801 0.025201
0 0.009708 0.205578 0.016801 0.025201
0 0.015308 0.154783 0.016801 0.025201
0 0.172909 0.131579 0.016801 0.025201
0 0.038507 0.132782 0.016801 0.025201
0 0.109908 0.023982 0.009202 0.015601
0 0.114307 0.037780 0.018800 0.008801
0 0.038309 0.156580 0.018800 0.008801
0 0.252310 0.253778 0.018800 0.008801
0 0.275909 0.165381 0.018800 0.008801
0 0.326309 0.257782 0.018800 0.008801
0 0.469507 0.392182 0.018800 0.008801
0 0.526709 0.509379 0.018800 0.012800
0 0.465954 0.459428 0.012002 0.018002
0 0.450755 0.371425 0.012002 0.018002
0 0.329954 0.319826 0.012002 0.018002
0 0.035687 0.164506 0.013200 0.019799
0 0.807462 0.939095 0.024801 0.015601
