0 0.431383 0.751136 0.014034 0.023232
0 0.391212 0.667405 0.014034 0.023232
0 0.370399 0.748717 0.014034 0.023232
0 0.382500 0.719194 0.014034 0.023232
0 0.405247 0.724032 0.014034 0.023232
0 0.542218 0.588998 0.014034 0.023232
0 0.565452 0.614650 0.014034 0.023232
0 0.568354 0.528013 0.014034 0.023232
0 0.567385 0.503814 0.014034 0.023232
0 0.610945 0.483488 0.014034 0.023232
0 0.628369 0.471872 0.014034 0.023232
0 0.640952 0.497523 0.014034 0.023232
0 0.609494 0.406048 0.014034 0.023232
0 0.569324 0.393946 0.014034 0.023232
0 0.625948 0.426861 0.014034 0.023232
0 0.628857 0.368781 0.014034 0.023232
0 0.684512 0.486394 0.014034 0.023232
0 0.730492 0.504781 0.014034 0.023232
0 0.758079 0.514944 0.014034 0.023232
0 0.580938 0.462189 0.014034 0.023232
0 0.590853 0.503706 0.013198 0.016800
0 0.531472 0.531936 0.015973 0.020326
0 0.506299 0.555654 0.015973 0.020326
0 0.833003 0.535328 0.015973 0.020326
0 0.791863 0.525645 0.015973 0.020326
0 0.771049 0.537261 0.015973 0.020326
0 0.703774 0.406586 0.015973 0.020326
0 0.666993 0.410458 0.015973 0.020326
0 0.619555 0.446752 0.015973 0.020326
0 0.689739 0.429818 0.015973 0.020326
0 0.736689 0.462240 0.015973 0.020326
0 0.820901 0.281709 0.015973 0.020326
0 0.803477 0.300102 0.015973 0.020326
0 0.803965 0.331565 0.015973 0.020326
0 0.742493 0.341728 0.015973 0.020326
0 0.942387 0.209114 0.015973 0.020326
0 0.952069 0.167968 0.015973 0.020326
0 0.917221 0.196045 0.015973 0.020326
0 0.911892 0.228474 0.015973 0.020326
0 0.977235 0.215405 0.015973 0.020326
0 0.940449 0.240570 0.015973 0.020326
0 0.953520 0.227501 0.015973 0.020326
0 0.846695 0.600832 0.013198 0.016800
0 0.810694 0.612032 0.013198 0.016800
0 0.840295 0.667834 0.013198 0.019603
0 0.824094 0.570234 0.018400 0.007597
0 0.901096 0.624032 0.014003 0.020000
0 0.891097 0.643232 0.014003 0.020000
0 0.913495 0.683635 0.014003 0.020000
0 0.994446 0.718432 0.003108 0.020000
0 0.948495 0.688032 0.032402 0.032800
0 0.546368 0.463539 0.014003 0.020000
0 0.569970 0.452742 0.014003 0.020000
0 0.539570 0.540742 0.014003 0.020000
