0 0.934058 0.369055 0.012001 0.021202
0 0.964856 0.294252 0.012001 0.021202
0 0.892855 0.372654 0.012001 0.021202
0 0.869258 0.269455 0.012001 0.021202
0 0.749258 0.271852 0.012001 0.021202
0 0.706454 0.160655 0.012001 0.021202
0 0.679654 0.178253 0.012001 0.021202
0 0.657654 0.205855 0.012001 0.021202
0 0.613258 0.271852 0.012001 0.021202
0 0.671257 0.254653 0.012001 0.021202
0 0.684058 0.268252 0.012001 0.021202
0 0.708456 0.257454 0.012001 0.021202
0 0.718055 0.204252 0.012001 0.021202
0 0.730456 0.227451 0.012001 0.021202
0 0.824057 0.303452 0.012001 0.021202
0 0.785657 0.306253 0.012001 0.021202
0 0.803856 0.263055 0.020399 0.012401
0 0.968657 0.346255 0.020399 0.012401
0 0.905454 0.391455 0.020399 0.012401
0 0.340372 0.281293 0.020399 0.012401
0 0.340372 0.236093 0.020399 0.012401
0 0.323374 0.172687 0.012001 0.020803
0 0.273773 0.157087 0.012001 0.020803
0 0.554576 0.243891 0.012001 0.020803
0 0.485773 0.220288 0.012001 0.020803
0 0.409373 0.273889 0.012001 0.020803
0 0.459774 0.259087 0.012001 0.020803
0 0.470174 0.247491 0.012001 0.020803
