0 0.103636 0.713221 0.012001 0.021202
0 0.260034 0.680422 0.012001 0.021202
0 0.089927 0.951342 0.012001 0.021202
0 0.125129 0.989972 0.012001 0.012056
0 0.295576 0.983762 0.012001 0.021202
0 0.420375 0.932163 0.012001 0.021202
0 0.352773 0.972165 0.012001 0.021202
0 0.375174 0.964163 0.012001 0.021202
0 0.031498 0.790830 0.012001 0.021202
0 0.623724 0.979891 0.012001 0.021202
0 0.674125 0.992045 0.012001 0.007909
0 0.660122 0.983895 0.012001 0.021202
0 0.660523 0.935091 0.012001 0.021202
0 0.526525 0.842291 0.012001 0.021202
0 0.450525 0.821893 0.012001 0.021202
0 0.477325 0.895892 0.012001 0.021202
0 0.731323 0.841892 0.012001 0.021202
0 0.763722 0.917893 0.012001 0.021202
0 0.663726 0.892692 0.012001 0.021202
0 0.758122 0.948695 0.012001 0.021202
0 0.499041 0.864077 0.017571 0.030454
0 0.849255 0.988017 0.017571 0.015965
0 0.729544 0.977889 0.021199 0.012401
0 0.563100 0.906107 0.023318 0.013640
0 0.663421 0.418483 0.034143 0.019968
