0 0.954063 0.159367 0.056931 0.085402
0 0.887637 0.192590 0.066426 0.085402
0 0.878143 0.370509 0.056931 0.099632
0 0.818838 0.337299 0.080655 0.080663
0 0.723941 0.441670 0.071173 0.118613
0 0.617188 0.422701 0.066426 0.099632
0 0.574487 0.349152 0.085403 0.066421
0 0.503326 0.372873 0.056931 0.085402
0 0.462998 0.349152 0.080655 0.066421
0 0.553136 0.142761 0.033207 0.090141
0 0.719206 0.133271 0.090150 0.080663
0 0.871034 0.078716 0.052196 0.123364
0 0.833068 0.025122 0.052196 0.050244
0 0.555510 0.053588 0.037954 0.107175
0 0.365728 0.375248 0.085403 0.090141
0 0.254227 0.375248 0.052196 0.061682
0 0.261348 0.432192 0.056931 0.052192
0 0.223394 0.427440 0.066426 0.090141
