0 0.054541 0.984368 0.041668 0.021300
0 0.109171 0.943628 0.028706 0.052776
0 0.223064 0.887144 0.036118 0.023148
0 0.362421 0.844544 0.044449 0.023148
0 0.729563 0.732044 0.041668 0.027780
0 0.764279 0.679268 0.037037 0.029628
0 0.801316 0.802412 0.025925 0.038892
0 0.891134 0.803348 0.024075 0.035184
0 0.894846 0.606572 0.037037 0.030552
0 0.912439 0.579728 0.033337 0.023148
0 0.968449 0.556112 0.025006 0.033336
0 0.332325 0.467216 0.047218 0.027780
0 0.630484 0.404252 0.025006 0.038892
0 0.338346 0.279716 0.029625 0.028704
