0 0.139994 0.623304 0.036731 0.038268
0 0.199680 0.586956 0.022955 0.046680
0 0.237566 0.600732 0.025253 0.045144
0 0.041280 0.466812 0.036731 0.039024
0 0.317944 0.274644 0.024075 0.037044
0 0.467955 0.287604 0.025925 0.033336
0 0.474895 0.377892 0.043518 0.030552
0 0.446190 0.376968 0.034256 0.030552
0 0.462864 0.149640 0.026856 0.031488
0 0.568425 0.271404 0.025006 0.024996
0 0.648509 0.277884 0.024075 0.028704
0 0.769814 0.194556 0.025925 0.030552
0 0.854541 0.184368 0.041668 0.021300
0 0.909171 0.143628 0.028706 0.052776
