0 0.124405 0.907866 0.042004 0.020398
0 0.072296 0.543114 0.026799 0.036394
0 0.126097 0.479714 0.041601 0.022405
0 0.176489 0.474303 0.039199 0.023602
0 0.289094 0.429306 0.039602 0.021595
0 0.328696 0.420105 0.044405 0.024001
0 0.329690 0.395705 0.021605 0.033601
0 0.345698 0.391915 0.027995 0.036394
0 0.262094 0.376504 0.035200 0.039997
0 0.420240 0.283156 0.038395 0.036394
0 0.548037 0.276162 0.037200 0.028003
0 0.678663 0.402675 0.041873 0.032853
0 0.706361 0.436500 0.035437 0.024475
0 0.648373 0.546206 0.029485 0.030796
0 0.688578 0.838406 0.039199 0.020398
0 0.735172 0.834205 0.041199 0.021595
0 0.990689 0.785804 0.010622 0.040795
0 0.459297 0.945270 0.038395 0.023203
0 0.540820 0.901183 0.030361 0.032554
