0 0.042320 0.719645 0.036383 0.038551
0 0.093635 0.719109 0.033674 0.035297
0 0.069747 0.617009 0.047789 0.029873
0 0.249771 0.621896 0.029864 0.032043
0 0.293750 0.611037 0.035295 0.022268
0 0.305973 0.629227 0.046701 0.026071
0 0.690039 0.109524 0.038004 0.033202
0 0.713041 0.106930 0.028799 0.039997
0 0.325685 0.420725 0.043601 0.023602
0 0.335091 0.382124 0.033603 0.028003
0 0.371687 0.367524 0.029201 0.023602
0 0.418885 0.336928 0.033201 0.024001
0 0.455091 0.373521 0.032798 0.027604
0 0.407290 0.391126 0.029201 0.021196
0 0.394689 0.363721 0.023995 0.035197
0 0.404285 0.356727 0.026397 0.032404
0 0.536093 0.370728 0.034798 0.032404
0 0.541488 0.344920 0.022398 0.039199
0 0.529491 0.403320 0.032798 0.029599
0 0.519883 0.417920 0.026397 0.024400
0 0.468284 0.426922 0.023995 0.036806
0 0.482092 0.424927 0.020398 0.035197
0 0.916007 0.306867 0.025604 0.041194
0 0.979414 0.293078 0.025202 0.036806
0 0.991606 0.246073 0.008788 0.033202
0 0.989006 0.342476 0.013988 0.034000
