0 0.136701 0.730533 0.038797 0.023203
0 0.250702 0.776740 0.036395 0.025198
0 0.268498 0.780941 0.036005 0.032803
0 0.311495 0.719536 0.041199 0.024400
0 0.403501 0.729137 0.029994 0.029200
0 0.460495 0.678741 0.031201 0.032404
0 0.483497 0.687743 0.032396 0.038401
0 0.312016 0.980338 0.033603 0.031324
0 0.589204 0.982230 0.023605 0.027540
0 0.768802 0.897056 0.044405 0.021196
0 0.924405 0.907866 0.042004 0.020398
0 0.660492 0.542503 0.032006 0.031195
0 0.672300 0.549111 0.037200 0.027604
0 0.872296 0.543114 0.026799 0.036394
0 0.926097 0.479714 0.041601 0.022405
0 0.976445 0.474303 0.039111 0.023602
0 0.118373 0.063533 0.045601 0.028402
