0 0.389651 0.750915 0.031864 0.032317
0 0.476049 0.771787 0.037697 0.021994
0 0.479184 0.819364 0.025131 0.045334
0 0.592961 0.763258 0.030065 0.042641
0 0.664769 0.783681 0.039945 0.022442
0 0.719303 0.741714 0.042193 0.023789
0 0.773387 0.722426 0.034561 0.035459
0 0.842320 0.719645 0.036383 0.038551
0 0.893635 0.719109 0.033674 0.035297
0 0.869747 0.617009 0.047789 0.029873
0 0.371844 0.533847 0.024492 0.045483
0 0.456680 0.576700 0.027983 0.038489
0 0.460620 0.623492 0.037602 0.028863
0 0.536889 0.320096 0.027604 0.045994
0 0.518159 0.228431 0.036135 0.028252
0 0.534250 0.004535 0.035910 0.009069
0 0.490046 0.065163 0.029178 0.038601
