0 0.234865 0.419366 0.043565 0.025173
0 0.259310 0.388146 0.024682 0.040172
0 0.273591 0.368547 0.024196 0.035821
0 0.392893 0.369756 0.026622 0.040172
0 0.413706 0.374357 0.026622 0.036781
0 0.451461 0.425426 0.026622 0.033402
0 0.468156 0.423481 0.027107 0.024687
0 0.484366 0.443816 0.035330 0.022754
0 0.387569 0.528025 0.023711 0.038239
0 0.446610 0.491730 0.027592 0.031457
0 0.462477 0.495433 0.024398 0.025597
0 0.483479 0.487429 0.022398 0.030397
0 0.496080 0.482429 0.021203 0.027604
0 0.521389 0.721852 0.023203 0.036806
0 0.644288 0.903012 0.040039 0.029923
0 0.673335 0.922587 0.046204 0.024200
0 0.888488 0.951625 0.026835 0.043563
0 0.978219 0.931389 0.035561 0.031245
