0 0.007661 0.955733 0.015322 0.015998
0 0.045522 0.909331 0.019599 0.015998
0 0.037519 0.800731 0.019599 0.011601
0 0.113920 0.637929 0.019599 0.011601
0 0.029921 0.643131 0.019599 0.011601
0 0.066319 0.654731 0.019599 0.011601
0 0.020721 0.718732 0.019599 0.011601
0 0.253123 0.605933 0.019599 0.011601
0 0.037827 0.539376 0.019599 0.011601
0 0.047427 0.506976 0.019599 0.011601
0 0.063826 0.444976 0.019599 0.011601
0 0.044626 0.476576 0.019599 0.014002
0 0.089426 0.418574 0.016399 0.017999
0 0.093025 0.366173 0.016399 0.017999
0 0.088223 0.391973 0.016399 0.020800
0 0.151424 0.341174 0.016399 0.020800
