0 0.547318 0.352132 0.016000 0.015998
0 0.559718 0.302133 0.016000 0.015998
0 0.698921 0.240133 0.016000 0.015998
0 0.646118 0.211730 0.016000 0.015998
0 0.596521 0.262529 0.016000 0.015998
0 0.680919 0.202530 0.016000 0.015998
0 0.660521 0.160530 0.016000 0.015998
0 0.613320 0.124133 0.016000 0.015998
0 0.624522 0.158529 0.016000 0.015998
0 0.660122 0.132132 0.016000 0.015998
0 0.742118 0.143732 0.016000 0.015998
0 0.744520 0.174932 0.016000 0.015998
0 0.588518 0.183331 0.016000 0.015998
0 0.807322 0.155733 0.016000 0.015998
0 0.845522 0.109331 0.019599 0.015998
0 0.652319 0.043132 0.019599 0.011601
0 0.645120 0.063931 0.019599 0.011601
0 0.653921 0.077933 0.019599 0.011601
0 0.837519 0.003266 0.019599 0.006532
0 0.728320 0.018330 0.019599 0.011601
0 0.922557 0.545852 0.020803 0.014002
0 0.939356 0.602649 0.020803 0.014002
0 0.919844 0.418995 0.020803 0.014002
