0 0.835569 0.968816 0.040613 0.054368
0 0.728685 0.956594 0.036337 0.064132
0 0.641045 0.857189 0.053442 0.053436
0 0.545922 0.917040 0.034198 0.066265
0 0.492480 0.813368 0.047027 0.051303
0 0.412312 0.809086 0.036337 0.064132
0 0.286197 0.835812 0.040613 0.057717
0 0.152599 0.918106 0.059856 0.047021
0 0.063878 0.418975 0.040613 0.066265
0 0.131217 0.374087 0.034198 0.053436
0 0.183590 0.365539 0.032060 0.061984
0 0.264816 0.354843 0.027784 0.049169
0 0.611229 0.306682 0.040636 0.051230
0 0.567068 0.273118 0.037100 0.065359
0 0.443397 0.243076 0.033564 0.054766
0 0.393938 0.228069 0.030028 0.063606
0 0.322381 0.191846 0.038862 0.054766
