0 0.979861 0.359264 0.032277 0.094671
0 0.573666 0.253239 0.053019 0.079519
0 0.257456 0.122579 0.034081 0.075734
0 0.249879 0.368733 0.041658 0.045443
0 0.403601 0.473471 0.041388 0.054313
0 0.505762 0.624779 0.054323 0.062072
0 0.069935 0.626065 0.056907 0.038795
0 0.146238 0.657115 0.023285 0.064658
0 0.129427 0.663574 0.036207 0.056899
0 0.185042 0.737291 0.038804 0.059485
0 0.360921 0.763154 0.049142 0.054313
0 0.216080 0.808422 0.033623 0.067244
0 0.526462 0.798077 0.043973 0.051726
0 0.570435 0.888598 0.043973 0.067244
0 0.010399 0.858863 0.020799 0.069831
0 0.217372 0.973339 0.041388 0.045323
0 0.796748 0.969463 0.036207 0.053074
