0 0.198346 0.032700 0.039978 0.054079
0 0.191298 0.129110 0.039978 0.058784
0 0.260670 0.238451 0.047027 0.056432
0 0.690964 0.385419 0.047027 0.058784
0 0.037751 0.649399 0.034974 0.050528
0 0.067861 0.681458 0.044701 0.033038
0 0.151989 0.603605 0.039426 0.058404
0 0.272441 0.586085 0.052561 0.032117
0 0.368082 0.584624 0.054017 0.029195
0 0.455675 0.566374 0.021898 0.054021
0 0.406039 0.603605 0.039426 0.067157
0 0.468092 0.624778 0.052561 0.042346
0 0.621392 0.977927 0.032119 0.036147
0 0.644759 0.990339 0.029206 0.011321
0 0.717021 0.977927 0.054017 0.036147
0 0.879813 0.534987 0.032119 0.058404
0 0.896612 0.518198 0.021898 0.065696
0 0.911943 0.565643 0.026280 0.064234
0 0.825795 0.524759 0.026280 0.052559
0 0.796602 0.564913 0.037958 0.033578
0 0.817771 0.564913 0.045265 0.036501
0 0.751337 0.578779 0.020442 0.061327
0 0.603876 0.603605 0.037958 0.052559
0 0.645487 0.576588 0.054017 0.033578
0 0.653511 0.598491 0.040883 0.048176
0 0.709725 0.587547 0.042340 0.035040
0 0.663732 0.624047 0.020442 0.061327
0 0.683445 0.604336 0.027737 0.036501
0 0.704615 0.613819 0.035044 0.029195
0 0.698776 0.636453 0.029206 0.042346
