0 0.578721 0.025811 0.031038 0.051622
0 0.523106 0.023225 0.038804 0.046450
0 0.082932 0.142436 0.036337 0.053436
0 0.060493 0.330551 0.064132 0.032059
0 0.289215 0.424608 0.042751 0.066265
0 0.136373 0.776246 0.032060 0.055584
0 0.113935 0.757002 0.029922 0.064132
0 0.092553 0.815786 0.051304 0.053436
0 0.684676 0.706766 0.025646 0.049169
0 0.704988 0.635167 0.044889 0.055584
0 0.411065 0.711047 0.055580 0.032059
0 0.348002 0.752735 0.057718 0.047021
0 0.969663 0.754869 0.052674 0.051303
0 0.800112 0.897014 0.029922 0.049169
0 0.808664 0.945117 0.025646 0.059851
0 0.988906 0.930154 0.014188 0.059851
