0 0.007426 0.173962 0.014852 0.062072
0 0.246358 0.206283 0.033623 0.064658
0 0.277396 0.276129 0.064661 0.043968
0 0.075636 0.309751 0.033623 0.049140
0 0.043306 0.314924 0.051726 0.038795
0 0.651147 0.468817 0.031038 0.067244
0 0.631739 0.572285 0.033623 0.056899
0 0.592948 0.596862 0.043973 0.049140
0 0.578721 0.815414 0.031038 0.072417
0 0.563202 0.699029 0.031038 0.067244
0 0.523106 0.815414 0.038804 0.062072
0 0.069175 0.366650 0.041388 0.054313
0 0.088571 0.395100 0.033623 0.049140
0 0.082932 0.942436 0.036337 0.053436
