0 0.664696 0.747156 0.025043 0.010020
0 0.821182 0.505190 0.022769 0.009108
0 0.778793 0.486595 0.020000 0.008003
0 0.770393 0.419794 0.020000 0.012001
0 0.816390 0.464195 0.020000 0.012001
0 0.691992 0.395796 0.020000 0.012001
0 0.666392 0.394993 0.020000 0.012001
0 0.688393 0.380995 0.020000 0.012001
0 0.596390 0.080251 0.020000 0.012001
0 0.581989 0.094249 0.020000 0.012001
0 0.545990 0.047452 0.020000 0.012001
0 0.797578 0.390001 0.020614 0.019328
0 0.566829 0.823465 0.013999 0.023199
0 0.828980 0.281324 0.020499 0.033966
