0 0.596390 0.880251 0.020000 0.012001
0 0.581989 0.894249 0.020000 0.012001
0 0.545990 0.847452 0.020000 0.012001
0 0.840851 0.552289 0.022001 0.013199
0 0.978131 0.478812 0.022001 0.013199
0 0.814889 0.414131 0.022001 0.013199
0 0.913450 0.212613 0.022001 0.013199
0 0.940255 0.677217 0.011998 0.023997
0 0.606652 0.771215 0.011998 0.023997
0 0.876103 0.389545 0.011998 0.023997
0 0.926419 0.357693 0.038653 0.012882
0 0.780184 0.239800 0.032210 0.019328
0 0.688061 0.474936 0.032210 0.019328
0 0.772456 0.090348 0.020614 0.019328
0 0.496928 0.670735 0.020499 0.033966
0 0.792089 0.746870 0.020499 0.033966
0 0.634553 0.380257 0.020499 0.033966
