0 0.369928 0.748610 0.030283 0.034144
0 0.529044 0.727671 0.025125 0.041224
0 0.563195 0.754407 0.028994 0.031566
0 0.596045 0.748924 0.030283 0.045098
0 0.689461 0.805617 0.027704 0.045098
0 0.696546 0.886141 0.022547 0.042519
0 0.655960 0.848136 0.023836 0.030924
0 0.658213 0.871653 0.027054 0.035427
0 0.664335 0.703512 0.023836 0.044456
0 0.693642 0.696419 0.032211 0.028988
0 0.694932 0.721873 0.021908 0.032207
0 0.731975 0.735078 0.034139 0.032849
0 0.764186 0.659056 0.026415 0.039300
0 0.797036 0.698029 0.030283 0.038646
0 0.834719 0.632646 0.029632 0.032849
0 0.865966 0.651649 0.026415 0.042519
0 0.836658 0.675807 0.024475 0.045739
0 0.865327 0.516696 0.027704 0.039300
0 0.896016 0.470026 0.020235 0.034609
0 0.871518 0.408529 0.023429 0.042595
0 0.863271 0.333463 0.021826 0.043651
0 0.822011 0.333199 0.042596 0.022888
0 0.800451 0.326282 0.022895 0.034609
0 0.814286 0.413585 0.031410 0.043123
0 0.825205 0.445528 0.031944 0.028221
0 0.901604 0.508307 0.033501 0.042519
