0 0.006089 0.698029 0.012178 0.038646
0 0.034719 0.632646 0.029632 0.032849
0 0.065966 0.651649 0.026415 0.042519
0 0.036658 0.675807 0.024475 0.045739
0 0.065327 0.516696 0.027704 0.039300
0 0.096016 0.470026 0.020235 0.034609
0 0.071518 0.408529 0.023429 0.042595
0 0.063271 0.333463 0.021826 0.043651
0 0.022011 0.333199 0.042596 0.022888
0 0.005949 0.326282 0.011899 0.034609
0 0.014995 0.413585 0.029991 0.043123
0 0.025205 0.445528 0.031944 0.028221
0 0.101604 0.508307 0.033501 0.042519
0 0.717437 0.674776 0.025183 0.032207
0 0.711002 0.708153 0.021664 0.036898
0 0.790351 0.669217 0.029284 0.043337
