0 0.384593 0.772753 0.026577 0.044582
0 0.381770 0.733302 0.023186 0.037363
0 0.421067 0.752304 0.024475 0.036722
0 0.385963 0.587395 0.023836 0.041878
0 0.418813 0.579988 0.023836 0.041224
0 0.457471 0.603819 0.026415 0.043802
0 0.384906 0.438369 0.029284 0.037263
0 0.457053 0.439162 0.025555 0.034609
0 0.456252 0.403760 0.022895 0.042595
0 0.515354 0.340679 0.028215 0.037803
0 0.424040 0.335887 0.022361 0.037803
0 0.415526 0.370748 0.025555 0.036206
0 0.415793 0.402704 0.022895 0.039401
0 0.385440 0.394982 0.025021 0.046317
