0 0.436928 0.948367 0.024010 0.042746
0 0.432537 0.849972 0.024603 0.041576
0 0.393600 0.826845 0.022837 0.049197
0 0.363434 0.821576 0.032792 0.038646
0 0.360797 0.725822 0.026357 0.041576
0 0.466502 0.627440 0.029284 0.043928
0 0.431364 0.507087 0.029284 0.036307
0 0.428739 0.435341 0.026357 0.038068
0 0.634586 0.552764 0.032792 0.023429
0 0.657423 0.551003 0.032792 0.026938
0 0.675288 0.551594 0.024010 0.036307
0 0.676171 0.474579 0.021083 0.036898
0 0.703690 0.584392 0.028111 0.038646
0 0.738828 0.584090 0.024603 0.028698
0 0.809105 0.611908 0.024603 0.039828
0 0.812624 0.476930 0.022256 0.027529
0 0.915693 0.635338 0.025764 0.038646
0 0.921548 0.578242 0.030457 0.025177
0 0.919201 0.593472 0.031630 0.031038
0 0.981030 0.605759 0.029940 0.031038
0 0.986005 0.640909 0.019991 0.040407
0 0.776313 0.584971 0.023429 0.035137
0 0.775140 0.644707 0.022256 0.026938
0 0.772212 0.612789 0.024603 0.033377
