0 0.078538 0.366689 0.035150 0.051448
0 0.113270 0.372688 0.032583 0.044582
0 0.258179 0.372260 0.037729 0.035150
0 0.607577 0.491443 0.036869 0.043727
0 0.532131 0.605482 0.038588 0.042016
0 0.560416 0.206773 0.028297 0.055737
0 0.569000 0.247506 0.033442 0.039438
0 0.530412 0.167334 0.031723 0.052304
0 0.526556 0.126173 0.058301 0.033440
0 0.448531 0.080736 0.058301 0.031729
0 0.386362 0.047296 0.043734 0.031729
0 0.960843 0.028005 0.045442 0.030862
0 0.993214 0.079453 0.005571 0.051448
0 0.178006 0.006715 0.035150 0.013429
0 0.220021 0.005853 0.040296 0.011706
0 0.976652 0.601106 0.031386 0.047701
0 0.725584 0.767448 0.026368 0.041425
0 0.765752 0.785646 0.046452 0.045198
0 0.760107 0.819538 0.035150 0.047701
