0 0.012426 0.237898 0.024852 0.045186
0 0.156508 0.335199 0.033140 0.037363
0 0.054682 0.370751 0.027112 0.031327
0 0.024550 0.438536 0.025904 0.041576
0 0.085406 0.491858 0.025904 0.040973
0 0.087184 0.615593 0.025602 0.041199
0 0.159993 0.651196 0.031201 0.038005
0 0.273783 0.712391 0.025195 0.045198
0 0.273957 0.816017 0.027995 0.036797
0 0.281752 0.867025 0.023604 0.043601
0 0.267754 0.918423 0.029203 0.034395
0 0.346557 0.975015 0.037194 0.029201
0 0.484962 0.969218 0.025997 0.040004
0 0.530520 0.588429 0.024196 0.044532
0 0.561500 0.571728 0.027100 0.042104
0 0.811244 0.628119 0.033884 0.036785
0 0.858916 0.624736 0.023720 0.033880
0 0.862064 0.652567 0.027100 0.030497
0 0.595825 0.357747 0.022256 0.037476
0 0.684258 0.353950 0.048021 0.027529
0 0.618964 0.247355 0.024010 0.045098
0 0.599054 0.257907 0.022837 0.048606
