0 0.007610 0.079275 0.015219 0.038015
0 0.126986 0.006942 0.030280 0.013883
0 0.157597 0.065746 0.028346 0.036715
0 0.235545 0.139507 0.027060 0.038651
0 0.306085 0.029667 0.032852 0.040588
0 0.352785 0.047707 0.025762 0.038015
0 0.383384 0.107302 0.027697 0.034791
0 0.458112 0.010486 0.026411 0.020973
0 0.307158 0.543409 0.029632 0.044448
0 0.405395 0.670637 0.030280 0.045098
0 0.508799 0.685453 0.030917 0.041225
0 0.701086 0.659044 0.041876 0.046384
0 0.641823 0.622330 0.048316 0.038651
0 0.804490 0.657108 0.027060 0.041225
0 0.833791 0.679020 0.028995 0.041225
0 0.851508 0.752449 0.030917 0.037365
0 0.920763 0.712843 0.028995 0.040588
0 0.905298 0.780795 0.022542 0.043811
0 0.944921 0.793687 0.024477 0.037365
0 0.863599 0.071396 0.029242 0.043387
0 0.922438 0.021736 0.040460 0.033200
