0 0.017692 0.824101 0.028074 0.043559
0 0.011028 0.775940 0.022056 0.041145
0 0.202099 0.800133 0.024205 0.041145
0 0.011992 0.692456 0.023985 0.036781
0 0.029794 0.706490 0.023226 0.042591
0 0.320436 0.798688 0.030493 0.027589
0 0.231140 0.725364 0.034845 0.028067
0 0.231860 0.741812 0.027591 0.029035
0 0.229925 0.763114 0.025656 0.028067
0 0.345597 0.717379 0.028558 0.024684
0 0.293812 0.774494 0.034362 0.026621
0 0.187129 0.343719 0.028346 0.046384
0 0.046686 0.044497 0.025762 0.036715
0 0.446099 0.201357 0.028346 0.043811
0 0.649981 0.207153 0.038007 0.032205
0 0.802338 0.079275 0.025762 0.038015
0 0.926986 0.006942 0.030280 0.013883
0 0.957597 0.065746 0.028346 0.036715
