0 0.020157 0.046576 0.024595 0.026356
0 0.023082 0.072626 0.021079 0.035136
0 0.053823 0.042769 0.027520 0.038651
0 0.076672 0.055940 0.024017 0.040415
0 0.082522 0.069416 0.032215 0.032205
0 0.131429 0.021676 0.024595 0.043352
0 0.197309 0.093424 0.041581 0.026356
0 0.222494 0.103969 0.041581 0.022841
0 0.341374 0.108359 0.034550 0.037484
0 0.361580 0.114792 0.024595 0.025772
0 0.370946 0.121530 0.025762 0.032205
0 0.405214 0.071751 0.020501 0.041583
0 0.436249 0.050091 0.040413 0.022841
0 0.454698 0.066485 0.025762 0.034553
0 0.464064 0.074390 0.022259 0.024591
0 0.403751 0.114792 0.026942 0.033969
0 0.508287 0.028709 0.022837 0.042166
0 0.535218 0.038670 0.029867 0.032802
0 0.580903 0.012889 0.022837 0.025778
