0 0.011907 0.077343 0.023815 0.021965
0 0.086882 0.042260 0.031177 0.034009
0 0.076254 0.075924 0.025515 0.038970
0 0.170858 0.208789 0.021964 0.038267
0 0.169089 0.160601 0.025515 0.029764
0 0.199558 0.164501 0.032592 0.034725
0 0.236054 0.168042 0.038974 0.021965
0 0.273259 0.179383 0.028346 0.037564
0 0.200973 0.126951 0.024087 0.033306
0 0.224011 0.121990 0.031885 0.047472
0 0.164842 0.123754 0.032592 0.055271
0 0.397624 0.185763 0.033300 0.038970
0 0.436598 0.205606 0.024807 0.037564
0 0.467775 0.312952 0.029054 0.034009
0 0.549970 0.199226 0.044648 0.031887
0 0.617643 0.193907 0.052433 0.029764
0 0.737054 0.284965 0.048894 0.027642
0 0.847948 0.320393 0.035435 0.026223
0 0.891181 0.311890 0.051018 0.020546
0 0.929447 0.287445 0.042513 0.029764
0 0.976186 0.336349 0.039629 0.025507
0 0.934401 0.340594 0.025515 0.036847
0 0.861419 0.360079 0.026930 0.047472
0 0.898612 0.394804 0.029054 0.030467
0 0.929447 0.396581 0.031177 0.045350
0 0.172191 0.618806 0.029761 0.041808
0 0.675798 0.976778 0.025184 0.038445
0 0.724397 0.957250 0.025184 0.043917
0 0.766568 0.932659 0.026352 0.032205
0 0.774471 0.903080 0.024595 0.032802
0 0.758948 0.894591 0.026352 0.035720
0 0.820157 0.846576 0.024595 0.026356
0 0.823082 0.872626 0.021079 0.035136
0 0.853823 0.842769 0.027520 0.038651
0 0.876672 0.855940 0.024017 0.040415
0 0.882522 0.869416 0.032215 0.032205
0 0.931429 0.820512 0.024595 0.045681
0 0.986259 0.893424 0.019481 0.026356
