0 0.047948 0.320393 0.035435 0.026223
0 0.091181 0.311890 0.051018 0.020546
0 0.129447 0.287445 0.042513 0.029764
0 0.180111 0.336349 0.047479 0.025507
0 0.134401 0.340594 0.025515 0.036847
0 0.061419 0.360079 0.026930 0.047472
0 0.098612 0.394804 0.029054 0.030467
0 0.129447 0.396581 0.031177 0.045350
0 0.267625 0.362559 0.028346 0.039686
0 0.303414 0.303388 0.034727 0.046066
0 0.356201 0.345913 0.034020 0.050310
0 0.404388 0.309065 0.024087 0.043227
0 0.413955 0.283903 0.021964 0.029764
0 0.462849 0.325712 0.036143 0.039686
0 0.513867 0.283545 0.029054 0.036144
0 0.434149 0.386660 0.029761 0.028345
0 0.020157 0.846576 0.024595 0.026356
0 0.023082 0.872626 0.021079 0.035136
0 0.053823 0.842769 0.027520 0.038651
0 0.076672 0.855940 0.024017 0.040415
0 0.082522 0.869416 0.032215 0.032205
0 0.131429 0.820512 0.024595 0.045681
0 0.197309 0.893424 0.041581 0.026356
0 0.222494 0.903969 0.041581 0.022841
0 0.341374 0.908359 0.034550 0.037484
0 0.361580 0.914792 0.024595 0.025772
0 0.370946 0.921530 0.025762 0.032205
0 0.405214 0.871751 0.020501 0.041583
0 0.436249 0.850091 0.040413 0.022841
0 0.454698 0.866485 0.025762 0.034553
0 0.464064 0.874390 0.022259 0.024591
0 0.403751 0.914792 0.026942 0.033969
0 0.508287 0.828709 0.022837 0.042166
0 0.535218 0.838670 0.029867 0.032802
0 0.580903 0.806452 0.022837 0.038651
0 0.722338 0.687859 0.035140 0.031038
0 0.808425 0.671172 0.022259 0.035136
0 0.823064 0.663851 0.024595 0.034553
0 0.842385 0.649499 0.022259 0.039819
0 0.928484 0.654181 0.021079 0.045681
