0 0.011907 0.877343 0.023815 0.021965
0 0.086882 0.842260 0.031177 0.034009
0 0.076254 0.875924 0.025515 0.038970
0 0.170858 0.992828 0.021964 0.006344
0 0.169089 0.960601 0.025515 0.029764
0 0.199558 0.964501 0.032592 0.034725
0 0.236054 0.968042 0.038974 0.021965
0 0.273259 0.978301 0.028346 0.035399
0 0.200973 0.926951 0.024087 0.033306
0 0.224011 0.921990 0.031885 0.047472
0 0.164842 0.923754 0.032592 0.055271
0 0.397624 0.981139 0.033300 0.029722
0 0.436598 0.991412 0.024807 0.009176
0 0.549970 0.989641 0.044648 0.012717
0 0.617643 0.987513 0.052433 0.016975
0 0.315843 0.379744 0.025102 0.046795
0 0.634818 0.036804 0.037665 0.036516
0 0.984596 0.067868 0.022808 0.045681
