0 0.822327 0.484651 0.022294 0.040296
0 0.814188 0.512518 0.023156 0.034301
0 0.861349 0.558823 0.030009 0.044580
0 0.798323 0.583255 0.036013 0.031727
0 0.685140 0.439208 0.025727 0.036874
0 0.379034 0.470936 0.024005 0.038585
0 0.422337 0.465789 0.031719 0.050589
0 0.810331 0.382624 0.027437 0.047154
0 0.851912 0.315734 0.028299 0.048878
0 0.911069 0.173411 0.030009 0.036874
0 0.640763 0.070721 0.036308 0.051876
0 0.641282 0.020312 0.037346 0.040625
0 0.710796 0.017202 0.029054 0.034404
0 0.783943 0.092500 0.030092 0.041503
0 0.983086 0.004754 0.025827 0.009508
