0 0.772860 0.298740 0.035849 0.057359
0 0.731627 0.339977 0.032271 0.060943
0 0.548792 0.390167 0.039439 0.060943
0 0.365945 0.266483 0.053774 0.043022
0 0.407166 0.277235 0.035849 0.064527
0 0.407166 0.341762 0.035849 0.050191
0 0.451824 0.330155 0.057883 0.028937
0 0.449593 0.305669 0.057883 0.020034
0 0.253698 0.317906 0.044528 0.031163
0 0.339400 0.311228 0.042296 0.031163
0 0.174667 0.411408 0.037845 0.035615
0 0.121236 0.393601 0.033393 0.044519
0 0.091184 0.444798 0.022258 0.044519
0 0.047778 0.382471 0.033393 0.040067
0 0.035533 0.323477 0.035613 0.046745
0 0.051120 0.347962 0.040065 0.028937
