0 0.970503 0.866436 0.026757 0.048506
0 0.860122 0.849710 0.026757 0.048506
0 0.930368 0.741833 0.040135 0.046833
0 0.864302 0.742663 0.028434 0.055196
0 0.794056 0.714241 0.031775 0.055196
0 0.753083 0.821276 0.026757 0.045160
0 0.610076 0.795357 0.035129 0.046833
0 0.567425 0.704206 0.036794 0.048506
0 0.642690 0.712569 0.020074 0.048506
0 0.677818 0.664063 0.046831 0.021744
0 0.687855 0.688310 0.053526 0.033452
0 0.677818 0.677444 0.046831 0.025089
0 0.431126 0.639804 0.031775 0.046833
0 0.353346 0.658203 0.030110 0.043488
0 0.282262 0.674929 0.028434 0.040143
0 0.207836 0.722604 0.023415 0.048506
0 0.177738 0.725950 0.030110 0.045160
0 0.138429 0.603019 0.028434 0.046833
0 0.256344 0.638974 0.040135 0.021744
0 0.190278 0.624751 0.048507 0.023417
0 0.202818 0.627266 0.023415 0.038470
0 0.227072 0.618060 0.045154 0.026762
0 0.036408 0.519389 0.031775 0.043488
0 0.498632 0.600743 0.044233 0.026259
0 0.495869 0.623556 0.024879 0.041463
