0 0.977738 0.725950 0.030110 0.045160
0 0.938429 0.603019 0.028434 0.046833
0 0.981012 0.624751 0.029976 0.023417
0 0.993555 0.627266 0.004890 0.038470
0 0.836408 0.519389 0.031775 0.043488
0 0.669703 0.658806 0.027643 0.037326
0 0.626851 0.501921 0.027643 0.046997
0 0.566040 0.539925 0.024879 0.048380
0 0.566040 0.425207 0.024879 0.051147
0 0.422974 0.356089 0.045614 0.023505
0 0.393254 0.429345 0.033169 0.042846
0 0.461681 0.457691 0.026261 0.049763
0 0.452695 0.407928 0.041470 0.046997
0 0.453380 0.381656 0.020735 0.046997
0 0.491390 0.367144 0.038707 0.048380
0 0.519044 0.373369 0.038707 0.035942
0 0.494850 0.409311 0.031787 0.041463
0 0.525952 0.413449 0.030406 0.044230
0 0.522492 0.425207 0.020735 0.037326
