0 0.974667 0.411408 0.037845 0.035615
0 0.921236 0.393601 0.033393 0.044519
0 0.891184 0.444798 0.022258 0.044519
0 0.847778 0.382471 0.033393 0.040067
0 0.835533 0.323477 0.035613 0.046745
0 0.851120 0.347962 0.040065 0.028937
0 0.749831 0.343511 0.046748 0.033389
0 0.708645 0.391375 0.040065 0.031163
0 0.580646 0.434787 0.024490 0.051197
0 0.400326 0.400279 0.037845 0.026711
0 0.337991 0.416967 0.042296 0.046745
0 0.366933 0.583926 0.046748 0.037841
0 0.296817 0.609531 0.031161 0.057875
0 0.129852 0.419193 0.048980 0.033389
0 0.168806 0.837710 0.028941 0.055649
