0 0.738001 0.562622 0.058900 0.039899
0 0.722794 0.462868 0.051302 0.057009
0 0.732297 0.403014 0.043704 0.047504
0 0.661989 0.423914 0.032307 0.047504
0 0.582179 0.390662 0.028497 0.045602
0 0.613539 0.426771 0.026603 0.041800
0 0.605942 0.468572 0.041799 0.041800
0 0.676238 0.483768 0.022805 0.045602
0 0.661989 0.477121 0.024698 0.036109
0 0.661989 0.517020 0.039905 0.043701
0 0.604983 0.367861 0.043704 0.041800
0 0.611634 0.337455 0.057006 0.041800
0 0.521374 0.230097 0.039905 0.055108
0 0.482427 0.254799 0.045609 0.051306
0 0.457717 0.224394 0.038000 0.055108
0 0.406416 0.200648 0.053207 0.053207
0 0.275304 0.230097 0.030402 0.043701
0 0.253457 0.239603 0.043704 0.055108
0 0.187781 0.226378 0.029364 0.041458
0 0.135966 0.152955 0.046636 0.036274
0 0.096232 0.137416 0.029364 0.043182
0 0.040093 0.091637 0.048370 0.027643
0 0.030591 0.130508 0.046636 0.043182
0 0.013133 0.322247 0.026267 0.032826
