0 0.062322 0.238713 0.025197 0.031921
0 0.149400 0.161988 0.028000 0.040882
0 0.166479 0.291898 0.028553 0.042001
0 0.121124 0.271470 0.022960 0.038079
0 0.131756 0.298622 0.022960 0.040882
0 0.115519 0.317096 0.031921 0.034158
0 0.122242 0.399696 0.030802 0.043672
0 0.273715 0.448407 0.028000 0.043672
0 0.422939 0.150791 0.031921 0.035277
0 0.727834 0.279299 0.029118 0.044803
0 0.800635 0.327458 0.039197 0.032474
0 0.767031 0.373097 0.030237 0.038632
0 0.775715 0.382340 0.033039 0.031356
0 0.970017 0.161988 0.031921 0.031921
