0 0.012263 0.578626 0.024526 0.046076
0 0.079753 0.618942 0.037260 0.045395
0 0.159370 0.576594 0.032520 0.048789
0 0.190876 0.574563 0.033201 0.050138
0 0.332477 0.608104 0.031840 0.044045
0 0.481205 0.532897 0.036591 0.041332
0 0.496105 0.508843 0.025751 0.031163
0 0.891122 0.388910 0.035230 0.039301
0 0.970058 0.412295 0.030491 0.039969
0 0.968029 0.465146 0.035911 0.039969
0 0.910426 0.260864 0.033201 0.040651
0 0.659478 0.118792 0.029568 0.041268
0 0.920955 0.017974 0.025255 0.035948
0 0.933156 0.048316 0.036960 0.040651
