0 0.632806 0.913684 0.014001 0.022799
0 0.653204 0.916086 0.014001 0.022799
0 0.666003 0.919685 0.014001 0.022799
0 0.719203 0.964884 0.014001 0.022799
0 0.801607 0.978888 0.014001 0.022799
0 0.929207 0.936888 0.014001 0.022799
0 0.919604 0.915686 0.014001 0.022799
0 0.882003 0.994744 0.014001 0.002513
0 0.777883 0.995678 0.009202 0.000644
0 0.914882 0.990877 0.030798 0.010246
0 0.941083 0.995678 0.009202 0.000644
0 0.890274 0.800077 0.011133 0.020326
0 0.590455 0.906322 0.009202 0.016799
0 0.566855 0.892518 0.028002 0.025999
0 0.262870 0.965458 0.018800 0.016799
