0 0.227541 0.508087 0.027438 0.050590
0 0.340288 0.469069 0.030006 0.048021
0 0.044902 0.691580 0.029154 0.043732
0 0.453828 0.164271 0.027438 0.039442
0 0.476794 0.335345 0.025770 0.039945
0 0.816621 0.292513 0.023830 0.041878
0 0.750586 0.215523 0.027060 0.043811
0 0.740600 0.199423 0.034147 0.027063
0 0.917429 0.252251 0.028349 0.038648
0 0.972839 0.436485 0.028349 0.042514
0 0.901007 0.426820 0.040584 0.028347
0 0.958983 0.507028 0.036715 0.034146
0 0.964462 0.112449 0.029639 0.036079
0 0.935473 0.092801 0.033496 0.030280
0 0.911963 0.150461 0.040584 0.032213
0 0.827246 0.006949 0.025770 0.013897
