0 0.718471 0.827661 0.028349 0.039296
0 0.743910 0.967449 0.027699 0.036715
0 0.552255 0.890789 0.033496 0.038012
0 0.651467 0.687542 0.025770 0.041229
0 0.016621 0.292513 0.023830 0.041878
0 0.117429 0.252251 0.028349 0.038648
0 0.213103 0.221004 0.026409 0.032848
0 0.226946 0.251920 0.020611 0.027698
0 0.172839 0.436485 0.028349 0.042514
0 0.101007 0.426820 0.040584 0.028347
0 0.158983 0.507028 0.036715 0.034146
0 0.386063 0.356608 0.029639 0.043811
0 0.346130 0.203289 0.034786 0.032213
0 0.164462 0.112449 0.029639 0.036079
0 0.135473 0.092801 0.033496 0.030280
0 0.111963 0.150461 0.040584 0.032213
0 0.027246 0.006949 0.025770 0.013897
0 0.546470 0.219389 0.024480 0.032213
0 0.581267 0.324395 0.037365 0.041229
0 0.570631 0.129529 0.027699 0.035430
0 0.714614 0.103764 0.039945 0.032848
0 0.839915 0.132429 0.040584 0.024481
0 0.934110 0.822338 0.028290 0.048021
0 0.341646 0.986994 0.031130 0.018012
0 0.610445 0.903950 0.031130 0.033007
0 0.399244 0.782023 0.032739 0.042871
0 0.382088 0.738768 0.026504 0.043652
0 0.316231 0.647173 0.035082 0.039760
0 0.467834 0.505307 0.049884 0.042871
0 0.543831 0.570395 0.030396 0.042090
0 0.618278 0.553633 0.045210 0.031961
0 0.671285 0.394620 0.037413 0.044433
0 0.744549 0.413328 0.045210 0.036635
0 0.715324 0.450361 0.049103 0.038979
0 0.741047 0.523234 0.041317 0.031961
0 0.803792 0.523631 0.028066 0.046764
0 0.799899 0.606248 0.031177 0.037416
0 0.828734 0.615609 0.032739 0.042090
0 0.893822 0.536487 0.031958 0.033524
0 0.898898 0.564940 0.028066 0.029618
0 0.948391 0.486215 0.041317 0.040528
0 0.853687 0.440616 0.031177 0.044433
