0 0.175403 0.490108 0.033011 0.045784
0 0.200688 0.471995 0.029284 0.043652
0 0.148781 0.440855 0.038336 0.042063
0 0.200688 0.428873 0.022895 0.038330
0 0.220116 0.425417 0.027687 0.046314
0 0.526542 0.376628 0.037365 0.036079
0 0.225819 0.274190 0.034845 0.049372
0 0.252441 0.129238 0.031946 0.042103
0 0.298172 0.092934 0.032432 0.044049
0 0.329882 0.153918 0.027107 0.036304
0 0.333029 0.991906 0.032207 0.008187
0 0.221170 0.945934 0.032207 0.045095
0 0.289109 0.992780 0.028693 0.006440
0 0.292623 0.958817 0.028693 0.034556
