0 0.587118 0.941300 0.028988 0.037363
0 0.665068 0.912000 0.022552 0.038012
0 0.704362 0.772199 0.032857 0.045744
0 0.628341 0.774450 0.023830 0.036079
0 0.551043 0.675243 0.030278 0.042514
0 0.485008 0.632093 0.028349 0.039945
0 0.306238 0.819545 0.035437 0.043811
0 0.296524 0.406418 0.032857 0.036079
0 0.214067 0.476960 0.030278 0.045744
0 0.063647 0.386452 0.027060 0.046380
0 0.166396 0.246651 0.028988 0.034781
0 0.249066 0.030706 0.042796 0.026401
0 0.591567 0.054247 0.039945 0.052497
0 0.530514 0.154672 0.029675 0.036516
