0 0.010921 0.622891 0.021842 0.036794
0 0.128442 0.610882 0.038004 0.032001
0 0.182242 0.664888 0.025604 0.041600
0 0.200239 0.662081 0.028799 0.039204
0 0.258843 0.690084 0.027604 0.039204
0 0.288245 0.717490 0.026397 0.035602
0 0.327042 0.693288 0.024800 0.035205
0 0.306845 0.624281 0.027604 0.040395
0 0.254441 0.561682 0.030799 0.045599
0 0.330639 0.540485 0.023203 0.047995
0 0.360243 0.516891 0.032798 0.037602
0 0.382440 0.595881 0.027604 0.038806
0 0.438843 0.526887 0.029201 0.036794
0 0.415640 0.467691 0.034798 0.044804
0 0.481237 0.552692 0.025202 0.040395
0 0.538646 0.497084 0.032798 0.045996
0 0.325930 0.025409 0.033011 0.050047
0 0.354138 0.096481 0.030882 0.037800
0 0.114563 0.100467 0.034076 0.044725
0 0.645323 0.418134 0.026835 0.044884
0 0.443789 0.903671 0.025557 0.048445
0 0.487449 0.779626 0.031946 0.032478
0 0.502357 0.714935 0.027687 0.042593
0 0.433140 0.694175 0.042595 0.035139
0 0.539084 0.690441 0.024492 0.042593
0 0.609093 0.746883 0.030349 0.035139
0 0.576626 0.851228 0.032479 0.036198
0 0.520981 0.914581 0.025557 0.037271
