0 0.981163 0.914437 0.029284 0.042063
0 0.972916 0.872916 0.031946 0.034609
0 0.566557 0.992132 0.022398 0.007737
0 0.534351 0.984535 0.023605 0.022930
0 0.339454 0.911233 0.024634 0.034755
0 0.338567 0.942903 0.034325 0.031246
0 0.225926 0.860630 0.021120 0.032120
0 0.113534 0.825967 0.032006 0.031604
0 0.085729 0.832164 0.030799 0.029605
0 0.011365 0.726773 0.022729 0.028400
0 0.009968 0.697764 0.019937 0.033603
0 0.045133 0.759966 0.032006 0.041997
0 0.044601 0.516350 0.028113 0.043335
0 0.017659 0.294686 0.028113 0.043917
0 0.333029 0.203330 0.032207 0.031035
0 0.341820 0.273012 0.028693 0.038065
0 0.366123 0.287073 0.032798 0.036900
0 0.347381 0.338312 0.028113 0.032795
0 0.221170 0.145934 0.032207 0.045095
0 0.260700 0.209182 0.025770 0.033378
0 0.289109 0.206838 0.028693 0.034556
0 0.292623 0.158817 0.028693 0.034556
0 0.634864 0.456558 0.032739 0.045996
0 0.687362 0.314612 0.022895 0.034080
0 0.690557 0.345223 0.026090 0.037800
0 0.940247 0.361985 0.030349 0.042593
