0 0.559059 0.632928 0.039424 0.036317
0 0.588627 0.541109 0.036312 0.045652
0 0.119453 0.383553 0.035082 0.048326
0 0.218451 0.442404 0.035082 0.042871
0 0.331813 0.574990 0.032479 0.037271
0 0.461977 0.596015 0.040465 0.031405
0 0.663760 0.517224 0.026622 0.045254
0 0.713537 0.485011 0.032479 0.042593
0 0.771573 0.465574 0.045257 0.030346
0 0.853025 0.400619 0.028219 0.039932
0 0.884711 0.417924 0.027687 0.037271
0 0.168224 0.031501 0.030467 0.039680
0 0.333328 0.037168 0.029059 0.039680
0 0.490646 0.018581 0.044642 0.037161
0 0.887823 0.046383 0.043932 0.043930
