0 0.136300 0.088968 0.020751 0.020752
0 0.177797 0.089912 0.020751 0.022635
0 0.200837 0.073857 0.019999 0.019201
0 0.214436 0.069860 0.019999 0.019201
0 0.177638 0.053858 0.019999 0.008801
0 0.223037 0.194258 0.024402 0.008801
0 0.217841 0.201861 0.024402 0.008801
0 0.171837 0.318657 0.024402 0.008801
0 0.239037 0.341058 0.024402 0.008801
0 0.268237 0.387057 0.024402 0.008801
0 0.354637 0.441461 0.024402 0.008801
0 0.523039 0.429060 0.024402 0.008801
0 0.536637 0.384259 0.024402 0.008801
0 0.569841 0.379861 0.027602 0.023599
0 0.457037 0.406258 0.022001 0.024401
0 0.501038 0.415059 0.024402 0.012000
0 0.234639 0.355660 0.024402 0.016398
0 0.208640 0.344859 0.024402 0.016398
0 0.254638 0.234461 0.024402 0.016398
0 0.679921 0.324586 0.024402 0.016398
0 0.895119 0.132590 0.024402 0.016398
0 0.937523 0.136988 0.024402 0.016398
0 0.972723 0.225386 0.024402 0.016398
0 0.887122 0.244988 0.024402 0.016398
0 0.889923 0.364187 0.024402 0.016398
0 0.832722 0.512586 0.024402 0.016398
0 0.903122 0.513789 0.024402 0.016398
0 0.874122 0.315986 0.012001 0.024000
0 0.856520 0.324787 0.012001 0.024000
0 0.942121 0.444788 0.012001 0.024000
0 0.959324 0.454386 0.012001 0.024000
0 0.784410 0.157696 0.012001 0.024000
0 0.366725 0.639567 0.029041 0.014519
0 0.723830 0.635497 0.026399 0.013199
0 0.749348 0.608219 0.026399 0.013199
0 0.513070 0.659698 0.026399 0.013199
0 0.570711 0.710741 0.026399 0.013199
0 0.530232 0.722619 0.026399 0.013199
0 0.597550 0.757817 0.026399 0.013199
0 0.596669 0.783338 0.026399 0.013199
0 0.517908 0.708099 0.026399 0.013199
0 0.909071 0.664541 0.026399 0.013199
0 0.903793 0.790378 0.026399 0.013199
0 0.849244 0.930632 0.020680 0.008360
0 0.851881 0.915232 0.020680 0.008360
0 0.842204 0.922711 0.020680 0.008360
0 0.503844 0.984752 0.020680 0.012758
0 0.487562 0.991146 0.020680 0.009707
0 0.532004 0.914351 0.020680 0.012758
0 0.428605 0.899391 0.020680 0.012758
0 0.391900 0.321098 0.046771 0.030472
0 0.549217 0.868156 0.022676 0.029054
0 0.686592 0.798645 0.037417 0.024166
0 0.941486 0.784229 0.028063 0.021823
