0 0.928891 0.011764 0.032640 0.022381
0 0.985068 0.024170 0.017372 0.012739
0 0.949453 0.102921 0.020265 0.036480
0 0.931794 0.053698 0.012739 0.028951
0 0.976650 0.419429 0.024218 0.011056
0 0.960594 0.329939 0.022636 0.022112
0 0.136300 0.888968 0.020751 0.020752
0 0.177797 0.889912 0.020751 0.022635
0 0.200837 0.873857 0.019999 0.019201
0 0.214436 0.869860 0.019999 0.019201
0 0.177638 0.853858 0.019999 0.008801
0 0.223037 0.992929 0.024402 0.006142
0 0.895119 0.932590 0.024402 0.016398
0 0.937523 0.936988 0.024402 0.016398
0 0.784410 0.957696 0.012001 0.024000
