0 0.656343 0.818246 0.031944 0.015972
0 0.656343 0.752762 0.031944 0.015972
0 0.649421 0.870953 0.031944 0.015972
0 0.616412 0.893847 0.031944 0.015972
0 0.600832 0.928884 0.026399 0.013199
0 0.685312 0.556201 0.026399 0.013199
0 0.671672 0.572482 0.026399 0.013199
0 0.663752 0.592280 0.026399 0.013199
0 0.634491 0.849022 0.015401 0.022440
0 0.657372 0.707340 0.015401 0.022440
0 0.661550 0.654760 0.018478 0.023760
0 0.686853 0.631000 0.020680 0.023760
0 0.824602 0.408933 0.020680 0.023760
0 0.845281 0.391771 0.020680 0.023760
0 0.868163 0.397270 0.020680 0.008360
0 0.919204 0.304430 0.020680 0.008360
0 0.820204 0.385833 0.020680 0.008360
0 0.725601 0.370433 0.020680 0.008360
0 0.797322 0.294753 0.020680 0.008360
0 0.755523 0.339192 0.020680 0.008360
0 0.808325 0.257794 0.020680 0.008360
0 0.862884 0.246352 0.020680 0.008360
0 0.812283 0.229631 0.020680 0.008360
0 0.849244 0.130632 0.020680 0.008360
0 0.851881 0.115232 0.020680 0.008360
0 0.842204 0.122711 0.020680 0.008360
0 0.563901 0.285072 0.021120 0.023760
0 0.557522 0.272314 0.020680 0.008360
0 0.503844 0.184752 0.020680 0.012758
0 0.487562 0.192672 0.020680 0.012758
0 0.532004 0.114351 0.020680 0.012758
0 0.428605 0.099391 0.020680 0.012758
0 0.549217 0.068156 0.022676 0.029054
0 0.920888 0.212357 0.030469 0.024093
0 0.686592 0.005364 0.037417 0.010729
0 0.928374 0.364088 0.031887 0.041807
