0 0.450550 0.031942 0.026839 0.021559
0 0.404352 0.011902 0.020680 0.023804
0 0.553733 0.012804 0.008801 0.021559
0 0.678252 0.001670 0.022001 0.003341
0 0.095119 0.132590 0.024402 0.016398
0 0.137523 0.136988 0.024402 0.016398
0 0.172723 0.225386 0.024402 0.016398
0 0.273521 0.242185 0.024402 0.016398
0 0.087122 0.244988 0.024402 0.016398
0 0.089923 0.364187 0.024402 0.016398
0 0.032722 0.512586 0.024402 0.016398
0 0.103122 0.513789 0.024402 0.016398
0 0.074122 0.315986 0.012001 0.024000
0 0.056520 0.324787 0.012001 0.024000
0 0.142121 0.444788 0.012001 0.024000
0 0.159324 0.454386 0.012001 0.024000
0 0.491750 0.435659 0.012001 0.024000
0 0.501151 0.357456 0.029199 0.021598
0 0.432148 0.171256 0.029599 0.026798
0 0.109071 0.664541 0.026399 0.013199
0 0.103793 0.790378 0.026399 0.013199
0 0.471188 0.642977 0.026399 0.013199
0 0.516951 0.715579 0.026399 0.013199
0 0.612869 0.783779 0.026399 0.013199
0 0.049244 0.930632 0.020680 0.008360
0 0.051881 0.915232 0.020680 0.008360
0 0.042204 0.922711 0.020680 0.008360
0 0.141486 0.784229 0.028063 0.021823
