0 0.024602 0.408933 0.020680 0.023760
0 0.045281 0.391771 0.020680 0.023760
0 0.068163 0.397270 0.020680 0.008360
0 0.119204 0.304430 0.020680 0.008360
0 0.020204 0.385833 0.020680 0.008360
0 0.003831 0.294753 0.007662 0.008360
0 0.009332 0.257794 0.018665 0.008360
0 0.062884 0.246352 0.020680 0.008360
0 0.012283 0.229631 0.020680 0.008360
0 0.049244 0.130632 0.020680 0.008360
0 0.051881 0.115232 0.020680 0.008360
0 0.042204 0.122711 0.020680 0.008360
0 0.120888 0.212357 0.030469 0.024093
0 0.128374 0.364088 0.031887 0.041807
