0 0.982960 0.830134 0.026081 0.039545
0 0.898529 0.897138 0.030759 0.048331
0 0.738169 0.979514 0.035148 0.032972
0 0.694232 0.982811 0.041737 0.026379
0 0.681603 0.928439 0.027458 0.034045
0 0.643166 0.974571 0.031847 0.036245
0 0.457548 0.945456 0.036248 0.035145
0 0.415811 0.922396 0.027458 0.048331
0 0.347704 0.961385 0.029658 0.051618
0 0.279059 0.915810 0.030759 0.035145
0 0.198335 0.896581 0.029658 0.045031
0 0.139029 0.871322 0.029658 0.040645
0 0.096742 0.927883 0.028558 0.048331
0 0.179666 0.990500 0.047227 0.011000
