0 0.982960 0.030134 0.026081 0.039545
0 0.898529 0.097138 0.030759 0.048331
0 0.738169 0.181701 0.035148 0.037345
0 0.694232 0.183900 0.041737 0.028559
0 0.681603 0.128439 0.027458 0.034045
0 0.643166 0.174571 0.031847 0.036245
0 0.524544 0.231131 0.038437 0.037345
0 0.457548 0.145456 0.036248 0.035145
0 0.415811 0.122396 0.027458 0.048331
0 0.347704 0.161385 0.029658 0.051618
0 0.279059 0.115810 0.030759 0.035145
0 0.198335 0.096581 0.029658 0.045031
0 0.139029 0.071322 0.029658 0.040645
0 0.096742 0.127883 0.028558 0.048331
0 0.179666 0.197630 0.047227 0.025259
