0 0.649382 0.664944 0.055904 0.034788
0 0.718959 0.655001 0.048449 0.037268
0 0.776099 0.556866 0.053419 0.049690
0 0.618851 0.479113 0.068329 0.042360
0 0.617481 0.434709 0.043735 0.046461
0 0.659845 0.379357 0.057395 0.036893
0 0.617481 0.340408 0.051928 0.030059
0 0.543000 0.259099 0.050558 0.034159
0 0.568293 0.215372 0.051928 0.045094
0 0.612014 0.229040 0.049201 0.036893
0 0.530710 0.424451 0.045091 0.039626
0 0.754138 0.104004 0.049201 0.032792
0 0.441199 0.056854 0.051928 0.034159
0 0.991907 0.050019 0.008186 0.056029
