0 0.975440 0.945329 0.041120 0.074971
0 0.914622 0.949490 0.069414 0.088855
0 0.847975 0.887016 0.047206 0.102740
0 0.810495 0.864796 0.044427 0.102740
0 0.954285 0.344240 0.076022 0.098384
0 0.788824 0.225736 0.084966 0.102856
0 0.688201 0.185483 0.062607 0.093911
0 0.603234 0.165362 0.071551 0.125219
0 0.489206 0.075924 0.076022 0.107329
0 0.702504 0.953565 0.085527 0.084871
0 0.497858 0.942879 0.067195 0.106242
0 0.387905 0.911129 0.061089 0.079417
0 0.328346 0.915719 0.051923 0.094689
0 0.111476 0.877540 0.088574 0.091630
