0 0.977495 0.972551 0.037009 0.046899
0 0.983590 0.898295 0.024819 0.109766
0 0.631718 0.936915 0.085375 0.113837
0 0.969363 0.499885 0.053274 0.052854
0 0.983152 0.402357 0.025695 0.064146
0 0.983152 0.145787 0.025695 0.088583
0 0.916858 0.012569 0.070254 0.025137
0 0.707624 0.359589 0.048876 0.070252
0 0.759559 0.388603 0.054982 0.048874
0 0.855769 0.440536 0.070254 0.048874
0 0.843544 0.474126 0.064148 0.036649
0 0.990791 0.329046 0.010417 0.064146
0 0.767183 0.461914 0.058030 0.042755
0 0.565597 0.376390 0.039710 0.061086
0 0.557961 0.338211 0.030544 0.058040
0 0.470916 0.333635 0.045817 0.073311
0 0.333467 0.245052 0.033604 0.067192
0 0.273907 0.976362 0.042758 0.039276
0 0.098277 0.933816 0.051923 0.088583
