0 0.850455 0.960251 0.052752 0.071498
0 0.613035 0.906449 0.049985 0.069422
0 0.617203 0.825930 0.047206 0.080519
0 0.514466 0.846750 0.063868 0.083307
0 0.320096 0.875906 0.063868 0.069422
0 0.374237 0.727352 0.055531 0.088855
0 0.184035 0.945329 0.058310 0.074971
0 0.114622 0.949490 0.069414 0.088855
0 0.047975 0.887016 0.047206 0.102740
0 0.016354 0.864796 0.032709 0.102740
0 0.692175 0.498265 0.052752 0.080519
0 0.817131 0.403861 0.047206 0.069422
0 0.868494 0.237261 0.049985 0.086081
0 0.973901 0.233099 0.044198 0.077745
0 0.824067 0.017971 0.077750 0.035943
0 0.728277 0.253920 0.036102 0.069422
0 0.696343 0.273353 0.038869 0.047202
0 0.642202 0.237261 0.047206 0.063861
0 0.528349 0.241422 0.058310 0.061086
0 0.514466 0.198382 0.047206 0.080519
0 0.592217 0.065099 0.052752 0.058312
0 0.154285 0.344240 0.076022 0.098384
0 0.015654 0.225736 0.031307 0.102856
