0 0.710433 0.017148 0.048876 0.034296
0 0.898277 0.933816 0.051923 0.088583
0 0.788324 0.939923 0.045817 0.082464
0 0.753191 0.924651 0.042758 0.082464
0 0.689055 0.930757 0.042758 0.076358
0 0.617271 0.946042 0.051923 0.088583
0 0.582149 0.884942 0.036651 0.088583
0 0.475244 0.953677 0.042758 0.079417
0 0.406519 0.927710 0.064148 0.082464
0 0.411096 0.842187 0.061089 0.076358
0 0.327110 0.892578 0.058030 0.103855
0 0.261433 0.891061 0.048876 0.076358
0 0.243113 0.619219 0.061089 0.106901
0 0.154271 0.986629 0.055531 0.018741
0 0.159828 0.748172 0.061089 0.080519
0 0.009105 0.967536 0.018210 0.052763
