0 0.056669 0.223943 0.029122 0.027155
0 0.086296 0.231599 0.032092 0.038514
0 0.005255 0.303427 0.010509 0.038015
0 0.291426 0.194569 0.038513 0.024687
0 0.304015 0.122728 0.026164 0.048875
0 0.134681 0.121007 0.028136 0.037516
0 0.350908 0.239241 0.042950 0.022218
0 0.435822 0.162975 0.042950 0.033576
0 0.548884 0.261459 0.042950 0.026170
0 0.527902 0.284662 0.029627 0.033078
0 0.678719 0.270349 0.053807 0.038015
0 0.722907 0.332801 0.035543 0.044436
0 0.892493 0.217273 0.033078 0.038514
0 0.773372 0.120297 0.033667 0.033664
0 0.928409 0.461060 0.022268 0.043987
0 0.933303 0.557724 0.028785 0.035297
