0 0.014505 0.767341 0.029010 0.034880
0 0.126310 0.641894 0.022028 0.032428
0 0.137932 0.620476 0.022028 0.033654
0 0.140388 0.577025 0.028154 0.042224
0 0.193621 0.559285 0.028154 0.036106
0 0.181076 0.603949 0.023863 0.037333
0 0.279289 0.587728 0.028154 0.034267
0 0.340484 0.495029 0.025699 0.038546
0 0.429823 0.586821 0.029370 0.038546
0 0.442065 0.708896 0.026927 0.035493
0 0.524984 0.680747 0.025091 0.031815
0 0.564760 0.724197 0.028762 0.035493
0 0.547339 0.689112 0.030352 0.034689
0 0.568478 0.675025 0.037941 0.032518
0 0.132063 0.217966 0.039425 0.021508
