0 0.073455 0.352506 0.029623 0.038367
0 0.084232 0.392891 0.025583 0.027600
0 0.224485 0.508695 0.044453 0.026017
0 0.363311 0.670810 0.028317 0.030844
0 0.425267 0.679405 0.025789 0.036924
0 0.332466 0.694323 0.032369 0.022249
0 0.205700 0.980120 0.023430 0.031760
0 0.398958 0.936289 0.037268 0.045251
0 0.341333 0.178347 0.048106 0.022632
0 0.393212 0.144859 0.044332 0.033016
0 0.437810 0.104614 0.053851 0.034727
0 0.504060 0.070602 0.051735 0.031892
0 0.543747 0.036935 0.033300 0.031176
0 0.565000 0.023078 0.027639 0.046157
0 0.591575 0.004648 0.043933 0.009297
0 0.733304 0.008547 0.034014 0.017094
0 0.810186 0.005715 0.048892 0.011430
0 0.895934 0.003943 0.047477 0.007886
