0 0.984688 0.315313 0.022624 0.059229
0 0.973301 0.422387 0.045397 0.036450
0 0.991521 0.438332 0.008958 0.059229
0 0.804799 0.237852 0.027343 0.068338
0 0.709457 0.230301 0.026583 0.091130
0 0.730346 0.230301 0.030371 0.083529
0 0.749331 0.014537 0.045568 0.029074
0 0.350653 0.315733 0.053155 0.049353
0 0.316482 0.188536 0.068340 0.075940
0 0.270915 0.281557 0.037969 0.056955
0 0.269021 0.334718 0.041769 0.064544
0 0.221559 0.338512 0.053155 0.064544
0 0.071587 0.148675 0.049356 0.064544
0 0.021555 0.198029 0.043110 0.049353
