0 0.988754 0.031912 0.014492 0.040406
0 0.924076 0.538509 0.028002 0.039198
0 0.902666 0.636919 0.028401 0.038406
0 0.904469 0.757915 0.028002 0.048406
0 0.796476 0.651115 0.045602 0.026794
0 0.660468 0.554315 0.033603 0.031600
0 0.736068 0.506714 0.035199 0.043601
0 0.568067 0.485921 0.032006 0.033197
0 0.569676 0.515118 0.025595 0.032405
0 0.510466 0.524521 0.031196 0.042406
0 0.471069 0.503312 0.027603 0.038406
0 0.457667 0.550510 0.029599 0.040003
0 0.552330 0.713211 0.025196 0.040003
0 0.695934 0.800412 0.027603 0.041601
0 0.357330 0.477608 0.028002 0.042406
0 0.237338 0.351209 0.023998 0.040795
0 0.162536 0.371418 0.030397 0.028405
0 0.133337 0.327012 0.023200 0.038003
0 0.310289 0.776553 0.041997 0.039198
0 0.185894 0.708353 0.022003 0.037198
0 0.041697 0.704950 0.023200 0.035197
0 0.025489 0.812348 0.031595 0.035600
0 0.052088 0.861547 0.027204 0.036405
0 0.072699 0.534470 0.033881 0.024197
0 0.024074 0.333390 0.025523 0.036522
