0 0.008805 0.038034 0.017610 0.044445
0 0.054787 0.113494 0.020684 0.042237
0 0.140366 0.052333 0.022003 0.040484
0 0.218470 0.094350 0.029478 0.038276
0 0.365618 0.030656 0.034292 0.035081
0 0.722268 0.098129 0.027276 0.040042
0 0.580588 0.263129 0.029042 0.033003
0 0.576185 0.383462 0.029926 0.029924
0 0.961745 0.931257 0.023236 0.038237
0 0.918042 0.621662 0.025764 0.035133
0 0.027873 0.520849 0.025764 0.040406
0 0.042800 0.575009 0.028692 0.040990
0 0.205322 0.536357 0.050368 0.025768
0 0.304001 0.583802 0.041586 0.035133
0 0.359763 0.911217 0.033494 0.033496
0 0.395193 0.849693 0.027059 0.045744
0 0.263769 0.852914 0.033494 0.040587
0 0.568165 0.928283 0.025123 0.030275
0 0.569447 0.967260 0.043159 0.024482
0 0.794917 0.945038 0.025123 0.039302
0 0.558174 0.907671 0.023188 0.031561
0 0.152099 0.947947 0.054565 0.031184
