0 0.065676 0.373566 0.036844 0.034717
0 0.102533 0.380293 0.026926 0.034016
0 0.175157 0.362227 0.041804 0.030470
0 0.125443 0.285806 0.041526 0.028755
0 0.090703 0.240491 0.021603 0.040003
0 0.017498 0.200487 0.032804 0.044796
0 0.457333 0.307080 0.035429 0.034717
0 0.358121 0.375111 0.028341 0.038977
0 0.514535 0.538137 0.022269 0.037756
0 0.112742 0.551150 0.029865 0.038652
0 0.211421 0.660081 0.028111 0.043341
0 0.348904 0.480872 0.022753 0.036301
0 0.389801 0.754088 0.028075 0.050341
0 0.497975 0.745373 0.034365 0.035821
0 0.591393 0.820405 0.029526 0.044523
0 0.923234 0.830146 0.025523 0.045315
0 0.817636 0.711344 0.034316 0.025080
0 0.820273 0.636326 0.030796 0.036081
0 0.863613 0.633897 0.020684 0.030366
0 0.970542 0.695720 0.024204 0.041354
0 0.972139 0.004688 0.031946 0.009376
