0 0.043945 0.267172 0.026623 0.034847
0 0.174134 0.236923 0.047912 0.023716
0 0.270455 0.241767 0.024688 0.035327
0 0.321028 0.232078 0.027107 0.045978
0 0.270939 0.329605 0.029526 0.032912
0 0.188904 0.394948 0.025172 0.031950
0 0.169054 0.376076 0.023236 0.033886
0 0.062089 0.073092 0.030978 0.032912
0 0.396906 0.349996 0.025184 0.029288
0 0.388415 0.383376 0.024591 0.035133
0 0.423639 0.453758 0.038719 0.023236
0 0.537861 0.470694 0.027107 0.039691
0 0.610945 0.516191 0.025172 0.034847
0 0.692956 0.371738 0.042747 0.027522
0 0.677667 0.682346 0.026841 0.033444
0 0.979500 0.566636 0.033001 0.022885
0 0.237203 0.588170 0.027276 0.038198
0 0.186146 0.678203 0.049884 0.023378
0 0.177219 0.731220 0.031462 0.027587
0 0.234094 0.740416 0.026139 0.036301
0 0.307662 0.737753 0.032913 0.035821
0 0.287329 0.812045 0.030978 0.040172
0 0.172139 0.798005 0.031946 0.022742
0 0.632416 0.850606 0.028063 0.045211
0 0.674788 0.926612 0.025656 0.040652
0 0.714717 0.945496 0.021301 0.038717
0 0.628811 0.967511 0.034365 0.024690
0 0.812247 0.867088 0.028559 0.035821
0 0.712298 0.868529 0.033881 0.034847
0 0.710846 0.889102 0.028075 0.026625
0 0.945811 0.808304 0.045251 0.027690
0 0.964705 0.903558 0.029817 0.037795
