0 0.123234 0.030146 0.025523 0.045315
0 0.903354 0.783190 0.024204 0.038276
0 0.911712 0.814868 0.023321 0.032119
0 0.938553 0.799685 0.023321 0.030795
0 0.851873 0.838844 0.025075 0.033444
0 0.919417 0.852052 0.029042 0.028158
0 0.862977 0.952930 0.028002 0.037198
0 0.841773 0.953722 0.025595 0.029197
0 0.819771 0.969931 0.023200 0.039198
0 0.797780 0.944332 0.020805 0.032002
0 0.629440 0.811958 0.025595 0.029600
0 0.586245 0.853156 0.029599 0.038406
0 0.074258 0.889938 0.024591 0.040406
0 0.128133 0.827557 0.024591 0.037483
0 0.122569 0.933851 0.029865 0.034548
0 0.453371 0.842026 0.027530 0.026353
0 0.271229 0.618606 0.027530 0.032795
0 0.394511 0.519923 0.022257 0.045094
0 0.833342 0.013612 0.020684 0.027223
0 0.737639 0.056044 0.028159 0.036522
0 0.558098 0.015264 0.032744 0.030529
0 0.452863 0.037159 0.026502 0.035081
0 0.439497 0.238837 0.030276 0.041873
