0 0.008086 0.209345 0.016171 0.037483
0 0.304008 0.158121 0.027591 0.035821
0 0.385317 0.183058 0.025656 0.041146
0 0.304733 0.044631 0.020333 0.038237
0 0.197768 0.019043 0.030010 0.038086
0 0.751378 0.042216 0.024204 0.040484
0 0.805290 0.038034 0.024640 0.044445
0 0.854787 0.113494 0.020684 0.042237
0 0.940366 0.052333 0.022003 0.040484
0 0.455401 0.343394 0.025764 0.042756
0 0.479702 0.298300 0.043921 0.027522
0 0.477367 0.364773 0.025184 0.039821
0 0.629632 0.465495 0.028692 0.045679
0 0.766668 0.348953 0.026357 0.044510
0 0.827873 0.520849 0.025764 0.040406
0 0.842800 0.575009 0.028692 0.040990
0 0.988069 0.536357 0.015862 0.025768
0 0.952099 0.947947 0.054565 0.031184
0 0.653413 0.823236 0.031183 0.046770
0 0.603807 0.860083 0.032599 0.046770
0 0.439410 0.876032 0.060940 0.030470
0 0.337719 0.919958 0.031885 0.043224
0 0.198664 0.918243 0.031619 0.043925
