0 0.013263 0.067088 0.026526 0.035821
0 0.111652 0.380787 0.034014 0.022677
0 0.071614 0.416932 0.026224 0.038263
0 0.017209 0.343589 0.034419 0.024807
0 0.280597 0.344628 0.042747 0.036314
0 0.475040 0.319146 0.027530 0.039237
0 0.514267 0.305392 0.029865 0.043341
0 0.567852 0.333199 0.029284 0.045094
0 0.796261 0.209345 0.039820 0.037483
0 0.609148 0.131456 0.036893 0.033964
0 0.559071 0.012724 0.032792 0.025448
0 0.435377 0.067711 0.038719 0.025963
0 0.407218 0.020111 0.026406 0.040222
0 0.398194 0.008451 0.030361 0.016902
0 0.215012 0.033059 0.022898 0.044185
0 0.145811 0.011075 0.045251 0.022149
0 0.989382 0.019043 0.013237 0.038086
0 0.703727 0.474573 0.032792 0.036899
0 0.779278 0.482782 0.028111 0.034548
0 0.989427 0.918243 0.013146 0.043925
0 0.033342 0.808962 0.020684 0.036522
0 0.196421 0.586478 0.038973 0.038198
0 0.451404 0.697746 0.028595 0.040925
0 0.559204 0.759127 0.030361 0.039600
0 0.164705 0.103558 0.029817 0.037795
