0 0.083604 0.080534 0.027724 0.041860
0 0.158841 0.045740 0.027724 0.040159
0 0.305360 0.036973 0.031111 0.031678
0 0.309038 0.068079 0.027156 0.032808
0 0.465451 0.144176 0.024325 0.037899
0 0.636585 0.153501 0.033941 0.049783
0 0.685804 0.025089 0.035078 0.037341
0 0.922837 0.089574 0.027156 0.040730
0 0.694283 0.251651 0.029417 0.041302
0 0.780842 0.289278 0.026018 0.041860
0 0.867957 0.419391 0.027156 0.033938
0 0.378154 0.312162 0.031740 0.046666
0 0.438199 0.437860 0.027385 0.046666
0 0.245921 0.421379 0.041066 0.044809
0 0.080024 0.487708 0.037026 0.034977
0 0.090560 0.586196 0.022111 0.041653
0 0.238421 0.679021 0.023660 0.043198
0 0.409676 0.554830 0.040110 0.026223
0 0.444646 0.583884 0.026744 0.045263
0 0.345386 0.423937 0.030857 0.038055
0 0.543555 0.628992 0.033603 0.034795
0 0.843318 0.405780 0.036397 0.027197
0 0.991240 0.680164 0.009520 0.026405
