0 0.020353 0.244300 0.033941 0.037899
0 0.020927 0.146994 0.041853 0.028846
0 0.106246 0.307097 0.048348 0.031366
0 0.186479 0.138409 0.030857 0.028288
0 0.399199 0.130993 0.030385 0.032262
0 0.601880 0.139877 0.022438 0.036003
0 0.602811 0.174710 0.032732 0.030859
0 0.686032 0.193413 0.033663 0.023378
0 0.659614 0.269159 0.043485 0.030859
0 0.717119 0.288316 0.032260 0.030859
0 0.556992 0.298369 0.028051 0.048160
0 0.009478 0.685113 0.018956 0.036717
0 0.194366 0.641967 0.030349 0.033535
0 0.297654 0.612146 0.040993 0.027158
0 0.390563 0.622796 0.021301 0.038860
0 0.381237 0.525906 0.025027 0.042055
0 0.243355 0.726623 0.022898 0.037795
0 0.259854 0.731948 0.025027 0.036730
0 0.541872 0.603964 0.027204 0.036795
0 0.610662 0.617965 0.022402 0.029600
0 0.601469 0.646357 0.025595 0.026405
0 0.843945 0.267172 0.026623 0.034847
0 0.973089 0.236923 0.045822 0.023716
0 0.986159 0.394948 0.019682 0.031950
0 0.969054 0.376076 0.023236 0.033886
0 0.862089 0.073092 0.030978 0.032912
0 0.017498 0.987045 0.032804 0.017910
0 0.978602 0.678203 0.034796 0.023378
0 0.977219 0.731220 0.031462 0.027587
0 0.972139 0.798005 0.031946 0.022742
