0 0.141997 0.577919 0.038683 0.033353
0 0.425951 0.462365 0.033712 0.041912
0 0.539387 0.435025 0.027337 0.030976
0 0.640522 0.578529 0.030978 0.041003
0 0.025537 0.427739 0.038260 0.021872
0 0.689147 0.091258 0.025123 0.038003
0 0.335134 0.118403 0.025728 0.044432
0 0.473270 0.418894 0.025764 0.053290
0 0.865676 0.373566 0.036844 0.034717
0 0.902533 0.380293 0.026926 0.034016
0 0.975128 0.362227 0.041745 0.030470
0 0.925443 0.285806 0.041526 0.028755
0 0.890703 0.240491 0.021603 0.040003
0 0.817498 0.200487 0.032804 0.044796
0 0.912742 0.551150 0.029865 0.038652
0 0.748273 0.756660 0.031244 0.031236
0 0.648396 0.811872 0.027724 0.035197
0 0.603955 0.729372 0.038284 0.030366
