0 0.184119 0.566636 0.042239 0.022885
0 0.340762 0.575208 0.026406 0.041795
0 0.484862 0.467187 0.030361 0.045757
0 0.460887 0.643188 0.023757 0.045757
0 0.737305 0.625991 0.025595 0.040406
0 0.013263 0.867088 0.026526 0.035821
0 0.796261 0.993302 0.039820 0.005396
0 0.609148 0.931456 0.036893 0.033964
0 0.559071 0.802317 0.032792 0.046263
0 0.435377 0.867711 0.038719 0.025963
0 0.407218 0.819759 0.026406 0.040925
0 0.398194 0.798199 0.030361 0.037405
0 0.215012 0.833059 0.022898 0.044185
0 0.145811 0.808304 0.045251 0.027690
0 0.989382 0.818487 0.013237 0.039198
0 0.164705 0.903558 0.029817 0.037795
