0 0.962536 0.371418 0.030397 0.028405
0 0.933337 0.327012 0.023200 0.038003
0 0.985446 0.708353 0.021107 0.037198
0 0.841697 0.704950 0.023200 0.035197
0 0.785693 0.714756 0.026406 0.039600
0 0.755695 0.785554 0.027204 0.030795
0 0.790495 0.845948 0.025595 0.034795
0 0.825489 0.812348 0.031595 0.035600
0 0.852088 0.861547 0.027204 0.036405
0 0.788886 0.919148 0.021603 0.037198
0 0.665894 0.704093 0.022438 0.038717
0 0.634432 0.456594 0.022886 0.036522
0 0.872699 0.534470 0.033881 0.024197
0 0.764682 0.438553 0.026406 0.042679
0 0.656435 0.384432 0.025523 0.030366
0 0.559195 0.259475 0.027276 0.039159
0 0.464157 0.261449 0.026406 0.041354
0 0.642355 0.239006 0.037836 0.022002
0 0.772593 0.213926 0.030796 0.046640
0 0.824074 0.333390 0.025523 0.036522
0 0.791741 0.389498 0.025075 0.036964
0 0.559135 0.925435 0.027591 0.044042
0 0.506832 0.394069 0.024204 0.039198
0 0.348084 0.374471 0.028075 0.046458
0 0.278145 0.254189 0.021785 0.043081
0 0.139718 0.259280 0.033397 0.042588
0 0.161745 0.131257 0.023236 0.038237
0 0.003739 0.145038 0.007479 0.039302
