0 0.022710 0.331494 0.020817 0.030975
0 0.119509 0.289873 0.020817 0.031949
0 0.160886 0.294715 0.024197 0.035818
0 0.266158 0.338757 0.021780 0.032910
0 0.261704 0.304767 0.020403 0.030406
0 0.283898 0.263158 0.030397 0.028804
0 0.337698 0.243564 0.022003 0.039200
0 0.355303 0.222759 0.034001 0.031201
0 0.401693 0.259764 0.034001 0.023605
0 0.369695 0.315959 0.021198 0.031201
0 0.408095 0.344561 0.026805 0.039604
0 0.437899 0.386158 0.025596 0.026798
0 0.488297 0.404364 0.022395 0.032803
0 0.561101 0.485007 0.032401 0.038796
0 0.738696 0.396412 0.028405 0.027201
0 0.728701 0.338603 0.023604 0.031604
0 0.866262 0.294145 0.022003 0.033195
0 0.883061 0.277554 0.026805 0.030406
0 0.920857 0.311354 0.021601 0.027605
0 0.945054 0.289149 0.020403 0.031201
0 0.950862 0.322154 0.028002 0.029195
0 0.935462 0.214547 0.032401 0.042796
