0 0.232343 0.322462 0.031595 0.023202
0 0.370542 0.385861 0.020795 0.039604
0 0.343345 0.323258 0.023201 0.033598
0 0.200144 0.326260 0.023201 0.028400
0 0.452344 0.364060 0.022798 0.037598
0 0.319943 0.342662 0.024399 0.026003
0 0.473340 0.323459 0.024801 0.039604
0 0.523145 0.346056 0.028405 0.032803
0 0.602149 0.403853 0.023996 0.031604
0 0.671942 0.374254 0.029995 0.038796
0 0.731741 0.367656 0.030397 0.035996
0 0.791977 0.330770 0.024197 0.029528
0 0.822710 0.331494 0.020817 0.030975
0 0.919509 0.289873 0.020817 0.031949
0 0.960886 0.294715 0.024197 0.035818
