0 0.974276 0.540718 0.026938 0.043330
0 0.854248 0.254980 0.023418 0.048010
0 0.969172 0.169454 0.020575 0.044581
0 0.723127 0.195174 0.025716 0.048010
0 0.479671 0.233747 0.032575 0.039437
0 0.801146 0.595509 0.034292 0.042866
0 0.400418 0.280944 0.021253 0.042505
0 0.312565 0.329122 0.026926 0.045341
0 0.343022 0.336908 0.025510 0.043923
0 0.300517 0.382263 0.022668 0.049596
0 0.236045 0.416968 0.024083 0.045341
0 0.704354 0.711705 0.022668 0.053850
0 0.706483 0.765555 0.049594 0.028337
0 0.039364 0.098149 0.035127 0.021078
0 0.037030 0.108681 0.032792 0.021078
