0 0.605877 0.098845 0.038792 0.041074
0 0.568222 0.153624 0.031946 0.031946
0 0.536264 0.187852 0.027385 0.059329
0 0.513451 0.186717 0.031946 0.057047
0 0.462103 0.287120 0.029671 0.061611
0 0.986630 0.277761 0.018740 0.054688
0 0.955778 0.416595 0.025716 0.051439
0 0.927485 0.448309 0.023998 0.046295
0 0.892346 0.444029 0.025716 0.041151
0 0.576012 0.425168 0.044574 0.054868
0 0.473135 0.372014 0.023998 0.044581
0 0.458559 0.354004 0.025716 0.039437
0 0.389116 0.414880 0.030857 0.051439
0 0.389975 0.493740 0.025716 0.044581
0 0.357401 0.528033 0.029151 0.048010
0 0.322250 0.531462 0.030857 0.044581
0 0.319685 0.492889 0.032575 0.042866
0 0.305110 0.568333 0.023998 0.046295
0 0.232243 0.315431 0.025716 0.037722
