0 0.036797 0.841566 0.020612 0.048951
0 0.081238 0.753333 0.027047 0.047662
0 0.092305 0.743006 0.036844 0.028337
0 0.161737 0.647361 0.036844 0.043923
0 0.192908 0.738765 0.025510 0.048177
0 0.254549 0.645233 0.021253 0.039682
0 0.294938 0.653742 0.036844 0.039682
0 0.302014 0.690587 0.022668 0.042505
0 0.407588 0.682788 0.035429 0.035427
0 0.401213 0.643815 0.022668 0.045341
0 0.479849 0.777724 0.024083 0.046759
0 0.550695 0.794020 0.026926 0.042505
0 0.545736 0.838652 0.028341 0.041087
0 0.615167 0.857784 0.028341 0.039682
0 0.665474 0.856366 0.029756 0.042505
0 0.448678 0.820229 0.029756 0.046759
0 0.432385 0.794020 0.022668 0.036845
0 0.413962 0.791893 0.034002 0.041087
0 0.120646 0.984986 0.028341 0.022027
