0 0.128141 0.095080 0.048602 0.048603
0 0.117508 0.204430 0.027337 0.054675
0 0.064358 0.249990 0.024301 0.042518
0 0.111436 0.380599 0.033409 0.060747
0 0.159639 0.352082 0.030180 0.037722
0 0.060028 0.786826 0.025764 0.034783
0 0.042646 0.800350 0.027047 0.041216
0 0.058105 0.809361 0.021894 0.041216
0 0.097393 0.871836 0.038647 0.029626
0 0.100610 0.908552 0.024470 0.038650
0 0.090304 0.932390 0.024470 0.039939
0 0.189492 0.969738 0.021894 0.039939
0 0.293832 0.965883 0.027047 0.052819
0 0.351808 0.962016 0.045082 0.032204
0 0.415566 0.986411 0.028341 0.019178
0 0.533429 0.708894 0.034776 0.025758
0 0.570794 0.925299 0.024470 0.051529
0 0.601711 0.916288 0.032200 0.036072
0 0.741468 0.891806 0.020612 0.041216
0 0.704757 0.984484 0.024470 0.023033
0 0.836797 0.841566 0.020612 0.048951
0 0.881238 0.753333 0.027047 0.047662
0 0.892305 0.743006 0.036844 0.028337
0 0.961737 0.647361 0.036844 0.043923
0 0.988076 0.738765 0.015847 0.048177
0 0.920646 0.984986 0.028341 0.022027
