0 0.132582 0.076980 0.020079 0.040159
0 0.153919 0.183661 0.032635 0.042673
0 0.153919 0.262741 0.022595 0.040159
0 0.227971 0.359379 0.035139 0.042673
0 0.682454 0.011945 0.026406 0.023891
0 0.695650 0.042752 0.030180 0.037722
0 0.761658 0.116313 0.026406 0.030180
0 0.817300 0.144598 0.028293 0.037722
0 0.859733 0.095557 0.026406 0.037722
0 0.876703 0.152140 0.022632 0.041486
0 0.921966 0.238903 0.033953 0.045264
0 0.980671 0.310570 0.030657 0.026403
0 0.984445 0.393556 0.023109 0.037722
0 0.154596 0.736277 0.036010 0.048010
0 0.169172 0.969454 0.020575 0.044581
0 0.229882 0.478385 0.025099 0.045638
