0 0.251862 0.923619 0.033949 0.034896
0 0.249507 0.850052 0.031130 0.033008
0 0.332262 0.627401 0.035138 0.033970
0 0.917215 0.468452 0.031888 0.034019
0 0.442434 0.461010 0.027642 0.041814
0 0.811630 0.284559 0.037562 0.040389
0 0.740764 0.249127 0.029057 0.034725
0 0.704267 0.301209 0.038264 0.039682
0 0.547305 0.172600 0.027642 0.030474
0 0.680260 0.094161 0.020678 0.031680
0 0.673228 0.111322 0.021561 0.031680
0 0.712386 0.024650 0.028604 0.034323
0 0.731524 0.039168 0.026396 0.033434
0 0.985645 0.095488 0.020710 0.030803
0 0.086407 0.334387 0.032477 0.042058
0 0.313114 0.078449 0.031571 0.025127
