0 0.547305 0.972600 0.027642 0.030474
0 0.680260 0.894161 0.020678 0.031680
0 0.673228 0.911322 0.021561 0.031680
0 0.712386 0.824650 0.028604 0.034323
0 0.731524 0.839168 0.026396 0.033434
0 0.985645 0.895488 0.020710 0.030803
0 0.313114 0.878449 0.031571 0.025127
0 0.413976 0.783384 0.026136 0.035334
0 0.545052 0.521124 0.026396 0.030365
0 0.660760 0.593741 0.031571 0.038014
0 0.736427 0.227708 0.026090 0.040462
0 0.767580 0.188305 0.034074 0.029817
0 0.867299 0.106407 0.039204 0.021595
0 0.875701 0.008208 0.029601 0.016415
