0 0.061420 0.588453 0.042497 0.034773
0 0.051755 0.561415 0.061815 0.034773
0 0.138680 0.625162 0.065676 0.054089
0 0.225604 0.489945 0.054081 0.054089
0 0.113570 0.472565 0.038636 0.057950
0 0.071073 0.441654 0.046358 0.057950
0 0.987468 0.482224 0.017064 0.061811
0 0.985531 0.567212 0.020937 0.077267
0 0.930641 0.594251 0.057954 0.069533
0 0.905531 0.644479 0.054081 0.054089
0 0.884283 0.603909 0.034774 0.065672
0 0.940306 0.897521 0.061815 0.065672
0 0.695590 0.500723 0.074175 0.064905
0 0.477702 0.428864 0.055634 0.125169
