0 0.054002 0.435856 0.050219 0.092723
0 0.162175 0.472565 0.042497 0.073406
0 0.289654 0.445514 0.057954 0.050216
0 0.287723 0.501540 0.038636 0.054089
0 0.324429 0.520857 0.034774 0.077267
0 0.337943 0.636745 0.054081 0.069533
0 0.521457 0.194409 0.057954 0.042494
0 0.583260 0.449388 0.050219 0.065672
0 0.666323 0.561415 0.046358 0.065672
0 0.861420 0.588453 0.042497 0.034773
0 0.851755 0.561415 0.061815 0.034773
0 0.938680 0.625162 0.065676 0.054089
0 0.913570 0.472565 0.038636 0.057950
0 0.871073 0.441654 0.046358 0.057950
0 0.774708 0.922585 0.050996 0.064905
0 0.712128 0.911002 0.046358 0.088082
