0 0.867050 0.537582 0.045075 0.057950
0 0.828415 0.506997 0.051514 0.061170
0 0.686762 0.325098 0.057954 0.057950
0 0.733450 0.513436 0.048289 0.048292
0 0.717346 0.566557 0.041849 0.057950
0 0.696427 0.585874 0.038636 0.064389
0 0.599838 0.590703 0.051514 0.054731
0 0.546722 0.568167 0.041849 0.054731
0 0.574092 0.605191 0.032196 0.045072
0 0.546722 0.640605 0.048289 0.051511
0 0.564427 0.717872 0.045075 0.070828
0 0.508087 0.709823 0.061167 0.041853
0 0.464624 0.695336 0.038636 0.057950
0 0.434041 0.647044 0.035410 0.051511
0 0.347128 0.727530 0.048289 0.051511
0 0.331024 0.767761 0.048289 0.067609
0 0.155574 0.872393 0.064393 0.045072
0 0.099233 0.927124 0.054728 0.064389
0 0.027886 0.972830 0.055771 0.046340
0 0.107462 0.031190 0.057954 0.062379
