0 0.994977 0.683610 0.002045 0.039608
0 0.932439 0.688564 0.041018 0.038192
0 0.895969 0.273469 0.032520 0.047920
0 0.556263 0.371008 0.030801 0.047920
0 0.754780 0.756919 0.027385 0.049632
0 0.697453 0.738956 0.029093 0.044498
0 0.534873 0.885278 0.029093 0.042786
0 0.479254 0.857045 0.023958 0.047920
0 0.453578 0.767188 0.041072 0.035940
0 0.399667 0.792010 0.035937 0.044498
0 0.361163 0.733821 0.044499 0.051343
0 0.226828 0.809974 0.039364 0.039363
0 0.309820 0.876720 0.030801 0.039363
0 0.321810 0.419791 0.041072 0.039363
0 0.163506 0.390696 0.029093 0.053055
0 0.016712 0.369348 0.033425 0.060055
0 0.055163 0.989666 0.026917 0.012668
