0 0.597514 0.030131 0.026938 0.037475
0 0.547013 0.077947 0.032792 0.042172
0 0.476155 0.087017 0.026938 0.040407
0 0.490791 0.081464 0.030458 0.038656
0 0.534131 0.107520 0.030458 0.027522
0 0.555807 0.118653 0.033966 0.047440
0 0.493428 0.175462 0.028692 0.034555
0 0.496657 0.144125 0.043340 0.032790
0 0.449217 0.246324 0.036312 0.028690
0 0.424614 0.289067 0.030458 0.035723
0 0.258003 0.299616 0.038066 0.036891
0 0.262104 0.363445 0.032212 0.045092
0 0.531494 0.438706 0.028692 0.043340
0 0.378056 0.503119 0.032212 0.040991
0 0.180407 0.242223 0.029284 0.040407
0 0.148196 0.286731 0.025764 0.042756
0 0.176888 0.435773 0.025764 0.035139
0 0.242774 0.492284 0.028692 0.040407
0 0.149369 0.431673 0.028111 0.039823
0 0.196217 0.535325 0.024591 0.035139
0 0.074991 0.506051 0.028111 0.042172
0 0.007337 0.483499 0.014674 0.033387
0 0.017292 0.614103 0.034584 0.029871
0 0.139414 0.547043 0.040993 0.035139
