0 0.086484 0.909972 0.031958 0.042224
0 0.152673 0.954480 0.036518 0.039940
0 0.095036 0.984654 0.042227 0.022692
0 0.245679 0.988644 0.030809 0.014712
0 0.483632 0.814105 0.045650 0.039940
0 0.578924 0.812392 0.035381 0.041082
0 0.450537 0.747915 0.027385 0.046791
0 0.409483 0.567548 0.030869 0.047155
0 0.454069 0.552107 0.042868 0.030013
0 0.527383 0.518668 0.033445 0.033439
0 0.521383 0.564551 0.026575 0.039447
0 0.537677 0.555117 0.030010 0.036008
0 0.664999 0.600559 0.042868 0.041160
0 0.658576 0.552535 0.028293 0.029157
0 0.666717 0.534966 0.039445 0.036865
0 0.457928 0.631429 0.059162 0.022293
0 0.553970 0.702161 0.030010 0.035152
0 0.586544 0.679012 0.031728 0.040303
0 0.655141 0.745890 0.036869 0.047155
0 0.914092 0.557258 0.042009 0.031726
0 0.911516 0.489095 0.033445 0.046298
0 0.798333 0.292743 0.030010 0.042873
0 0.910233 0.264442 0.054880 0.022293
