0 0.918687 0.053530 0.030010 0.044586
0 0.682887 0.103254 0.035151 0.046298
0 0.900676 0.134124 0.031728 0.036008
0 0.419231 0.061238 0.041163 0.024006
0 0.913171 0.337017 0.026938 0.039823
0 0.884770 0.333500 0.024011 0.044508
0 0.829721 0.291043 0.032212 0.040407
0 0.844659 0.380058 0.028111 0.040407
0 0.806581 0.372740 0.022257 0.036307
0 0.813028 0.404077 0.024591 0.038072
0 0.805118 0.461470 0.031038 0.036891
0 0.753589 0.427200 0.025184 0.031623
0 0.743634 0.445950 0.020503 0.036307
0 0.659010 0.505977 0.024591 0.032206
0 0.677166 0.502461 0.024591 0.035723
0 0.643491 0.575074 0.026357 0.043924
0 0.667792 0.596459 0.025764 0.031623
0 0.726651 0.756920 0.029865 0.037475
0 0.597514 0.830131 0.026938 0.037475
0 0.734259 0.517980 0.025184 0.037475
0 0.750661 0.523248 0.025184 0.036307
0 0.707902 0.651503 0.024011 0.031623
0 0.757399 0.587674 0.029284 0.028106
0 0.814480 0.338275 0.026091 0.040991
0 0.830180 0.340131 0.024494 0.041523
0 0.845615 0.334006 0.023430 0.036735
0 0.859199 0.298867 0.022898 0.042055
0 0.874367 0.311649 0.021301 0.037799
0 0.547013 0.877947 0.032792 0.042172
0 0.476155 0.887017 0.026938 0.040407
0 0.490791 0.881464 0.030458 0.038656
0 0.534131 0.907520 0.030458 0.027522
0 0.555807 0.918653 0.033966 0.047440
0 0.493428 0.975462 0.028692 0.034555
0 0.496657 0.944125 0.043340 0.032790
