0 0.980407 0.242223 0.029284 0.040407
0 0.948196 0.286731 0.025764 0.042756
0 0.976888 0.435773 0.025764 0.035139
0 0.949369 0.431673 0.028111 0.039823
0 0.989961 0.535325 0.012079 0.035139
0 0.874991 0.506051 0.028111 0.042172
0 0.797395 0.483499 0.034558 0.033387
0 0.759329 0.557592 0.027530 0.036307
0 0.815261 0.614103 0.038647 0.029871
0 0.771631 0.624354 0.029865 0.042172
0 0.655376 0.677646 0.024591 0.037475
0 0.939414 0.547043 0.040993 0.035139
0 0.228472 0.356477 0.049606 0.023188
0 0.143763 0.368065 0.039941 0.037358
0 0.574079 0.956293 0.036010 0.040303
