0 0.286000 0.947827 0.034292 0.044586
0 0.319869 0.981347 0.026575 0.029306
0 0.337880 0.946970 0.026575 0.046298
0 0.439910 0.829083 0.030010 0.036865
0 0.471214 0.784057 0.032587 0.041160
0 0.587396 0.742053 0.040304 0.032583
0 0.652558 0.697027 0.035151 0.047155
0 0.658134 0.649015 0.037727 0.030013
0 0.705284 0.722758 0.034292 0.045442
0 0.693285 0.754912 0.032587 0.036008
0 0.684709 0.777205 0.032587 0.034296
0 0.763599 0.626723 0.039445 0.030013
0 0.788456 0.692744 0.058303 0.035152
0 0.761881 0.522966 0.039445 0.036865
0 0.769163 0.597565 0.024869 0.026575
0 0.693720 0.499817 0.035151 0.031726
