0 0.114092 0.557258 0.042009 0.031726
0 0.111516 0.489095 0.033445 0.046298
0 0.252567 0.560256 0.032587 0.034296
0 0.357173 0.561540 0.027434 0.030013
0 0.398759 0.528530 0.030010 0.046298
0 0.466497 0.576554 0.048868 0.027444
0 0.389748 0.667009 0.044586 0.028301
0 0.301435 0.625421 0.034292 0.034296
0 0.300576 0.586844 0.042868 0.039447
0 0.369608 0.444082 0.033445 0.038591
0 0.385042 0.446651 0.026575 0.040303
0 0.246991 0.478805 0.035151 0.042873
0 0.250849 0.495090 0.024011 0.030870
0 0.297153 0.319746 0.034292 0.038591
0 0.405618 0.341610 0.045445 0.025718
0 0.565103 0.396058 0.038586 0.042016
0 0.592537 0.436361 0.045445 0.024862
0 0.658557 0.499814 0.035151 0.024862
0 0.569385 0.521250 0.059162 0.028301
0 0.006669 0.292743 0.013338 0.042873
0 0.110233 0.264442 0.054880 0.022293
0 0.286000 0.147827 0.034292 0.044586
0 0.319869 0.187274 0.026575 0.041160
0 0.337880 0.146970 0.026575 0.046298
0 0.439910 0.029083 0.030010 0.036865
