0 0.118687 0.053530 0.030010 0.044586
0 0.100676 0.134124 0.031728 0.036008
0 0.113171 0.337017 0.026938 0.039823
0 0.084770 0.333500 0.024011 0.044508
0 0.029721 0.291043 0.032212 0.040407
0 0.044659 0.380058 0.028111 0.040407
0 0.008855 0.372740 0.017709 0.036307
0 0.013028 0.404077 0.024591 0.038072
0 0.010318 0.461470 0.020637 0.036891
0 0.014480 0.338275 0.026091 0.040991
0 0.030180 0.340131 0.024494 0.041523
0 0.045615 0.334006 0.023430 0.036735
0 0.059199 0.298867 0.022898 0.042055
0 0.074367 0.311649 0.021301 0.037799
