0 0.441418 0.469346 0.049158 0.037319
0 0.546097 0.472525 0.030954 0.043690
0 0.551104 0.609980 0.030034 0.049153
0 0.352222 0.541259 0.038235 0.033673
0 0.342206 0.556726 0.041876 0.035502
0 0.328090 0.351018 0.040957 0.044599
0 0.392272 0.378319 0.034595 0.046428
0 0.365419 0.476626 0.042784 0.024577
0 0.334017 0.478442 0.030954 0.030039
0 0.329010 0.407905 0.030034 0.027302
0 0.629390 0.604063 0.033675 0.039136
0 0.621648 0.621814 0.029127 0.040057
0 0.682636 0.640928 0.027313 0.040057
0 0.705848 0.608617 0.024579 0.046428
0 0.777759 0.586312 0.037316 0.047336
0 0.866955 0.725583 0.042784 0.036411
