0 0.065768 0.287473 0.033014 0.037800
0 0.101428 0.338843 0.026620 0.037271
0 0.169046 0.304508 0.031946 0.045259
0 0.006528 0.541426 0.013056 0.035671
0 0.597243 0.231957 0.032208 0.036716
0 0.525421 0.388172 0.034146 0.036074
0 0.744122 0.343077 0.038656 0.042512
0 0.787929 0.264490 0.032208 0.045095
0 0.668433 0.305075 0.022546 0.038657
0 0.777625 0.406530 0.033504 0.035431
0 0.640735 0.613321 0.023832 0.041870
0 0.627849 0.702227 0.027698 0.030278
0 0.613995 0.832032 0.032208 0.045095
0 0.566974 0.846522 0.032208 0.048321
0 0.681002 0.928082 0.026620 0.044188
0 0.863607 0.986929 0.028755 0.018142
