0 0.034593 0.630016 0.029169 0.041807
0 0.133579 0.522134 0.027894 0.041832
0 0.172094 0.490584 0.035856 0.033201
0 0.251779 0.378028 0.029223 0.039173
0 0.137893 0.296355 0.029888 0.041832
0 0.055549 0.235585 0.031206 0.038518
0 0.261408 0.249533 0.033863 0.037183
0 0.542302 0.358435 0.031206 0.037183
0 0.624983 0.270449 0.031870 0.043168
0 0.588124 0.208369 0.036521 0.033201
0 0.878843 0.080593 0.029169 0.038896
0 0.103986 0.020001 0.023244 0.040002
0 0.070449 0.007716 0.023908 0.015432
0 0.077094 0.017008 0.026566 0.034017
