0 0.878843 0.880593 0.029169 0.038896
0 0.324124 0.771262 0.027894 0.033869
0 0.103986 0.819747 0.023244 0.040509
0 0.070449 0.796173 0.023908 0.038518
0 0.077094 0.814758 0.026566 0.038518
0 0.272333 0.694894 0.027894 0.032533
0 0.327773 0.708174 0.032534 0.033869
0 0.380904 0.647417 0.023244 0.039841
0 0.405476 0.723786 0.035192 0.045158
0 0.088378 0.545155 0.027894 0.033201
0 0.036586 0.463810 0.035856 0.033869
0 0.108310 0.371830 0.029223 0.031878
0 0.638892 0.512610 0.027894 0.039841
0 0.618633 0.433923 0.020586 0.036527
0 0.642203 0.398731 0.026566 0.033869
0 0.688026 0.442894 0.022579 0.041177
0 0.577984 0.360906 0.021446 0.038342
0 0.556538 0.340494 0.026391 0.025565
0 0.592209 0.262777 0.030095 0.035872
0 0.880030 0.758977 0.039516 0.051584
