0 0.331882 0.881140 0.026929 0.034720
0 0.213933 0.743430 0.027109 0.028069
0 0.406565 0.685839 0.023230 0.031950
0 0.458118 0.659466 0.024681 0.030498
0 0.540042 0.505330 0.022679 0.029058
0 0.337729 0.463385 0.026615 0.033537
0 0.396029 0.522745 0.026086 0.029814
0 0.406137 0.535791 0.021825 0.032475
0 0.691780 0.360090 0.033012 0.023956
0 0.970755 0.311384 0.035138 0.037271
0 0.986574 0.392833 0.018853 0.028753
0 0.982309 0.498520 0.027381 0.032475
0 0.974218 0.564531 0.031416 0.036734
0 0.976872 0.645456 0.026086 0.029277
0 0.909633 0.260945 0.032214 0.033378
0 0.909633 0.296373 0.032214 0.036307
