0 0.023903 0.211930 0.025996 0.036002
0 0.157099 0.195332 0.028402 0.038003
0 0.229095 0.219924 0.031596 0.036002
0 0.256305 0.225525 0.025198 0.027996
0 0.498872 0.123732 0.025524 0.037845
0 0.644515 0.094039 0.029043 0.043556
0 0.685432 0.122194 0.026401 0.033000
0 0.669151 0.201178 0.024636 0.022004
0 0.770358 0.194795 0.023759 0.039163
0 0.829535 0.197651 0.021555 0.031682
0 0.837451 0.229992 0.032124 0.032121
0 0.934105 0.207964 0.027604 0.032804
0 0.977102 0.240560 0.022398 0.038003
0 0.990953 0.252154 0.010094 0.023603
