0 0.022223 0.265019 0.026101 0.032486
0 0.086613 0.235439 0.029592 0.041773
0 0.278351 0.378435 0.030172 0.037704
0 0.412064 0.419045 0.029592 0.041191
0 0.548972 0.515921 0.038868 0.034229
0 0.649331 0.552184 0.034230 0.034810
0 0.259561 0.639265 0.044666 0.033188
0 0.465675 0.702760 0.038288 0.040199
0 0.738473 0.586934 0.028716 0.039569
0 0.829402 0.519941 0.026799 0.038285
0 0.651023 0.833720 0.030527 0.045223
0 0.846594 0.943382 0.039566 0.029398
0 0.957756 0.611502 0.030089 0.036929
0 0.961862 0.644326 0.030089 0.031457
0 0.285391 0.169620 0.070093 0.048069
