0 0.985205 0.796305 0.021591 0.055301
0 0.863803 0.581563 0.033175 0.064512
0 0.841687 0.598145 0.029489 0.060833
0 0.845373 0.677411 0.044245 0.049770
0 0.771640 0.741923 0.047931 0.046078
0 0.668418 0.797225 0.047931 0.038707
0 0.708977 0.692153 0.036861 0.042399
0 0.731093 0.599997 0.029489 0.046078
0 0.736616 0.636865 0.022116 0.038707
0 0.699756 0.553906 0.040547 0.035028
0 0.472114 0.283876 0.038710 0.051610
0 0.583627 0.658978 0.029489 0.046078
0 0.540313 0.657138 0.038710 0.049770
0 0.559662 0.737324 0.047931 0.047930
0 0.796198 0.250171 0.039024 0.049102
0 0.820117 0.229393 0.028954 0.060430
0 0.840896 0.245761 0.035256 0.032735
0 0.630011 0.046214 0.028954 0.046582
0 0.278171 0.233791 0.026442 0.045322
0 0.215856 0.070747 0.027698 0.041542
0 0.175565 0.080814 0.032733 0.051622
0 0.037076 0.065077 0.027698 0.040282
0 0.054076 0.088374 0.046582 0.031475
0 0.071076 0.019324 0.032733 0.038648
0 0.010986 0.013027 0.021971 0.026054
0 0.113251 0.109769 0.046582 0.023915
0 0.119542 0.130546 0.056652 0.025175
0 0.868257 0.307299 0.023930 0.044743
0 0.905188 0.348917 0.035372 0.032256
0 0.892187 0.317707 0.021849 0.055150
0 0.905711 0.322381 0.026012 0.027052
