0 0.975565 0.080814 0.032733 0.051622
0 0.837076 0.065077 0.027698 0.040282
0 0.854076 0.088374 0.046582 0.031475
0 0.871076 0.019324 0.032733 0.038648
0 0.807494 0.013027 0.028954 0.026054
0 0.718110 0.052489 0.044070 0.052882
0 0.692296 0.063817 0.032733 0.050362
0 0.666482 0.006730 0.023919 0.013461
0 0.649493 0.043052 0.030221 0.049102
0 0.622423 0.019948 0.023919 0.039896
0 0.593469 0.015544 0.033989 0.031088
0 0.592202 0.071377 0.023919 0.050362
0 0.558841 0.176498 0.030221 0.051622
0 0.913251 0.109769 0.046582 0.023915
0 0.919542 0.130546 0.056652 0.025175
0 0.615632 0.333091 0.022082 0.046620
0 0.608272 0.377254 0.026989 0.061337
0 0.453712 0.007685 0.051524 0.015370
0 0.413224 0.018726 0.044163 0.037451
0 0.340851 0.039902 0.036803 0.053978
0 0.412003 0.157674 0.051524 0.073597
0 0.346991 0.166255 0.044163 0.061337
0 0.270932 0.157674 0.049070 0.053978
0 0.127407 0.073027 0.041710 0.056423
0 0.164210 0.227591 0.041710 0.046620
0 0.231676 0.292607 0.044163 0.053978
0 0.491736 0.472926 0.024535 0.066238
0 0.542039 0.388292 0.031896 0.053978
0 0.463526 0.425084 0.056431 0.044163
0 0.371526 0.480297 0.039256 0.051521
0 0.334723 0.562487 0.034349 0.053978
0 0.375200 0.601736 0.026989 0.063794
0 0.172792 0.318362 0.039256 0.026989
0 0.372014 0.910070 0.027419 0.056360
0 0.297374 0.865139 0.021326 0.063983
0 0.314130 0.911595 0.021326 0.041126
0 0.325549 0.888751 0.022849 0.047225
0 0.119140 0.356326 0.024372 0.051799
0 0.121419 0.398221 0.031989 0.050274
0 0.171687 0.395171 0.038082 0.025893
0 0.173210 0.373084 0.041128 0.024368
0 0.099326 0.470582 0.021326 0.067032
0 0.084093 0.398221 0.021326 0.041126
0 0.023767 0.430212 0.047535 0.047225
0 0.060488 0.483535 0.025896 0.053323
0 0.094756 0.583315 0.027419 0.039602
0 0.075721 0.651103 0.044175 0.025893
0 0.081047 0.778300 0.024372 0.057884
0 0.011581 0.795826 0.023162 0.047225
0 0.010817 0.605402 0.021633 0.050274
0 0.266897 0.494951 0.027419 0.045700
0 0.226536 0.474388 0.028942 0.044176
0 0.169408 0.467533 0.039605 0.045700
0 0.014160 0.522507 0.028319 0.039602
