0 0.963718 0.335246 0.031837 0.045247
0 0.869880 0.270734 0.035186 0.043571
0 0.982004 0.058928 0.027992 0.036868
0 0.982929 0.092116 0.026143 0.029497
0 0.833449 0.074602 0.040547 0.049770
0 0.800274 0.095795 0.044245 0.055301
0 0.735762 0.215609 0.025803 0.047930
0 0.569866 0.178741 0.036861 0.047930
0 0.412190 0.600917 0.036861 0.058981
0 0.400213 0.772340 0.038710 0.047930
0 0.393760 0.816578 0.036861 0.044239
0 0.356887 0.895845 0.029489 0.058981
0 0.308050 0.682943 0.027651 0.053449
0 0.192839 0.796305 0.036861 0.055301
0 0.473935 0.763129 0.038710 0.036868
0 0.471179 0.798145 0.044245 0.029497
0 0.411271 0.266362 0.038710 0.042399
0 0.397446 0.214752 0.040547 0.031336
0 0.238003 0.323503 0.031337 0.053449
0 0.063803 0.581563 0.033175 0.064512
0 0.041687 0.598145 0.029489 0.060833
0 0.045373 0.677411 0.044245 0.049770
0 0.007855 0.250171 0.015710 0.049102
0 0.020117 0.229393 0.028954 0.060430
0 0.040896 0.245761 0.035256 0.032735
0 0.068257 0.307299 0.023930 0.044743
0 0.105188 0.348917 0.035372 0.032256
0 0.092187 0.317707 0.021849 0.055150
0 0.105711 0.322381 0.026012 0.027052
