0 0.993573 0.055059 0.004854 0.047300
0 0.988369 0.018070 0.015261 0.036140
0 0.556503 0.066399 0.040675 0.043508
0 0.535224 0.083434 0.035942 0.045398
0 0.521037 0.166670 0.037838 0.049190
0 0.390025 0.213970 0.031210 0.049190
0 0.355978 0.154851 0.027430 0.044453
0 0.359280 0.099033 0.024593 0.053915
0 0.376315 0.076806 0.034047 0.051080
0 0.410362 0.022322 0.024593 0.044645
0 0.460025 0.014759 0.027430 0.029519
0 0.460490 0.045117 0.037838 0.044453
0 0.278407 0.059784 0.035000 0.045398
0 0.250977 0.084379 0.023651 0.032155
0 0.217872 0.174708 0.031210 0.038783
0 0.175302 0.145388 0.035000 0.033100
0 0.143151 0.171873 0.027430 0.044453
0 0.125650 0.171395 0.022698 0.039728
0 0.972134 0.972713 0.042372 0.046574
0 0.743667 0.663601 0.033175 0.064512
0 0.692050 0.625814 0.036861 0.058981
0 0.608189 0.573272 0.060826 0.071883
0 0.599887 0.689406 0.022116 0.053449
0 0.611875 0.763141 0.060826 0.042399
0 0.704957 0.788013 0.040547 0.047930
0 0.704957 0.852538 0.036861 0.040547
0 0.657957 0.866360 0.035024 0.068204
0 0.548282 0.952078 0.044245 0.062672
0 0.012200 0.255008 0.024400 0.056776
0 0.261477 0.182319 0.023547 0.042928
0 0.245558 0.153918 0.024930 0.047086
