0 0.986391 0.229760 0.019219 0.044528
0 0.976781 0.211944 0.023744 0.044528
0 0.918885 0.211944 0.032651 0.044528
0 0.929281 0.284684 0.029686 0.053437
0 0.987873 0.498417 0.016254 0.053437
0 0.970839 0.492483 0.035628 0.041555
0 0.926316 0.550367 0.023744 0.056410
0 0.886234 0.529590 0.032651 0.050463
0 0.862490 0.575605 0.032651 0.047502
0 0.834280 0.606777 0.035628 0.050463
0 0.806082 0.612712 0.044535 0.038594
0 0.777884 0.729980 0.023744 0.065306
0 0.725930 0.756692 0.032651 0.065306
0 0.676942 0.738876 0.041558 0.053437
0 0.673976 0.761140 0.035628 0.050463
0 0.610150 0.768561 0.044535 0.041555
0 0.562650 0.802707 0.026721 0.044528
0 0.268764 0.591935 0.044535 0.038594
0 0.293997 0.544433 0.047500 0.050463
0 0.093611 0.701769 0.050466 0.038594
0 0.475265 0.809675 0.031337 0.049770
0 0.507522 0.848382 0.022116 0.046078
0 0.504766 0.803224 0.023965 0.044239
0 0.526882 0.811515 0.020279 0.035028
0 0.517661 0.791241 0.027651 0.060833
