0 0.972134 0.177303 0.042372 0.055755
0 0.962099 0.260942 0.044605 0.057985
0 0.981276 0.380264 0.029447 0.046834
0 0.704957 0.052538 0.036861 0.040547
0 0.657957 0.066360 0.035024 0.068204
0 0.548282 0.152078 0.044245 0.062672
0 0.911471 0.974741 0.040547 0.042518
0 0.765481 0.915966 0.044605 0.054747
0 0.536363 0.923059 0.040547 0.056776
0 0.451200 0.842974 0.040547 0.042575
0 0.113825 0.909187 0.022849 0.047225
0 0.123732 0.855864 0.027419 0.044176
0 0.164860 0.878720 0.030465 0.041126
0 0.149627 0.898515 0.036558 0.028942
0 0.152674 0.927457 0.027419 0.047225
0 0.040708 0.733228 0.028942 0.045700
0 0.013116 0.688296 0.026231 0.047225
