0 0.562650 0.012486 0.026721 0.024972
0 0.475265 0.017280 0.031337 0.034560
0 0.507522 0.048382 0.022116 0.046078
0 0.504766 0.012672 0.023965 0.025343
0 0.526882 0.014514 0.020279 0.029029
0 0.517661 0.010829 0.027651 0.021658
0 0.973716 0.686585 0.044568 0.023965
0 0.972797 0.711470 0.046405 0.022126
0 0.630011 0.846214 0.028954 0.046582
0 0.215856 0.870747 0.027698 0.041542
0 0.175565 0.880814 0.032733 0.051622
0 0.037076 0.865077 0.027698 0.040282
0 0.054076 0.888374 0.046582 0.031475
0 0.071076 0.813467 0.032733 0.050362
0 0.010986 0.796470 0.021971 0.059170
0 0.113251 0.909769 0.046582 0.023915
0 0.119542 0.930546 0.056652 0.025175
