0 0.992122 0.827818 0.007755 0.052025
0 0.918715 0.836336 0.025535 0.044453
0 0.960808 0.864711 0.022698 0.038783
0 0.915878 0.887416 0.023651 0.038783
0 0.869528 0.938497 0.025535 0.042563
0 0.852505 0.959299 0.023651 0.040673
0 0.856284 0.984983 0.027430 0.022034
0 0.499665 0.864421 0.032733 0.061690
0 0.478897 0.801472 0.028954 0.041542
0 0.420350 0.771257 0.025175 0.049102
0 0.407129 0.758040 0.028954 0.050362
0 0.388873 0.720895 0.045326 0.031475
0 0.383211 0.655425 0.044070 0.056650
0 0.073650 0.191909 0.029756 0.041202
0 0.058196 0.247425 0.028617 0.042349
0 0.106836 0.206223 0.027465 0.033188
0 0.101115 0.235404 0.022896 0.045776
0 0.007642 0.096338 0.015283 0.056083
