0 0.102337 0.174697 0.039605 0.047225
0 0.037593 0.204408 0.041128 0.024368
0 0.038349 0.277526 0.024372 0.045700
0 0.008511 0.223447 0.017023 0.053323
0 0.015500 0.249352 0.021326 0.053323
0 0.033779 0.224215 0.051791 0.024368
0 0.039116 0.244010 0.044175 0.027418
0 0.518213 0.577633 0.042652 0.045700
0 0.975565 0.880814 0.032733 0.051622
0 0.837076 0.865077 0.027698 0.040282
0 0.854076 0.888374 0.046582 0.031475
0 0.871076 0.813467 0.032733 0.050362
0 0.807494 0.796470 0.028954 0.059170
0 0.718110 0.852489 0.044070 0.052882
0 0.692296 0.863817 0.032733 0.050362
0 0.666482 0.790800 0.023919 0.045322
0 0.649493 0.843052 0.030221 0.049102
0 0.622423 0.814714 0.023919 0.050362
0 0.593469 0.804647 0.033989 0.052882
0 0.592202 0.871377 0.023919 0.050362
0 0.558841 0.973344 0.030221 0.045313
0 0.913251 0.909769 0.046582 0.023915
0 0.919542 0.930546 0.056652 0.025175
0 0.532225 0.757712 0.031896 0.061337
0 0.453712 0.790837 0.051524 0.049064
0 0.413224 0.805554 0.044163 0.063794
0 0.235362 0.771207 0.031896 0.049064
0 0.340851 0.839902 0.036803 0.053978
0 0.412003 0.957674 0.051524 0.073597
0 0.346991 0.965793 0.044163 0.060414
0 0.270932 0.957674 0.049070 0.053978
0 0.127407 0.873027 0.041710 0.056423
