0 0.873650 0.191909 0.029756 0.041202
0 0.858196 0.247425 0.028617 0.042349
0 0.906836 0.206223 0.027465 0.033188
0 0.901115 0.235404 0.022896 0.045776
0 0.803836 0.096338 0.022896 0.056083
0 0.743172 0.068303 0.032047 0.052643
0 0.703684 0.024998 0.033186 0.049995
0 0.657904 0.088904 0.026326 0.050362
0 0.601253 0.140413 0.034337 0.050362
0 0.559473 0.055716 0.033186 0.057229
0 0.497089 0.060289 0.032047 0.050362
0 0.491949 0.029961 0.053791 0.026321
0 0.483356 0.008400 0.027465 0.016801
0 0.462763 0.011257 0.027465 0.022515
0 0.445019 0.025565 0.033186 0.051129
