0 0.927407 0.073027 0.041710 0.056423
0 0.964210 0.227591 0.041710 0.046620
0 0.972792 0.318362 0.039256 0.026989
0 0.919140 0.356326 0.024372 0.051799
0 0.921419 0.398221 0.031989 0.050274
0 0.971687 0.395171 0.038082 0.025893
0 0.973210 0.373084 0.041128 0.024368
0 0.899326 0.470582 0.021326 0.067032
0 0.884093 0.398221 0.021326 0.041126
0 0.820116 0.430212 0.054838 0.047225
0 0.860488 0.483535 0.025896 0.053323
0 0.894756 0.583315 0.027419 0.039602
0 0.875721 0.651103 0.044175 0.025893
0 0.881047 0.778300 0.024372 0.057884
0 0.804883 0.795826 0.036558 0.047225
0 0.807162 0.605402 0.028942 0.050274
0 0.969408 0.467533 0.039605 0.045700
0 0.701313 0.622841 0.030907 0.053789
0 0.661254 0.677777 0.042349 0.040055
0 0.632068 0.732146 0.029756 0.048069
0 0.757964 0.722406 0.038919 0.026321
0 0.675557 0.847738 0.041198 0.022894
0 0.587998 0.862619 0.024035 0.045776
0 0.550800 0.819124 0.050361 0.036628
0 0.579416 0.817410 0.025175 0.049216
0 0.488427 0.743587 0.028617 0.048069
0 0.480985 0.871199 0.027465 0.044642
0 0.507881 0.852892 0.053791 0.030908
0 0.471834 0.826570 0.029756 0.044642
0 0.444927 0.913548 0.028617 0.051509
0 0.423752 0.868906 0.022896 0.053789
0 0.389996 0.835718 0.021744 0.037775
0 0.417462 0.943309 0.021744 0.040055
0 0.420322 0.545578 0.034337 0.050362
0 0.364810 0.886647 0.035477 0.025175
0 0.377973 0.925568 0.020605 0.043495
0 0.320751 0.809396 0.034337 0.030908
0 0.303577 0.826570 0.025175 0.042349
0 0.272681 0.907248 0.029756 0.041202
0 0.303007 0.925568 0.026326 0.045776
0 0.203437 0.768194 0.024035 0.037775
0 0.034040 0.737866 0.024035 0.045776
0 0.047773 0.653736 0.021744 0.049216
0 0.068377 0.624554 0.040058 0.036628
0 0.044912 0.522116 0.045779 0.033188
0 0.070098 0.428839 0.043489 0.034335
0 0.531265 0.458524 0.030465 0.042651
0 0.550300 0.415117 0.031989 0.047225
0 0.360647 0.418154 0.030465 0.044176
0 0.526695 0.565927 0.039605 0.041126
0 0.528974 0.520226 0.035035 0.050274
0 0.439857 0.396066 0.030465 0.054848
0 0.813848 0.522507 0.028942 0.039602
0 0.790232 0.517177 0.021326 0.053323
0 0.775767 0.536216 0.041128 0.063983
0 0.250193 0.021242 0.027430 0.042485
0 0.223716 0.013200 0.025535 0.026401
0 0.199123 0.027818 0.021756 0.052025
0 0.118715 0.036336 0.025535 0.044453
0 0.160808 0.064711 0.022698 0.038783
0 0.115878 0.087416 0.023651 0.038783
0 0.069528 0.138497 0.025535 0.042563
0 0.052505 0.159299 0.023651 0.040673
0 0.056284 0.189098 0.027430 0.030265
0 0.053924 0.217474 0.024593 0.049190
0 0.055796 0.310373 0.027000 0.035532
0 0.028796 0.309302 0.032686 0.023449
0 0.203913 0.855059 0.025535 0.047300
0 0.275332 0.849376 0.030268 0.037838
0 0.209588 0.808703 0.021756 0.037838
0 0.193983 0.816276 0.026489 0.039728
