0 0.804883 0.009719 0.036558 0.019439
0 0.675557 0.047738 0.041198 0.022894
0 0.587998 0.062619 0.024035 0.045776
0 0.550800 0.019124 0.050361 0.036628
0 0.579416 0.021009 0.025175 0.042018
0 0.480985 0.071199 0.027465 0.044642
0 0.507881 0.052892 0.053791 0.030908
0 0.471834 0.026570 0.029756 0.044642
0 0.444927 0.113548 0.028617 0.051509
0 0.423752 0.068906 0.022896 0.053789
0 0.389996 0.035718 0.021744 0.037775
0 0.417462 0.143309 0.021744 0.040055
0 0.364810 0.086647 0.035477 0.025175
0 0.377973 0.125568 0.020605 0.043495
0 0.320751 0.012425 0.034337 0.024850
0 0.303577 0.026570 0.025175 0.042349
0 0.272681 0.107248 0.029756 0.041202
0 0.303007 0.125568 0.026326 0.045776
0 0.203913 0.055059 0.025535 0.047300
0 0.275332 0.049376 0.030268 0.037838
0 0.209588 0.013811 0.021756 0.027622
0 0.193983 0.018070 0.026489 0.036140
0 0.988323 0.785481 0.015354 0.051295
0 0.798872 0.512262 0.042372 0.049064
0 0.507799 0.395171 0.049070 0.051295
0 0.488846 0.279188 0.020070 0.064676
0 0.475462 0.278079 0.020070 0.071366
0 0.458741 0.293690 0.035686 0.084760
0 0.261344 0.583641 0.037919 0.040144
0 0.208937 0.733065 0.022303 0.062446
0 0.172134 0.972713 0.042372 0.046574
