0 0.873650 0.983654 0.029756 0.024692
0 0.906836 0.992814 0.027465 0.006372
0 0.803836 0.896338 0.022896 0.056083
0 0.743172 0.868303 0.032047 0.052643
0 0.703684 0.824241 0.033186 0.051509
0 0.657904 0.888904 0.026326 0.050362
0 0.601253 0.940413 0.034337 0.050362
0 0.559473 0.855716 0.033186 0.057229
0 0.497089 0.860289 0.032047 0.050362
0 0.491949 0.829961 0.053791 0.026321
0 0.483356 0.793913 0.027465 0.045776
0 0.462763 0.801914 0.027465 0.041202
0 0.445019 0.822515 0.033186 0.057229
0 0.394658 0.760145 0.028617 0.056083
