0 0.049827 0.259549 0.025432 0.043496
0 0.011863 0.233789 0.023727 0.029442
0 0.059193 0.405084 0.026770 0.034800
0 0.112052 0.413107 0.022744 0.044157
0 0.270664 0.452021 0.029152 0.035688
0 0.232710 0.433167 0.026641 0.041224
0 0.221643 0.451259 0.023625 0.041224
0 0.439263 0.426299 0.023202 0.041199
0 0.480069 0.423696 0.027204 0.045604
0 0.428067 0.373699 0.033600 0.045604
0 0.663280 0.459194 0.025197 0.037199
0 0.888963 0.325721 0.030795 0.029924
0 0.987143 0.227378 0.017714 0.033886
0 0.723920 0.460565 0.029868 0.034559
0 0.703710 0.459689 0.038647 0.037479
