0 0.164184 0.650644 0.020798 0.011602
0 0.459280 0.512036 0.020798 0.011602
0 0.500880 0.416036 0.020798 0.011602
0 0.676479 0.501233 0.020798 0.011602
0 0.478877 0.467635 0.020798 0.011602
0 0.490879 0.478034 0.020798 0.011602
0 0.903328 0.551936 0.020798 0.011602
0 0.993864 0.602532 0.004273 0.014397
0 0.856357 0.203500 0.010802 0.018801
0 0.880158 0.199900 0.013601 0.021202
0 0.892160 0.203500 0.013601 0.021202
0 0.955758 0.193101 0.013601 0.021202
0 0.844559 0.204298 0.013601 0.021202
0 0.888360 0.172698 0.016400 0.021202
0 0.916359 0.180700 0.020399 0.012401
0 0.831560 0.178698 0.020399 0.012401
0 0.961157 0.218301 0.020399 0.012401
0 0.617160 0.313098 0.020399 0.012401
0 0.638759 0.301501 0.020399 0.012401
0 0.142053 0.695875 0.020399 0.012401
0 0.186054 0.651075 0.020399 0.012401
0 0.163657 0.682675 0.020399 0.012401
0 0.964791 0.334556 0.020399 0.012401
0 0.977989 0.326958 0.020399 0.012401
0 0.951119 0.708751 0.020399 0.012401
0 0.834174 0.301635 0.020399 0.012401
