0 0.103328 0.551936 0.020798 0.011602
0 0.203127 0.602532 0.022800 0.014397
0 0.219527 0.519532 0.010802 0.018801
0 0.056357 0.203500 0.010802 0.018801
0 0.080158 0.199900 0.013601 0.021202
0 0.092160 0.203500 0.013601 0.021202
0 0.155758 0.193101 0.013601 0.021202
0 0.044559 0.204298 0.013601 0.021202
0 0.214759 0.185098 0.016400 0.021202
0 0.088360 0.172698 0.016400 0.021202
0 0.116359 0.180700 0.020399 0.012401
0 0.031560 0.178698 0.020399 0.012401
0 0.161157 0.218301 0.020399 0.012401
0 0.293386 0.160461 0.020399 0.012401
0 0.381786 0.165663 0.020399 0.012401
0 0.164791 0.334556 0.020399 0.012401
0 0.177989 0.326958 0.020399 0.012401
0 0.295588 0.368957 0.020399 0.012401
0 0.310787 0.360556 0.020399 0.012401
0 0.321589 0.314158 0.020399 0.012401
0 0.550231 0.605542 0.020399 0.012401
0 0.524633 0.610739 0.020399 0.012401
0 0.504632 0.606740 0.020399 0.012401
0 0.486235 0.606740 0.020399 0.012401
0 0.151119 0.708751 0.020399 0.012401
0 0.034174 0.301635 0.020399 0.012401
0 0.343298 0.142740 0.020399 0.012401
