0 0.937460 0.459080 0.065444 0.040271
0 0.796493 0.428867 0.075523 0.035242
0 0.763765 0.296717 0.045311 0.047834
0 0.895924 0.240079 0.062928 0.055384
0 0.979316 0.245108 0.033368 0.060413
0 0.635393 0.061350 0.035245 0.060413
0 0.636651 0.016829 0.052861 0.033658
0 0.337089 0.036968 0.042795 0.073935
0 0.420161 0.187204 0.052861 0.055384
0 0.556095 0.226233 0.037761 0.062934
0 0.535950 0.416288 0.037761 0.060413
0 0.479314 0.415021 0.050345 0.067962
0 0.461698 0.305521 0.040278 0.065454
0 0.421420 0.292942 0.035245 0.050342
0 0.400028 0.311817 0.037761 0.067962
0 0.361008 0.277829 0.035245 0.050342
0 0.337089 0.310563 0.032728 0.055384
0 0.374850 0.354609 0.027695 0.047834
0 0.357234 0.344538 0.032728 0.062934
0 0.248983 0.306775 0.042795 0.062934
