0 0.972180 0.546501 0.047075 0.066450
0 0.993092 0.607418 0.005815 0.077529
0 0.915414 0.604651 0.049839 0.038771
0 0.901573 0.647572 0.044300 0.063683
0 0.908500 0.568647 0.058153 0.094142
0 0.848959 0.164375 0.055378 0.060917
0 0.836505 0.333280 0.074758 0.066450
0 0.783891 0.426051 0.047075 0.063683
0 0.804659 0.540955 0.060917 0.083075
0 0.768661 0.511880 0.027695 0.063683
0 0.743742 0.529889 0.033234 0.066450
0 0.630211 0.450963 0.055378 0.069229
0 0.587287 0.322213 0.047075 0.055384
0 0.533297 0.252984 0.055378 0.060917
0 0.506990 0.336059 0.063692 0.060917
0 0.605409 0.609616 0.057894 0.080554
0 0.095660 0.976502 0.070489 0.038996
