0 0.945513 0.617166 0.065444 0.080554
0 0.601898 0.638562 0.062928 0.098175
0 0.643434 0.896591 0.075523 0.030213
0 0.644692 0.926791 0.057894 0.040271
0 0.634626 0.958258 0.052861 0.032721
0 0.654759 0.985312 0.042795 0.021375
0 0.405553 0.906662 0.037761 0.080554
0 0.384161 0.878971 0.030211 0.060413
0 0.496175 0.714087 0.047828 0.057892
0 0.465964 0.739258 0.042795 0.067962
0 0.350175 0.706537 0.027695 0.062934
0 0.316189 0.692691 0.030211 0.065454
0 0.278427 0.664999 0.045311 0.045313
0 0.118585 0.698987 0.047828 0.083075
0 0.321222 0.841208 0.040278 0.065454
0 0.270877 0.785824 0.045311 0.055384
0 0.298572 0.885267 0.020133 0.052863
0 0.278427 0.865125 0.030211 0.057892
