0 0.710753 0.066071 0.060917 0.080296
0 0.634607 0.033730 0.063692 0.067461
0 0.274633 0.324980 0.058153 0.044304
0 0.278784 0.369284 0.066456 0.044304
0 0.371547 0.647572 0.047075 0.080296
0 0.342477 0.648956 0.055378 0.060917
0 0.262179 0.545118 0.049839 0.080296
0 0.213716 0.534039 0.052614 0.058150
0 0.172180 0.546501 0.047075 0.066450
0 0.209565 0.607418 0.038761 0.077529
0 0.217868 0.657255 0.055378 0.077529
0 0.115414 0.604651 0.049839 0.038771
0 0.101573 0.647572 0.044300 0.063683
0 0.108500 0.568647 0.058153 0.094142
0 0.048959 0.164375 0.055378 0.060917
0 0.036942 0.333280 0.073884 0.066450
0 0.017559 0.540955 0.035117 0.083075
