0 0.988093 0.666000 0.015814 0.060917
0 0.988090 0.538620 0.015820 0.049837
0 0.852808 0.740762 0.044300 0.055384
0 0.898496 0.826591 0.047075 0.083075
0 0.833427 0.845983 0.049839 0.044304
0 0.855572 0.869512 0.033234 0.047071
0 0.724048 0.965050 0.035997 0.060917
0 0.501149 0.804446 0.044300 0.071996
0 0.356195 0.883500 0.052708 0.097296
0 0.396732 0.247003 0.077028 0.097296
0 0.380515 0.163902 0.068925 0.109461
0 0.323761 0.230791 0.060811 0.081084
0 0.149431 0.968644 0.044594 0.048648
0 0.121054 0.964077 0.044594 0.063845
