0 0.965752 0.315452 0.039525 0.085299
0 0.770583 0.118623 0.075523 0.090625
0 0.856160 0.371611 0.045311 0.078033
0 0.820927 0.365328 0.060411 0.075512
0 0.778133 0.275957 0.070489 0.088104
0 0.611987 0.296099 0.075523 0.073004
0 0.458437 0.433291 0.070489 0.070483
0 0.433259 0.389232 0.085589 0.027692
0 0.219297 0.328820 0.045311 0.057892
0 0.234397 0.025330 0.055378 0.050661
0 0.172728 0.442095 0.032728 0.052863
0 0.200411 0.419445 0.057894 0.042792
0 0.228106 0.393007 0.037761 0.065454
0 0.204186 0.382949 0.040278 0.055384
0 0.099722 0.211769 0.037761 0.075512
