0 0.138558 0.914125 0.012002 0.017600
0 0.087763 0.936128 0.012002 0.020800
0 0.197763 0.908128 0.012002 0.020800
0 0.232958 0.870528 0.012002 0.020800
0 0.220962 0.913325 0.012002 0.020800
0 0.242160 0.896525 0.012002 0.020800
0 0.255358 0.893325 0.012002 0.020800
0 0.068559 0.969728 0.012002 0.020800
0 0.158561 0.994064 0.012002 0.003872
0 0.197763 0.984128 0.012002 0.020800
0 0.205758 0.955725 0.012002 0.020800
0 0.226158 0.988262 0.012002 0.015475
0 0.225359 0.976525 0.012002 0.020800
0 0.225359 0.960128 0.012002 0.020800
0 0.236159 0.938528 0.012002 0.020800
0 0.105358 0.898125 0.012002 0.020800
0 0.389091 0.477792 0.030010 0.048019
