0 0.138558 0.114125 0.012002 0.017600
0 0.087763 0.136128 0.012002 0.020800
0 0.197763 0.108128 0.012002 0.020800
0 0.232958 0.070528 0.012002 0.020800
0 0.220962 0.113325 0.012002 0.020800
0 0.242160 0.096525 0.012002 0.020800
0 0.255358 0.093325 0.012002 0.020800
0 0.068559 0.169728 0.012002 0.020800
0 0.134960 0.251328 0.012002 0.020800
0 0.158561 0.202528 0.012002 0.020800
0 0.170960 0.247725 0.012002 0.020800
0 0.191762 0.232928 0.012002 0.020800
0 0.191359 0.215328 0.012002 0.020800
0 0.170161 0.213728 0.012002 0.020800
0 0.197763 0.184128 0.012002 0.020800
0 0.205758 0.155725 0.012002 0.020800
0 0.226158 0.190925 0.012002 0.020800
0 0.225359 0.176525 0.012002 0.020800
0 0.225359 0.160128 0.012002 0.020800
0 0.236159 0.138528 0.012002 0.020800
0 0.105358 0.098125 0.012002 0.020800
0 0.141254 0.286746 0.012002 0.020800
0 0.139656 0.307546 0.012002 0.020800
0 0.161257 0.322746 0.012002 0.020800
0 0.163654 0.301146 0.012002 0.020800
0 0.503660 0.489530 0.012002 0.020800
0 0.525261 0.498733 0.012002 0.020800
0 0.533658 0.485133 0.012002 0.020800
0 0.641485 0.750733 0.012002 0.020800
0 0.529089 0.711533 0.012002 0.020800
0 0.610687 0.815533 0.012002 0.020800
0 0.695488 0.723533 0.012002 0.020800
0 0.879889 0.731136 0.012002 0.020800
0 0.805487 0.733536 0.012002 0.020800
0 0.775488 0.755136 0.012002 0.020800
0 0.697890 0.903936 0.012002 0.020800
0 0.722291 0.918733 0.012002 0.020800
0 0.693487 0.919533 0.012002 0.020800
0 0.749088 0.919136 0.012002 0.020800
0 0.485887 0.705536 0.012002 0.020800
0 0.507085 0.704333 0.012002 0.020800
0 0.587557 0.754259 0.014002 0.022400
0 0.586759 0.669459 0.014002 0.022400
0 0.592759 0.689459 0.014002 0.022400
0 0.547557 0.823859 0.014002 0.022400
0 0.603560 0.777056 0.014002 0.022400
0 0.527560 0.773459 0.014002 0.022400
0 0.691895 0.823437 0.014002 0.022400
