0 0.980888 0.664831 0.030225 0.091655
0 0.117320 0.941901 0.060250 0.071736
0 0.161784 0.814223 0.040171 0.068855
0 0.019206 0.811343 0.038411 0.057388
0 0.266512 0.524428 0.048783 0.080336
0 0.272257 0.448392 0.054517 0.071736
0 0.544841 0.314968 0.037304 0.080336
0 0.626610 0.396737 0.057383 0.100430
0 0.249299 0.241799 0.065996 0.083203
0 0.232086 0.161463 0.043038 0.060255
0 0.731337 0.038086 0.060250 0.060255
0 0.520443 0.048133 0.045904 0.091816
0 0.107280 0.092608 0.057383 0.083203
0 0.009166 0.155730 0.018332 0.077469
0 0.379851 0.292021 0.045904 0.045908
