0 0.889017 0.615194 0.040171 0.074602
0 0.969764 0.629541 0.052473 0.080336
0 0.965052 0.563553 0.031558 0.068855
0 0.831633 0.318232 0.045904 0.065989
0 0.926321 0.348359 0.045904 0.063122
0 0.956440 0.395701 0.043038 0.043041
0 0.649431 0.590813 0.043038 0.077469
0 0.505972 0.531992 0.077475 0.080336
0 0.405551 0.490384 0.077475 0.065989
0 0.322343 0.521945 0.071729 0.077469
0 0.543277 0.774446 0.065996 0.054522
0 0.538970 0.867695 0.057383 0.074602
0 0.442856 0.851915 0.060250 0.065989
0 0.213515 0.729596 0.027772 0.055553
