0 0.446761 0.873429 0.048783 0.051642
0 0.360686 0.874862 0.071729 0.060255
0 0.356380 0.717057 0.051650 0.065989
0 0.291823 0.788793 0.094687 0.060255
0 0.149792 0.828954 0.068863 0.094683
0 0.182790 0.727104 0.054517 0.086083
0 0.068023 0.467436 0.037304 0.054522
0 0.045065 0.632408 0.048783 0.068855
0 0.267438 0.437309 0.040171 0.063122
0 0.320515 0.425828 0.031558 0.057388
0 0.356380 0.364140 0.040171 0.083203
0 0.309036 0.191988 0.054517 0.065989
0 0.545755 0.252243 0.051650 0.065989
0 0.496971 0.283804 0.057383 0.065989
0 0.442455 0.503297 0.063129 0.080336
0 0.679174 0.191988 0.065996 0.094683
0 0.011773 0.070044 0.023546 0.057388
