0 0.021233 0.297205 0.031462 0.045016
0 0.120928 0.254376 0.034365 0.033875
0 0.240485 0.322614 0.037268 0.041620
0 0.320584 0.274459 0.030978 0.038236
0 0.326874 0.288006 0.030010 0.042109
0 0.344051 0.287774 0.028559 0.039690
0 0.475462 0.280750 0.026139 0.039201
0 0.490944 0.283657 0.021301 0.038236
0 0.555561 0.232839 0.029526 0.037271
0 0.641721 0.182741 0.028559 0.032910
0 0.706568 0.207185 0.030494 0.040166
0 0.517568 0.339558 0.029042 0.042597
0 0.419312 0.343186 0.037752 0.035329
0 0.490219 0.405146 0.033397 0.045981
0 0.343567 0.373677 0.025656 0.027584
0 0.292510 0.495165 0.026139 0.042109
0 0.264193 0.503875 0.026623 0.035329
0 0.231038 0.511620 0.026139 0.037271
0 0.238549 0.528564 0.025656 0.031456
0 0.227167 0.610839 0.022269 0.044039
0 0.244839 0.604792 0.023720 0.041620
0 0.360392 0.332301 0.035332 0.032433
0 0.865400 0.244957 0.029998 0.030406
0 0.852397 0.198756 0.029599 0.038798
0 0.809795 0.185563 0.038006 0.023601
0 0.786595 0.220159 0.036397 0.030406
