0 0.038718 0.086406 0.023599 0.043599
0 0.004061 0.162609 0.008121 0.044796
0 0.089691 0.385453 0.032562 0.037845
0 0.168230 0.422199 0.033881 0.025079
0 0.184947 0.339692 0.023321 0.044882
0 0.234673 0.313953 0.032998 0.034755
0 0.262168 0.312634 0.025523 0.040044
0 0.311894 0.413184 0.025523 0.035194
0 0.375035 0.393162 0.025075 0.045321
0 0.397244 0.371161 0.026406 0.037405
0 0.413972 0.372700 0.022003 0.040484
0 0.481069 0.398439 0.040921 0.029477
0 0.634640 0.325522 0.042590 0.028072
0 0.684499 0.297694 0.025172 0.047911
0 0.743782 0.275179 0.029526 0.046470
0 0.821233 0.297205 0.031462 0.045016
0 0.920928 0.254376 0.034365 0.033875
0 0.316757 0.849026 0.040001 0.030406
0 0.246152 0.847829 0.022003 0.033594
0 0.258357 0.851824 0.027204 0.034400
0 0.297149 0.899234 0.029599 0.034803
0 0.310552 0.909422 0.022003 0.032800
0 0.093961 0.871430 0.022402 0.036001
0 0.111355 0.848623 0.025196 0.026399
0 0.149953 0.843223 0.023200 0.031603
0 0.131761 0.842833 0.020406 0.030002
0 0.445785 0.853094 0.026418 0.032849
0 0.503737 0.842943 0.020805 0.033203
0 0.530336 0.823739 0.022801 0.049206
0 0.552338 0.847340 0.020406 0.029196
0 0.578538 0.865542 0.031196 0.027999
0 0.759652 0.006066 0.023720 0.012132
