0 0.757243 0.015582 0.031946 0.031165
0 0.636114 0.016380 0.025027 0.032759
0 0.700005 0.064698 0.026091 0.036208
0 0.735676 0.101700 0.029284 0.045248
0 0.771081 0.107832 0.034074 0.035133
0 0.762565 0.159470 0.045783 0.024493
0 0.825114 0.189814 0.032478 0.042597
0 0.774540 0.243064 0.029284 0.041522
0 0.726362 0.325314 0.037268 0.028219
0 0.751643 0.323445 0.027156 0.037271
0 0.760703 0.349270 0.040993 0.027156
0 0.654488 0.347669 0.025559 0.032482
0 0.667261 0.369768 0.022366 0.036208
0 0.705061 0.421943 0.031946 0.031945
0 0.742595 0.424874 0.035671 0.035671
0 0.664334 0.467459 0.027156 0.039934
0 0.574630 0.445642 0.024494 0.039934
0 0.547474 0.345544 0.036203 0.027156
0 0.514997 0.374557 0.048977 0.027681
0 0.493962 0.255304 0.028220 0.041522
0 0.460686 0.124593 0.027688 0.039934
0 0.427688 0.113146 0.031946 0.043660
0 0.457758 0.198866 0.028220 0.039397
0 0.353152 0.213513 0.021301 0.033545
0 0.389622 0.275534 0.029284 0.037271
0 0.363264 0.351395 0.036203 0.029282
0 0.542684 0.309604 0.026623 0.037271
0 0.227801 0.285563 0.025994 0.038004
0 0.065400 0.244957 0.029998 0.030406
0 0.052397 0.198756 0.029599 0.038798
0 0.014399 0.185563 0.028798 0.023601
0 0.311796 0.411962 0.025196 0.041999
0 0.328791 0.414161 0.025595 0.044002
0 0.425196 0.438165 0.023200 0.041595
0 0.368199 0.465761 0.041997 0.024004
0 0.509190 0.465957 0.023200 0.033203
0 0.522000 0.488959 0.031196 0.021598
0 0.493998 0.489167 0.021603 0.036404
0 0.551998 0.543357 0.045602 0.023198
