0 0.535713 0.966811 0.020805 0.041205
0 0.573320 0.990907 0.023998 0.010187
0 0.628719 0.961815 0.020406 0.039201
0 0.598516 0.880004 0.027204 0.034803
0 0.632324 0.815211 0.037195 0.029196
0 0.678120 0.817214 0.025595 0.040398
0 0.706521 0.803410 0.035998 0.046396
0 0.838718 0.886406 0.023599 0.043599
0 0.795124 0.962609 0.025994 0.044796
0 0.756913 0.974410 0.022402 0.031603
0 0.739519 0.948610 0.022801 0.038395
0 0.759913 0.944615 0.021204 0.039201
0 0.709920 0.915614 0.027603 0.033997
0 0.698913 0.908614 0.022402 0.033594
0 0.684313 0.914612 0.020406 0.038395
