0 0.641721 0.981143 0.028559 0.029714
0 0.706568 0.991551 0.030494 0.008898
0 0.014338 0.726718 0.023720 0.039201
0 0.112594 0.693796 0.024688 0.043074
0 0.137511 0.693320 0.030010 0.040166
0 0.170183 0.606684 0.026623 0.044039
0 0.225365 0.613219 0.026623 0.046470
0 0.436633 0.610312 0.027107 0.037747
0 0.437117 0.585147 0.023236 0.037747
0 0.551098 0.598694 0.029526 0.049365
0 0.634584 0.682667 0.029042 0.037271
0 0.801570 0.776327 0.033881 0.045492
0 0.724603 0.653141 0.029042 0.040166
0 0.739614 0.619743 0.029042 0.037271
0 0.892314 0.628220 0.028559 0.034852
0 0.922808 0.697913 0.035332 0.030002
0 0.781962 0.579821 0.025656 0.035817
0 0.852397 0.987679 0.029599 0.016643
0 0.809795 0.984881 0.038006 0.022238
