0 0.168515 0.547010 0.028002 0.039995
0 0.202723 0.522407 0.027603 0.038798
0 0.225524 0.523213 0.029200 0.042805
0 0.252123 0.559605 0.023998 0.042805
0 0.243317 0.462610 0.025595 0.044002
0 0.094318 0.521210 0.025994 0.033997
0 0.115123 0.490010 0.020406 0.032397
0 0.119913 0.527208 0.020406 0.032397
0 0.216318 0.413611 0.025196 0.030797
0 0.242918 0.404009 0.024797 0.033203
0 0.252522 0.314405 0.025595 0.036404
0 0.391118 0.424410 0.026805 0.034803
0 0.423922 0.462011 0.025994 0.032397
0 0.455722 0.389008 0.020805 0.032006
0 0.448719 0.362206 0.022801 0.036001
0 0.519517 0.306404 0.028401 0.038798
0 0.474314 0.264210 0.026805 0.035194
0 0.531516 0.216005 0.022801 0.038798
0 0.535713 0.166811 0.020805 0.041205
0 0.573320 0.203215 0.023998 0.034803
0 0.628719 0.161815 0.020406 0.039201
0 0.598516 0.080004 0.027204 0.034803
0 0.632324 0.015211 0.037195 0.029196
0 0.678120 0.018707 0.025595 0.037413
0 0.706521 0.013304 0.035998 0.026608
0 0.838718 0.086406 0.023599 0.043599
0 0.795124 0.162609 0.025994 0.044796
0 0.756913 0.174410 0.022402 0.031603
0 0.739519 0.148610 0.022801 0.038395
0 0.759913 0.144615 0.021204 0.039201
0 0.709920 0.115614 0.027603 0.033997
0 0.698913 0.108614 0.022402 0.033594
0 0.684313 0.114612 0.020406 0.038395
0 0.759453 0.302959 0.022886 0.040044
0 0.889691 0.385453 0.032562 0.037845
0 0.968230 0.422199 0.033881 0.025079
0 0.984643 0.339692 0.022714 0.044882
0 0.893961 0.871430 0.022402 0.036001
0 0.911355 0.848623 0.025196 0.026399
0 0.949953 0.843223 0.023200 0.031603
0 0.931761 0.842833 0.020406 0.030002
0 0.132348 0.492331 0.021603 0.032397
0 0.202952 0.385123 0.020406 0.037198
0 0.218955 0.384928 0.023599 0.035194
0 0.091959 0.479333 0.025595 0.033594
