0 0.044823 0.182411 0.022813 0.052468
0 0.154195 0.344908 0.023998 0.041131
0 0.135773 0.356049 0.023140 0.039421
0 0.536816 0.377904 0.029998 0.029990
0 0.582660 0.410887 0.034280 0.025702
0 0.610081 0.465737 0.030845 0.041131
0 0.687205 0.511156 0.061702 0.027425
0 0.529534 0.188947 0.025704 0.032568
0 0.669206 0.557455 0.024470 0.043098
0 0.812338 0.534574 0.038308 0.021818
0 0.858896 0.556392 0.022886 0.038847
0 0.766047 0.602690 0.029792 0.035646
0 0.812871 0.609605 0.029792 0.033521
0 0.558141 0.653643 0.022003 0.037198
0 0.621536 0.674447 0.025595 0.037198
0 0.599546 0.677648 0.028002 0.033997
0 0.593340 0.692441 0.025994 0.030002
0 0.572946 0.706245 0.025196 0.040801
0 0.665336 0.689839 0.022801 0.030406
0 0.679742 0.657638 0.020406 0.033203
0 0.690943 0.672236 0.023599 0.032800
0 0.712546 0.653643 0.025196 0.041205
0 0.913739 0.528246 0.041199 0.024004
0 0.930347 0.541036 0.023200 0.033594
0 0.957140 0.526047 0.024797 0.035597
0 0.987973 0.541647 0.016053 0.039604
