0 0.756837 0.990468 0.026115 0.011064
0 0.699393 0.967528 0.020890 0.041777
0 0.670242 0.913564 0.021761 0.036549
0 0.614104 0.879622 0.033070 0.033069
0 0.627591 0.977414 0.021761 0.037172
0 0.644998 0.977847 0.021761 0.036306
0 0.594521 0.912691 0.026986 0.038296
0 0.576679 0.910957 0.029587 0.048737
0 0.554483 0.843495 0.030458 0.035690
0 0.530993 0.828264 0.025244 0.040030
0 0.491826 0.842199 0.030458 0.036549
0 0.513574 0.896586 0.030458 0.053091
0 0.434382 0.813033 0.028716 0.035690
0 0.411315 0.828701 0.024373 0.030462
0 0.389990 0.841325 0.020019 0.043523
0 0.406089 0.889189 0.027845 0.034816
0 0.399570 0.787798 0.037425 0.044383
0 0.420024 0.682053 0.022632 0.045257
0 0.447869 0.641150 0.024373 0.033069
0 0.419153 0.628526 0.036554 0.040903
0 0.385200 0.715996 0.034812 0.040030
