0 0.085647 0.449510 0.040038 0.033069
0 0.109150 0.412960 0.027845 0.033069
0 0.108279 0.364223 0.024373 0.022628
0 0.152236 0.365957 0.026986 0.040030
0 0.188355 0.323320 0.022632 0.040030
0 0.159191 0.454737 0.025244 0.036549
0 0.174868 0.444733 0.028716 0.032209
0 0.041267 0.305905 0.041780 0.038296
0 0.005834 0.299818 0.011668 0.024375
0 0.032727 0.261577 0.023539 0.034652
0 0.044823 0.251122 0.021579 0.032046
0 0.057911 0.240982 0.021579 0.043155
0 0.097792 0.299177 0.020273 0.037928
0 0.125915 0.295915 0.039893 0.037928
