0 0.973368 0.688298 0.045263 0.047377
0 0.906145 0.760762 0.050162 0.080818
0 0.791874 0.695273 0.061315 0.061313
0 0.796059 0.624201 0.041804 0.075248
0 0.673430 0.670186 0.036228 0.072464
0 0.568908 0.646504 0.027869 0.058528
0 0.561941 0.622809 0.036228 0.072464
0 0.447682 0.596330 0.036228 0.041808
0 0.437921 0.636745 0.033445 0.039023
0 0.437921 0.677160 0.039022 0.036225
0 0.290217 0.601912 0.050162 0.058528
0 0.326444 0.537802 0.027869 0.080818
0 0.371030 0.521081 0.033445 0.058528
0 0.366857 0.448617 0.041804 0.069679
0 0.318086 0.424935 0.033445 0.066882
0 0.201033 0.381736 0.055738 0.064097
0 0.295781 0.526650 0.039022 0.052959
0 0.348737 0.273033 0.066891 0.052959
0 0.313901 0.153193 0.047380 0.064097
