0 0.919921 0.958551 0.089607 0.074897
0 0.734719 0.964524 0.065718 0.062952
0 0.669001 0.964527 0.065718 0.062946
0 0.340425 0.822517 0.113509 0.101559
0 0.686927 0.604462 0.077668 0.083641
0 0.740694 0.613427 0.053767 0.101559
0 0.824338 0.601482 0.065718 0.125462
0 0.890044 0.586545 0.053767 0.119489
0 0.913945 0.514848 0.053767 0.167282
0 0.916933 0.018456 0.083644 0.036911
0 0.743682 0.027421 0.083644 0.054842
0 0.523777 0.136941 0.032647 0.085684
0 0.482965 0.077775 0.048965 0.081611
0 0.205495 0.308322 0.065282 0.077525
0 0.185101 0.247113 0.057129 0.093856
0 0.038195 0.418495 0.057129 0.093856
0 0.027259 0.347085 0.054518 0.089770
0 0.170815 0.902020 0.061206 0.097928
