0 0.051160 0.448026 0.028958 0.037222
0 0.517857 0.365991 0.035852 0.041359
0 0.008718 0.872360 0.017436 0.040493
0 0.006836 0.907202 0.013673 0.032963
0 0.029682 0.875191 0.032018 0.029192
0 0.075827 0.807849 0.043320 0.020722
0 0.067820 0.773007 0.021654 0.037674
0 0.113485 0.686847 0.030131 0.057444
0 0.170933 0.690618 0.032018 0.038613
0 0.198238 0.698623 0.030131 0.043312
0 0.230256 0.691081 0.026367 0.037674
0 0.269344 0.679780 0.036731 0.039553
0 0.270751 0.718870 0.043320 0.042372
0 0.331493 0.660950 0.027305 0.033903
0 0.399762 0.676961 0.039557 0.047083
0 0.461442 0.690142 0.042371 0.035782
0 0.567391 0.886492 0.032018 0.032963
0 0.525478 0.881781 0.029193 0.027313
0 0.542900 0.924153 0.033906 0.025421
0 0.016251 0.331356 0.032501 0.041433
0 0.006361 0.361488 0.012723 0.032023
