0 0.851160 0.448026 0.028958 0.037222
0 0.426165 0.802675 0.025429 0.040493
0 0.422402 0.843168 0.034844 0.031071
0 0.457234 0.881781 0.031080 0.038613
0 0.494434 0.861059 0.043320 0.044264
0 0.493965 0.902027 0.032956 0.043312
0 0.589551 0.847402 0.030131 0.033903
0 0.656882 0.850234 0.025429 0.041433
0 0.685606 0.861059 0.026367 0.032963
0 0.715267 0.868125 0.032956 0.054613
0 0.735984 0.821505 0.023542 0.034842
0 0.773172 0.876594 0.026367 0.033903
0 0.804252 0.872360 0.026367 0.040493
0 0.803314 0.907202 0.020716 0.032963
0 0.829682 0.875191 0.032018 0.029192
0 0.875827 0.807849 0.043320 0.020722
0 0.867820 0.773007 0.021654 0.037674
0 0.758576 0.723568 0.032956 0.021662
0 0.913485 0.686847 0.030131 0.057444
0 0.970933 0.690618 0.032018 0.038613
0 0.989586 0.698623 0.012828 0.043312
0 0.813198 0.331356 0.038607 0.041433
0 0.796714 0.361488 0.032018 0.032023
