0 0.254546 0.460520 0.027305 0.044264
0 0.241837 0.509495 0.035782 0.048023
0 0.243713 0.555638 0.045196 0.040493
0 0.165561 0.644154 0.030131 0.044264
0 0.243244 0.688881 0.048022 0.033903
0 0.097280 0.743970 0.032956 0.036722
0 0.095404 0.660629 0.031080 0.045204
0 0.140600 0.751036 0.025429 0.041433
0 0.232423 0.865449 0.024480 0.040493
0 0.304924 0.927604 0.032018 0.042372
0 0.270080 0.963386 0.032018 0.036722
0 0.208400 0.855087 0.025429 0.034842
0 0.205106 0.839088 0.024480 0.034842
0 0.455132 0.914887 0.025429 0.028252
0 0.480080 0.918658 0.033906 0.035782
0 0.740459 0.910652 0.038607 0.049914
