0 0.248435 0.782841 0.026708 0.045498
0 0.251398 0.837736 0.020769 0.036601
0 0.260797 0.864940 0.023744 0.039575
0 0.386922 0.832787 0.030663 0.038575
0 0.442818 0.814493 0.033639 0.039575
0 0.298597 0.676589 0.026018 0.040883
0 0.300448 0.709664 0.022293 0.032704
0 0.372177 0.658384 0.031958 0.038652
0 0.433867 0.671755 0.027494 0.031217
0 0.473626 0.666179 0.037159 0.026012
0 0.522675 0.667666 0.035671 0.030473
0 0.591054 0.671012 0.031220 0.037165
0 0.647542 0.684396 0.026756 0.043101
0 0.731525 0.711895 0.031220 0.031217
0 0.523788 0.843069 0.023043 0.034935
0 0.798779 0.721548 0.026018 0.034191
0 0.810306 0.673986 0.026756 0.037165
0 0.909518 0.688473 0.026018 0.040883
0 0.938875 0.670268 0.025269 0.038652
0 0.948539 0.682909 0.022293 0.035678
0 0.548416 0.825544 0.021398 0.037755
