0 0.016885 0.738625 0.024277 0.039575
0 0.169754 0.739522 0.029671 0.035973
0 0.223267 0.732779 0.032369 0.044062
0 0.241701 0.799776 0.026079 0.034178
0 0.270478 0.794827 0.027881 0.035076
0 0.174617 0.663089 0.020273 0.032550
0 0.186894 0.668012 0.023950 0.031332
0 0.395986 0.797366 0.043328 0.028614
0 0.439628 0.707395 0.025184 0.028255
0 0.448845 0.693883 0.023950 0.029486
0 0.517635 0.707703 0.023950 0.042383
0 0.544355 0.701562 0.038078 0.028871
0 0.620826 0.651807 0.031329 0.035011
0 0.710203 0.611258 0.033167 0.028871
