0 0.512220 0.199427 0.034903 0.041498
0 0.584842 0.264499 0.031126 0.035836
0 0.681046 0.289023 0.027348 0.039611
0 0.693306 0.330990 0.027348 0.034899
0 0.560322 0.374376 0.033015 0.040561
0 0.786279 0.385590 0.035604 0.020798
0 0.800084 0.362583 0.025601 0.039599
0 0.874678 0.391387 0.042804 0.026806
0 0.809683 0.426582 0.025601 0.035602
0 0.713883 0.449182 0.025197 0.044804
0 0.757280 0.549991 0.032005 0.040006
0 0.818878 0.560391 0.023202 0.039204
0 0.850277 0.561785 0.022002 0.036404
0 0.867087 0.558590 0.022798 0.038797
0 0.918884 0.614990 0.032005 0.036404
