0 0.006442 0.362583 0.012885 0.039599
0 0.074678 0.391387 0.042804 0.026806
0 0.011242 0.426582 0.022484 0.035602
0 0.018878 0.560391 0.023202 0.039204
0 0.050277 0.561785 0.022002 0.036404
0 0.067087 0.558590 0.022798 0.038797
0 0.118884 0.614990 0.032005 0.036404
0 0.249231 0.767660 0.028595 0.042683
0 0.282673 0.675695 0.033003 0.032999
0 0.292569 0.716392 0.036080 0.028163
0 0.326225 0.764576 0.025958 0.040919
0 0.346909 0.783709 0.024200 0.037835
0 0.311055 0.835631 0.033442 0.040474
0 0.322269 0.715072 0.025079 0.036083
