0 0.573039 0.984443 0.036400 0.023114
0 0.735640 0.916492 0.020802 0.036798
0 0.703446 0.969487 0.026801 0.034800
0 0.705845 0.994047 0.042804 0.003907
0 0.774642 0.980847 0.024402 0.030306
0 0.852647 0.940486 0.035604 0.030396
0 0.834648 0.929692 0.022798 0.040795
0 0.864645 0.909485 0.023606 0.037205
0 0.894642 0.927286 0.026005 0.035195
0 0.936448 0.881088 0.040796 0.026004
0 0.950039 0.894892 0.044004 0.023204
0 0.267153 0.939597 0.039489 0.059237
0 0.591465 0.507443 0.047092 0.051651
0 0.251970 0.231819 0.029629 0.041868
0 0.111216 0.419277 0.030282 0.049603
0 0.267105 0.377409 0.026409 0.040585
0 0.232962 0.465019 0.040582 0.036724
0 0.425038 0.216720 0.026397 0.039204
0 0.443036 0.219520 0.025601 0.044003
0 0.714292 0.577141 0.024805 0.033603
