0 0.510563 0.375181 0.015974 0.031942
0 0.378926 0.400090 0.012000 0.024000
0 0.339329 0.382893 0.012000 0.024000
0 0.282925 0.494093 0.012000 0.024000
0 0.301330 0.491693 0.012000 0.024000
0 0.492529 0.331693 0.012000 0.024000
0 0.266526 0.425690 0.012000 0.024000
0 0.227330 0.480890 0.012000 0.024000
0 0.101326 0.651693 0.012000 0.024000
0 0.100129 0.693293 0.012000 0.024000
0 0.081731 0.773690 0.012000 0.024000
0 0.289731 0.702093 0.012000 0.024000
0 0.195729 0.658093 0.012000 0.024000
0 0.370128 0.738893 0.012000 0.024000
0 0.499729 0.801690 0.012000 0.024000
0 0.552530 0.820493 0.012000 0.024000
0 0.117330 0.602893 0.012000 0.024000
0 0.460758 0.753830 0.014522 0.029037
0 0.388362 0.728205 0.016800 0.024000
0 0.227561 0.683808 0.016800 0.024000
0 0.236766 0.673408 0.016800 0.024000
0 0.273963 0.699405 0.016800 0.024000
0 0.091562 0.726810 0.024000 0.016397
0 0.259964 0.650406 0.024000 0.016397
0 0.097966 0.790810 0.024000 0.016397
0 0.538367 0.361210 0.024802 0.028000
0 0.248961 0.473005 0.020397 0.027597
