0 0.106322 0.251143 0.012001 0.019999
0 0.123520 0.296341 0.012001 0.019999
0 0.202322 0.403543 0.012001 0.019999
0 0.283121 0.601142 0.012001 0.019999
0 0.363520 0.753940 0.012001 0.019999
0 0.328719 0.801541 0.012001 0.019999
0 0.347121 0.787943 0.012001 0.019999
0 0.337956 0.748277 0.021601 0.014800
0 0.314757 0.734674 0.021601 0.014800
0 0.317158 0.715877 0.021601 0.014800
0 0.317957 0.694274 0.021601 0.014800
0 0.309156 0.661074 0.021601 0.014800
0 0.209531 0.339782 0.026138 0.017909
0 0.084966 0.227029 0.021601 0.014800
0 0.374118 0.280060 0.021601 0.014800
