0 0.616596 0.101003 0.012001 0.019999
0 0.356193 0.134605 0.012001 0.019999
0 0.673792 0.133006 0.012001 0.019999
0 0.184730 0.631108 0.012001 0.019999
0 0.053130 0.572307 0.012001 0.019999
0 0.252329 0.560706 0.012001 0.019999
0 0.289531 0.445905 0.012001 0.019999
0 0.056730 0.651504 0.012001 0.019999
0 0.220733 0.684709 0.012001 0.019999
0 0.203131 0.679906 0.012001 0.019999
0 0.286331 0.327504 0.012001 0.019999
0 0.054733 0.335505 0.012001 0.019999
0 0.299530 0.209108 0.012001 0.019999
0 0.134426 0.875863 0.014520 0.024198
0 0.167818 0.883607 0.014520 0.024198
0 0.115062 0.883607 0.014520 0.024198
0 0.193469 0.804227 0.014520 0.024198
0 0.055532 0.919420 0.014520 0.024198
0 0.099574 0.947495 0.014520 0.024198
0 0.219607 0.813425 0.014520 0.024198
0 0.158141 0.900543 0.014520 0.024198
0 0.216704 0.764056 0.014520 0.024198
0 0.152330 0.984520 0.026138 0.021781
0 0.267694 0.443132 0.021601 0.014800
0 0.260096 0.458732 0.021601 0.014800
0 0.249697 0.335930 0.021601 0.014800
0 0.187694 0.174730 0.021601 0.014800
0 0.548495 0.143934 0.021601 0.014800
0 0.513295 0.006866 0.021601 0.013733
