0 0.451256 0.003651 0.012001 0.007303
0 0.461798 0.329332 0.012001 0.019999
0 0.232197 0.356532 0.012001 0.019999
0 0.424596 0.476934 0.012001 0.019999
0 0.380995 0.564132 0.012001 0.019999
0 0.422830 0.652004 0.012001 0.019999
0 0.506030 0.752402 0.012001 0.019999
0 0.499630 0.788403 0.012001 0.019999
0 0.500029 0.883601 0.012001 0.019999
0 0.523131 0.904021 0.021601 0.014800
0 0.495534 0.946423 0.021601 0.014800
0 0.542331 0.768824 0.021601 0.014800
0 0.469535 0.938825 0.021601 0.014800
0 0.523530 0.678825 0.021601 0.014800
0 0.547932 0.710421 0.021601 0.014800
0 0.418734 0.378425 0.021601 0.014800
0 0.436332 0.424021 0.021601 0.014800
0 0.539131 0.480025 0.021601 0.014800
0 0.508733 0.388422 0.021601 0.014800
0 0.399933 0.482821 0.021601 0.014800
0 0.760914 0.879575 0.023762 0.016282
0 0.689393 0.958258 0.021601 0.014800
0 0.934195 0.855059 0.021601 0.014800
0 0.569380 0.052531 0.034785 0.023834
