0 0.984730 0.631108 0.012001 0.019999
0 0.853130 0.572307 0.012001 0.019999
0 0.856730 0.651504 0.012001 0.019999
0 0.854733 0.335505 0.012001 0.019999
0 0.934426 0.875863 0.014520 0.024198
0 0.967818 0.883607 0.014520 0.024198
0 0.915062 0.883607 0.014520 0.024198
0 0.991105 0.804227 0.009791 0.024198
0 0.768410 0.828912 0.014520 0.024198
0 0.855532 0.919420 0.014520 0.024198
0 0.899574 0.947495 0.014520 0.024198
0 0.958141 0.900543 0.014520 0.024198
0 0.952330 0.984520 0.026138 0.021781
0 0.986447 0.174730 0.019107 0.014800
0 0.053975 0.359343 0.021601 0.014800
0 0.029174 0.334944 0.021601 0.014800
0 0.055849 0.138411 0.023762 0.016282
0 0.063329 0.052167 0.023762 0.016282
0 0.409800 0.406463 0.009201 0.020799
0 0.302633 0.528493 0.009201 0.020799
