0 0.973520 0.753774 0.044959 0.082303
0 0.861586 0.941628 0.071562 0.078726
0 0.772130 0.746607 0.057254 0.089458
0 0.670143 0.811024 0.075148 0.089458
0 0.564581 0.553382 0.078722 0.082303
0 0.528795 0.809229 0.050094 0.100190
0 0.428606 0.805652 0.050094 0.085881
0 0.333778 0.451397 0.060828 0.085881
0 0.194216 0.691152 0.053680 0.093035
0 0.348085 0.979552 0.060828 0.032896
0 0.167388 0.959871 0.042935 0.072259
0 0.106548 0.889750 0.057254 0.067994
0 0.030008 0.969542 0.037771 0.052916
0 0.072224 0.971764 0.028882 0.048473
0 0.067779 0.921971 0.046660 0.064429
0 0.041113 0.833091 0.028882 0.051099
0 0.011114 0.840873 0.022228 0.066651
