0 0.967388 0.173836 0.042935 0.100190
0 0.906548 0.089750 0.057254 0.067994
0 0.892217 0.937399 0.064437 0.077760
0 0.983551 0.434139 0.024899 0.062208
0 0.727800 0.589671 0.042215 0.066651
0 0.570044 0.497464 0.042215 0.077760
0 0.511165 0.377492 0.039999 0.077760
0 0.410071 0.324159 0.037771 0.073316
0 0.512279 0.235291 0.055548 0.068873
0 0.306749 0.475247 0.035555 0.055543
0 0.305647 0.419705 0.046660 0.059986
0 0.375630 0.599675 0.044443 0.064429
0 0.402296 0.627453 0.039999 0.057764
0 0.441181 0.856301 0.059993 0.057764
0 0.503390 0.810750 0.042215 0.055543
0 0.223432 0.658557 0.042215 0.066651
0 0.841113 0.466360 0.051104 0.064429
0 0.830008 0.180853 0.037771 0.075538
0 0.872224 0.178631 0.028882 0.062208
0 0.867779 0.121971 0.046660 0.064429
0 0.646700 0.090867 0.039999 0.051099
0 0.625592 0.128636 0.037771 0.059986
0 0.417846 0.074198 0.044443 0.062208
0 0.271206 0.089750 0.075542 0.053321
0 0.099003 0.023766 0.037771 0.047532
0 0.228991 0.916299 0.039999 0.075538
0 0.841113 0.033091 0.028882 0.051099
0 0.798898 0.040873 0.046660 0.066651
0 0.753352 0.013771 0.044443 0.027543
