0 0.943893 0.404642 0.057254 0.125244
0 0.909893 0.764270 0.060828 0.078726
0 0.602155 0.739216 0.067988 0.078726
0 0.713089 0.447583 0.067988 0.082303
0 0.559209 0.460110 0.060828 0.143130
0 0.510901 0.397488 0.050094 0.103767
0 0.861586 0.141628 0.071562 0.078726
0 0.670143 0.027877 0.075148 0.055753
0 0.528795 0.029662 0.050094 0.059324
0 0.428606 0.024296 0.050094 0.048592
0 0.348085 0.198890 0.060828 0.071572
0 0.167388 0.173836 0.042935 0.100190
0 0.106548 0.089750 0.057254 0.067994
0 0.235527 0.821858 0.057765 0.064429
0 0.092217 0.937399 0.064437 0.077760
0 0.196653 0.434139 0.051104 0.062208
0 0.041113 0.466360 0.051104 0.064429
0 0.030008 0.180853 0.037771 0.075538
0 0.072224 0.178631 0.028882 0.062208
0 0.067779 0.121971 0.046660 0.064429
0 0.041113 0.033091 0.028882 0.051099
0 0.011114 0.040873 0.022228 0.066651
