0 0.651742 0.092119 0.009602 0.019200
0 0.642542 0.085320 0.009602 0.019200
0 0.620940 0.091720 0.009602 0.019200
0 0.635343 0.108518 0.009602 0.019200
0 0.603339 0.093722 0.009602 0.019200
0 0.590540 0.083722 0.009602 0.019200
0 0.606939 0.181719 0.009602 0.019200
0 0.602143 0.191718 0.009602 0.019200
0 0.614143 0.178120 0.009602 0.019200
0 0.622538 0.185718 0.009602 0.019200
0 0.540941 0.105318 0.009602 0.019200
0 0.534943 0.076518 0.009602 0.019200
0 0.531339 0.091720 0.009602 0.019200
0 0.493342 0.081321 0.009602 0.019200
0 0.622141 0.147318 0.009602 0.019200
0 0.606139 0.150518 0.009602 0.019200
0 0.615540 0.139121 0.017998 0.013199
0 0.599141 0.162719 0.017998 0.013199
0 0.615540 0.153119 0.017998 0.013199
0 0.517078 0.057815 0.017998 0.013199
0 0.501081 0.058614 0.017998 0.013199
0 0.340279 0.017413 0.017998 0.013199
0 0.325081 0.057416 0.017998 0.013199
0 0.342682 0.045814 0.017998 0.013199
0 0.346678 0.032614 0.017998 0.013199
0 0.597881 0.143217 0.010799 0.016799
0 0.394282 0.086016 0.010799 0.016799
0 0.384680 0.010414 0.010799 0.016799
0 0.393477 0.020813 0.010799 0.016799
0 0.363077 0.008006 0.010799 0.016013
0 0.524282 0.011612 0.010799 0.016799
0 0.369080 0.039613 0.010799 0.016799
0 0.365480 0.067615 0.010799 0.016799
0 0.357879 0.056013 0.010799 0.016799
0 0.597391 0.133038 0.012000 0.018002
0 0.590594 0.117437 0.012000 0.018002
0 0.577392 0.124237 0.012000 0.018002
0 0.601392 0.109435 0.012000 0.018002
0 0.734551 0.579630 0.012000 0.018002
