0 0.331416 0.315039 0.010799 0.016799
0 0.287417 0.305838 0.010799 0.016799
0 0.270616 0.313037 0.010799 0.016799
0 0.315816 0.322237 0.010799 0.016799
0 0.333015 0.371036 0.010799 0.016799
0 0.353817 0.383037 0.010799 0.016799
0 0.424616 0.361037 0.010799 0.016799
0 0.435817 0.363039 0.010799 0.016799
0 0.331416 0.348636 0.010799 0.016799
0 0.236018 0.291635 0.023598 0.021202
0 0.477418 0.389837 0.010799 0.016799
0 0.482616 0.407839 0.010799 0.016799
0 0.453815 0.396636 0.010799 0.016799
0 0.642217 0.323036 0.010799 0.016799
0 0.662215 0.339840 0.010799 0.016799
0 0.653815 0.361037 0.010799 0.016799
0 0.519818 0.403840 0.010799 0.016799
0 0.553817 0.431037 0.010799 0.016799
0 0.698215 0.348636 0.010799 0.016799
0 0.717415 0.316636 0.010799 0.016799
0 0.615416 0.364636 0.010799 0.016799
0 0.608614 0.375839 0.010799 0.016799
0 0.626617 0.384236 0.010799 0.016799
0 0.630217 0.355036 0.010799 0.016799
0 0.546618 0.382239 0.010799 0.016799
0 0.458616 0.358236 0.010799 0.016799
0 0.637018 0.385039 0.010799 0.016799
0 0.652618 0.377836 0.010799 0.016799
0 0.665815 0.376238 0.010799 0.016799
0 0.585414 0.397440 0.010799 0.016799
0 0.590215 0.386637 0.010799 0.016799
0 0.743018 0.329037 0.010799 0.016799
0 0.806618 0.311439 0.010799 0.016799
0 0.760217 0.318239 0.010799 0.016799
0 0.777817 0.341837 0.010799 0.016799
0 0.855418 0.338637 0.010799 0.016799
0 0.832614 0.312238 0.010799 0.016799
0 0.873014 0.357038 0.010799 0.016799
0 0.724216 0.338237 0.010799 0.016799
0 0.865815 0.321838 0.010799 0.016799
0 0.790617 0.293038 0.010799 0.016799
0 0.783815 0.303836 0.010799 0.016799
0 0.700216 0.383037 0.010799 0.016799
0 0.695018 0.307036 0.010799 0.016799
0 0.738217 0.361436 0.017198 0.009600
0 0.671415 0.390636 0.017198 0.009600
0 0.796614 0.341437 0.017198 0.009600
0 0.810218 0.353439 0.017198 0.009600
0 0.775414 0.365036 0.017198 0.009600
0 0.553415 0.277038 0.017198 0.009600
0 0.898348 0.371241 0.011598 0.017603
0 0.947545 0.391639 0.011598 0.017603
0 0.894346 0.412042 0.011598 0.017603
0 0.887147 0.441242 0.011598 0.017603
0 0.928748 0.417638 0.011598 0.017603
0 0.959746 0.373842 0.029998 0.026798
0 0.921347 0.428442 0.029198 0.021601
0 0.992674 0.301640 0.006651 0.017603
0 0.989945 0.273239 0.011598 0.017603
0 0.994273 0.282839 0.003454 0.017603
0 0.974085 0.569533 0.011598 0.018401
0 0.874436 0.436925 0.011598 0.018401
0 0.899235 0.399324 0.011598 0.018401
0 0.614234 0.406216 0.012000 0.018002
0 0.033071 0.928579 0.012000 0.018002
