0 0.016378 0.521783 0.032755 0.029259
0 0.052720 0.567011 0.039905 0.021280
0 0.103934 0.613561 0.030591 0.031927
0 0.161789 0.616890 0.045227 0.025269
0 0.208480 0.665965 0.028159 0.029984
0 0.236192 0.664151 0.027252 0.033610
0 0.297543 0.694537 0.035502 0.030722
0 0.372635 0.700339 0.046412 0.024570
0 0.528891 0.761797 0.026152 0.034362
0 0.565300 0.765630 0.021023 0.043078
0 0.681458 0.796922 0.022571 0.035903
0 0.640174 0.810768 0.027180 0.042055
0 0.760698 0.805380 0.038465 0.036408
0 0.844040 0.839237 0.043074 0.024104
0 0.957633 0.899748 0.032308 0.038467
0 0.962508 0.961037 0.026672 0.038973
