0 0.015988 0.353287 0.031976 0.024640
0 0.900971 0.157404 0.025127 0.038647
0 0.661981 0.221827 0.040579 0.030917
0 0.718024 0.303318 0.034141 0.035429
0 0.635571 0.374503 0.039296 0.037365
0 0.985046 0.400280 0.021909 0.032212
0 0.948323 0.465017 0.039944 0.028994
0 0.634600 0.467921 0.045099 0.025764
0 0.406230 0.418315 0.041874 0.024482
0 0.476119 0.433774 0.043804 0.027059
0 0.502865 0.429588 0.027704 0.039300
0 0.530880 0.601908 0.028339 0.033494
0 0.434246 0.620270 0.048959 0.023841
0 0.226819 0.621237 0.039944 0.027059
0 0.143719 0.672125 0.039944 0.028341
0 0.245172 0.669875 0.032859 0.025123
0 0.279638 0.680508 0.036071 0.033494
0 0.178185 0.880854 0.044451 0.024482
0 0.049338 0.931742 0.031564 0.039941
0 0.123423 0.927230 0.032859 0.025764
0 0.158536 0.932383 0.034789 0.024482
0 0.164326 0.991571 0.039944 0.008859
0 0.411709 0.905977 0.037367 0.030917
0 0.604966 0.883745 0.041226 0.023841
0 0.657784 0.830280 0.036071 0.026418
0 0.620107 0.755878 0.031564 0.036070
0 0.657149 0.688552 0.041226 0.032853
0 0.724785 0.741060 0.042521 0.028341
0 0.523472 0.732678 0.027704 0.041223
0 0.549881 0.668267 0.027704 0.039941
0 0.319672 0.136514 0.043156 0.026418
