0 0.107732 0.440765 0.023430 0.035139
0 0.175873 0.502515 0.042586 0.026623
0 0.101995 0.105089 0.035722 0.034558
0 0.352655 0.204058 0.033377 0.026357
0 0.756291 0.357024 0.025515 0.038284
0 0.812619 0.353287 0.038714 0.024640
0 0.943719 0.672125 0.039944 0.028341
0 0.975979 0.880854 0.040041 0.024482
0 0.849338 0.931742 0.031564 0.039941
0 0.923423 0.927230 0.032859 0.025764
0 0.958536 0.932383 0.034789 0.024482
0 0.964326 0.991571 0.039944 0.008859
0 0.010458 0.927157 0.020915 0.026926
0 0.042519 0.763825 0.036136 0.034728
0 0.494427 0.655191 0.024894 0.030083
0 0.531781 0.617838 0.024894 0.032163
0 0.630864 0.676456 0.040462 0.024906
