0 0.088757 0.169856 0.031564 0.038006
0 0.068150 0.328326 0.036719 0.025123
0 0.119362 0.356352 0.029634 0.032212
0 0.136433 0.488416 0.038014 0.025764
0 0.203110 0.261338 0.037367 0.034147
0 0.275900 0.137318 0.033494 0.039941
0 0.402169 0.060980 0.039944 0.025123
0 0.273323 0.245553 0.042521 0.025764
0 0.232420 0.319629 0.041874 0.028341
0 0.302957 0.328326 0.043804 0.027700
0 0.347084 0.288070 0.038014 0.028341
0 0.435339 0.319314 0.044451 0.025123
0 0.482692 0.325108 0.027057 0.031571
0 0.521405 0.040296 0.039931 0.028220
0 0.569587 0.054932 0.040462 0.028752
0 0.686971 0.109243 0.049515 0.028752
0 0.754062 0.211188 0.045254 0.025027
0 0.829663 0.247391 0.047378 0.021833
0 0.847757 0.361868 0.033546 0.033542
0 0.920430 0.313145 0.044723 0.029817
0 0.964895 0.211986 0.039931 0.030881
