0 0.011542 0.917493 0.023084 0.028559
0 0.090356 0.778098 0.034854 0.024688
0 0.116247 0.788743 0.035333 0.024688
0 0.112867 0.812463 0.033390 0.024688
0 0.303093 0.591784 0.030010 0.040171
0 0.276231 0.715937 0.042107 0.025172
0 0.138875 0.958462 0.036071 0.043159
0 0.558247 0.978759 0.039944 0.032212
0 0.485133 0.902094 0.039296 0.028341
0 0.502852 0.808689 0.037367 0.032212
0 0.552769 0.811907 0.035437 0.036070
0 0.657499 0.847457 0.032859 0.030276
0 0.679077 0.858404 0.028339 0.036723
0 0.706457 0.914130 0.032859 0.033494
0 0.761205 0.969215 0.043156 0.028994
0 0.888757 0.969856 0.031564 0.038006
