0 0.100971 0.157404 0.025127 0.038647
0 0.193098 0.400280 0.038014 0.032212
0 0.148323 0.465017 0.039944 0.028994
0 0.215156 0.712356 0.024868 0.034292
0 0.404643 0.803669 0.036874 0.026575
0 0.572696 0.769377 0.045449 0.024869
0 0.621149 0.575164 0.039439 0.034292
0 0.740761 0.581599 0.036874 0.028293
0 0.729182 0.728734 0.036784 0.028559
0 0.755073 0.854327 0.033390 0.022269
0 0.805417 0.917493 0.035333 0.028559
0 0.890356 0.778098 0.034854 0.024688
0 0.916247 0.788743 0.035333 0.024688
0 0.912867 0.812463 0.033390 0.024688
0 0.938875 0.958462 0.036071 0.043159
