0 0.971690 0.421242 0.048621 0.076525
0 0.876895 0.501799 0.068468 0.084578
0 0.937302 0.050692 0.068468 0.092644
0 0.893008 0.175549 0.076530 0.092644
0 0.852721 0.318541 0.084581 0.096664
0 0.733900 0.401102 0.056387 0.084578
0 0.691610 0.358820 0.068468 0.080558
0 0.627173 0.370893 0.044306 0.072504
0 0.510367 0.411172 0.068468 0.080558
0 0.363353 0.423258 0.064449 0.080558
0 0.196195 0.419238 0.100693 0.088611
0 0.234466 0.288332 0.048337 0.100697
0 0.141823 0.258123 0.064449 0.088611
0 0.210292 0.064782 0.064449 0.088611
0 0.530499 0.225897 0.052356 0.104717
0 0.449949 0.143336 0.060418 0.092644
0 0.508352 0.072848 0.072499 0.088611
0 0.643285 0.008228 0.060418 0.016456
0 0.711753 0.020314 0.060418 0.040629
0 0.729881 0.046659 0.056387 0.060418
0 0.689594 0.113127 0.048337 0.056385
0 0.625157 0.103057 0.064449 0.060418
0 0.733900 0.183602 0.080550 0.052365
