0 0.851835 0.283821 0.046606 0.069897
0 0.801909 0.217250 0.066571 0.083216
0 0.660431 0.198935 0.049926 0.066570
0 0.678737 0.328762 0.079886 0.073236
0 0.611158 0.021745 0.077977 0.043490
0 0.869465 0.501616 0.097468 0.107222
0 0.898701 0.569844 0.048740 0.058479
0 0.944999 0.625882 0.043867 0.121838
0 0.971718 0.579592 0.048565 0.126719
0 0.971806 0.723355 0.029237 0.073108
0 0.986336 0.703871 0.019328 0.053611
0 0.947441 0.686801 0.038994 0.077976
0 0.864580 0.645379 0.029237 0.073108
0 0.884083 0.706298 0.048740 0.068227
0 0.818282 0.640512 0.043867 0.073108
0 0.789045 0.733104 0.034110 0.102341
0 0.832912 0.750161 0.053613 0.068227
0 0.919058 0.889608 0.042516 0.057515
0 0.926563 0.965889 0.042516 0.055024
0 0.989419 0.977191 0.013162 0.037619
0 0.463894 0.568238 0.037512 0.075022
0 0.308830 0.566992 0.047519 0.042514
0 0.300080 0.623262 0.030008 0.060020
0 0.280079 0.630763 0.030008 0.070025
0 0.333846 0.805827 0.057525 0.070025
0 0.417620 0.738306 0.055024 0.070025
0 0.303838 0.724550 0.027506 0.072530
0 0.276321 0.733309 0.032509 0.075022
0 0.230059 0.753308 0.020013 0.065029
0 0.228802 0.788320 0.032509 0.055024
0 0.200039 0.850845 0.035011 0.060020
0 0.286327 0.885858 0.022503 0.050015
0 0.301337 0.879615 0.022503 0.057515
0 0.317591 0.915874 0.060027 0.030016
0 0.321338 0.973443 0.047519 0.045113
0 0.481394 0.988452 0.027506 0.015097
0 0.537674 0.960892 0.025004 0.065029
0 0.555174 0.947136 0.030008 0.067521
0 0.611442 0.935885 0.042516 0.070025
0 0.028131 0.543051 0.056261 0.076525
0 0.140842 0.768605 0.024163 0.068471
0 0.169036 0.774654 0.032225 0.072504
0 0.152935 0.716253 0.040275 0.092644
0 0.024103 0.383953 0.048205 0.096664
0 0.132792 0.339654 0.080550 0.096664
0 0.116680 0.245006 0.048337 0.092644
0 0.010003 0.194658 0.020006 0.104717
0 0.034114 0.042954 0.044306 0.085908
0 0.080436 0.130207 0.064449 0.096664
0 0.096536 0.040940 0.040275 0.081881
0 0.154939 0.038921 0.044306 0.077842
0 0.277791 0.036911 0.056387 0.073821
