0 0.890611 0.700507 0.056589 0.079890
0 0.905585 0.828665 0.053257 0.069897
0 0.770782 0.705504 0.049926 0.063244
0 0.707531 0.682192 0.056589 0.063244
0 0.624313 0.748775 0.043274 0.083216
0 0.529442 0.753758 0.026629 0.059917
0 0.442893 0.787050 0.066571 0.066570
0 0.447896 0.918534 0.043274 0.089869
0 0.556070 0.880259 0.046606 0.073236
0 0.244838 0.883586 0.056589 0.073236
0 0.319733 0.665559 0.039943 0.069897
0 0.281450 0.633924 0.043274 0.073236
0 0.176595 0.617291 0.039943 0.086543
0 0.239847 0.529078 0.039943 0.076563
0 0.231524 0.417567 0.043274 0.086543
0 0.204895 0.189547 0.043274 0.083216
0 0.326396 0.172901 0.046606 0.083216
0 0.349693 0.131287 0.039943 0.066570
0 0.404622 0.207850 0.049926 0.066570
0 0.323064 0.030692 0.059920 0.061383
0 0.975806 0.162947 0.040389 0.106335
0 0.929024 0.116426 0.070887 0.110767
0 0.855920 0.125289 0.084178 0.093042
0 0.703073 0.109786 0.088612 0.106335
0 0.980234 0.034956 0.031532 0.069912
0 0.929024 0.019447 0.070887 0.038894
