0 0.331447 0.792574 0.053257 0.059917
0 0.261544 0.864141 0.046606 0.096536
0 0.024255 0.890767 0.048509 0.083216
0 0.093449 0.534603 0.043274 0.076563
0 0.128401 0.376480 0.039943 0.086543
0 0.181658 0.344858 0.046606 0.076563
0 0.353084 0.334878 0.049926 0.083216
0 0.394698 0.381476 0.053257 0.089869
0 0.611058 0.671070 0.086549 0.069897
0 0.780825 0.657764 0.053257 0.076563
0 0.824099 0.691043 0.053257 0.063244
0 0.814116 0.637791 0.039943 0.063244
0 0.859050 0.587854 0.056589 0.063244
0 0.819108 0.544582 0.029960 0.043271
0 0.797470 0.576204 0.046606 0.066570
0 0.689284 0.529606 0.049926 0.086543
0 0.979952 0.830850 0.032095 0.069897
0 0.981615 0.795901 0.028770 0.073236
0 0.986613 0.774272 0.018775 0.083216
0 0.729227 0.363174 0.036611 0.079890
0 0.639359 0.254989 0.043274 0.069897
0 0.649341 0.181752 0.043274 0.069897
0 0.592753 0.351524 0.049926 0.076563
0 0.522850 0.259972 0.056589 0.059917
0 0.514527 0.218371 0.053257 0.063244
0 0.989941 0.166776 0.012118 0.053264
0 0.967236 0.161780 0.039943 0.069897
0 0.937276 0.140138 0.033292 0.053264
0 0.865713 0.101863 0.036611 0.049925
0 0.472924 0.095209 0.063252 0.049925
0 0.356415 0.178426 0.056589 0.049925
0 0.264875 0.185079 0.039943 0.069897
0 0.037684 0.355442 0.075369 0.069897
0 0.057063 0.025433 0.036611 0.050866
0 0.017713 0.040879 0.035426 0.079890
