0 0.993843 0.641245 0.004315 0.068471
0 0.989815 0.695627 0.012371 0.064438
0 0.937302 0.850692 0.068468 0.092644
0 0.893008 0.962613 0.076530 0.066773
0 0.210292 0.864782 0.064449 0.088611
0 0.530499 0.984769 0.052356 0.022461
0 0.449949 0.943336 0.060418 0.092644
0 0.508352 0.872848 0.072499 0.088611
0 0.643285 0.790274 0.060418 0.052365
0 0.711753 0.814446 0.060418 0.052365
0 0.729881 0.846659 0.056387 0.060418
0 0.689594 0.913127 0.048337 0.056385
0 0.625157 0.903057 0.064449 0.060418
0 0.733900 0.976710 0.080550 0.038581
0 0.848702 0.611036 0.052356 0.072504
0 0.697656 0.558684 0.088612 0.064438
0 0.639254 0.510339 0.084581 0.056385
0 0.629188 0.623122 0.056387 0.080558
0 0.441887 0.735905 0.076530 0.096664
0 0.383484 0.651315 0.072499 0.096664
0 0.282791 0.619089 0.088612 0.088611
0 0.359322 0.552634 0.056387 0.052365
0 0.302935 0.474093 0.064449 0.088611
0 0.212307 0.242503 0.068468 0.068471
0 0.903074 0.268679 0.064449 0.104717
0 0.935298 0.186105 0.040275 0.084578
0 0.453956 0.043973 0.082850 0.068227
0 0.371107 0.048789 0.073104 0.097578
