0 0.953922 0.982488 0.059920 0.027024
0 0.870705 0.770928 0.053257 0.103189
0 0.993273 0.566208 0.005455 0.079890
0 0.908988 0.373137 0.049926 0.066570
0 0.860722 0.261625 0.046606 0.076563
0 0.800802 0.329865 0.053257 0.086543
0 0.757527 0.393109 0.066571 0.099862
0 0.774173 0.499637 0.059920 0.113181
0 0.697607 0.531259 0.026629 0.083216
0 0.739222 0.611149 0.043274 0.096536
0 0.717585 0.787561 0.046606 0.063244
0 0.667647 0.787561 0.039943 0.089869
0 0.674310 0.849148 0.033292 0.059917
0 0.639359 0.652750 0.056589 0.093209
0 0.634367 0.562881 0.053257 0.066570
0 0.634367 0.409755 0.053257 0.086543
0 0.529513 0.329865 0.043274 0.073236
0 0.541155 0.404759 0.046606 0.063244
0 0.551150 0.469672 0.053257 0.053264
0 0.476244 0.544565 0.056589 0.049925
0 0.436301 0.484648 0.043274 0.063244
0 0.329787 0.468002 0.049926 0.069897
0 0.254892 0.444703 0.046606 0.083216
0 0.369730 0.166759 0.056589 0.073236
0 0.657664 0.081873 0.046606 0.083216
0 0.785816 0.160106 0.056589 0.073236
0 0.979952 0.068567 0.032095 0.063244
0 0.959981 0.163433 0.072038 0.066570
0 0.933945 0.183405 0.066571 0.046598
0 0.958913 0.236656 0.049926 0.073236
0 0.184989 0.544565 0.039943 0.083216
0 0.314801 0.606152 0.046606 0.059917
0 0.371389 0.586180 0.033292 0.039945
0 0.396358 0.599499 0.036611 0.066570
0 0.417995 0.614475 0.033292 0.056591
0 0.406341 0.647754 0.023297 0.063244
0 0.417995 0.714337 0.053257 0.076563
0 0.447955 0.795884 0.053257 0.066570
0 0.524510 0.764262 0.066571 0.076563
0 0.554470 0.940687 0.039943 0.076563
0 0.486238 0.937361 0.063252 0.049925
0 0.477916 0.900742 0.066571 0.049925
0 0.384704 0.819196 0.053257 0.059917
0 0.404681 0.884097 0.073235 0.036618
0 0.416336 0.967512 0.043274 0.056976
0 0.338110 0.932364 0.046606 0.066570
0 0.264875 0.874117 0.059920 0.063244
0 0.273198 0.759279 0.056589 0.066570
0 0.309809 0.725987 0.056589 0.053264
0 0.188309 0.720991 0.053257 0.076563
0 0.125069 0.706015 0.066571 0.086543
0 0.025917 0.735967 0.051835 0.073236
