0 0.947259 0.884663 0.046606 0.079890
0 0.965577 0.611702 0.049926 0.066570
0 0.872365 0.560108 0.049926 0.056591
0 0.799130 0.563435 0.056589 0.083216
0 0.834082 0.397002 0.046606 0.063244
0 0.669319 0.355388 0.049926 0.066570
0 0.702599 0.408652 0.036611 0.053264
0 0.722576 0.466899 0.036611 0.056591
0 0.659324 0.451923 0.036611 0.066570
0 0.631036 0.435277 0.039943 0.079890
0 0.509536 0.844718 0.049926 0.059917
0 0.767510 0.978607 0.033292 0.034787
0 0.784156 0.934588 0.046606 0.066570
0 0.782496 0.868017 0.036611 0.059917
0 0.812444 0.829729 0.029960 0.049925
0 0.850727 0.829729 0.033292 0.056591
0 0.819108 0.884663 0.029960 0.039945
0 0.857391 0.917942 0.039943 0.073236
0 0.817448 0.924608 0.026629 0.053264
0 0.820767 0.976943 0.033292 0.038113
0 0.981618 0.282164 0.028764 0.086543
0 0.965577 0.245546 0.036611 0.066570
0 0.953922 0.195608 0.059920 0.053264
0 0.717585 0.009592 0.046606 0.019183
0 0.667647 0.016248 0.039943 0.032496
0 0.674310 0.049148 0.033292 0.059917
0 0.447955 0.014585 0.053257 0.029169
0 0.554470 0.140687 0.039943 0.076563
0 0.486238 0.137361 0.063252 0.049925
0 0.477916 0.100742 0.066571 0.049925
0 0.384704 0.024577 0.053257 0.049154
0 0.404681 0.084097 0.073235 0.036618
0 0.416336 0.172309 0.043274 0.066570
0 0.338110 0.132364 0.046606 0.066570
0 0.264875 0.074117 0.059920 0.063244
0 0.051835 0.283821 0.046606 0.069897
0 0.017597 0.217250 0.035195 0.083216
0 0.069465 0.501616 0.097468 0.107222
0 0.098701 0.569844 0.048740 0.058479
0 0.144999 0.625882 0.043867 0.121838
0 0.186424 0.579592 0.077977 0.126719
0 0.376499 0.752601 0.068231 0.082857
0 0.218103 0.762350 0.053613 0.073108
0 0.171806 0.723355 0.029237 0.073108
0 0.201042 0.703871 0.048740 0.053611
0 0.147441 0.686801 0.038994 0.077976
0 0.064580 0.645379 0.029237 0.073108
0 0.084083 0.706298 0.048740 0.068227
0 0.020108 0.640512 0.040216 0.073108
0 0.032912 0.750161 0.053613 0.068227
0 0.219099 0.847094 0.042516 0.062525
0 0.119058 0.889608 0.042516 0.057515
0 0.126563 0.965889 0.042516 0.055024
0 0.200343 0.977191 0.035011 0.037619
