0 0.649341 0.971402 0.043274 0.049196
0 0.989941 0.966776 0.012118 0.053264
0 0.967236 0.961416 0.039943 0.069169
0 0.937276 0.940138 0.033292 0.053264
0 0.865713 0.901863 0.036611 0.049925
0 0.825771 0.622249 0.063252 0.063244
0 0.702599 0.708792 0.036611 0.069897
0 0.506204 0.727107 0.056589 0.066570
0 0.472924 0.895209 0.063252 0.049925
0 0.356415 0.974732 0.056589 0.042537
0 0.264875 0.973065 0.039943 0.045870
0 0.441292 0.665520 0.046606 0.063244
0 0.512867 0.588957 0.036611 0.076563
0 0.581098 0.565658 0.033292 0.083216
0 0.829090 0.505741 0.056589 0.049925
0 0.947259 0.084663 0.046606 0.079890
0 0.509536 0.044718 0.049926 0.059917
0 0.702599 0.337639 0.036611 0.046598
0 0.767510 0.189509 0.033292 0.056591
0 0.784156 0.134588 0.046606 0.066570
0 0.782496 0.068017 0.036611 0.059917
0 0.812444 0.029729 0.029960 0.049925
0 0.850727 0.029729 0.033292 0.056591
0 0.819108 0.084663 0.029960 0.039945
0 0.857391 0.117942 0.039943 0.073236
0 0.817448 0.124608 0.026629 0.053264
0 0.820767 0.177859 0.033292 0.039945
0 0.779165 0.236120 0.043274 0.043271
0 0.852399 0.251096 0.043274 0.046598
0 0.882359 0.236120 0.029960 0.056591
0 0.915639 0.312683 0.043274 0.076563
0 0.789147 0.407548 0.043274 0.066570
0 0.682633 0.415871 0.029960 0.049925
0 0.685953 0.387576 0.043274 0.073236
0 0.562793 0.409205 0.049926 0.076563
0 0.519518 0.429178 0.029960 0.069897
0 0.506204 0.445824 0.036611 0.069897
0 0.219099 0.047094 0.042516 0.062525
0 0.119058 0.089608 0.042516 0.057515
0 0.126563 0.165889 0.042516 0.055024
0 0.142818 0.215903 0.035011 0.060020
0 0.200343 0.190896 0.035011 0.065029
0 0.161574 0.325950 0.027506 0.075022
0 0.139071 0.329701 0.027506 0.062525
0 0.086549 0.352204 0.037512 0.057515
0 0.115312 0.385971 0.025004 0.065029
0 0.127820 0.427238 0.025004 0.052519
0 0.197841 0.442240 0.035011 0.067521
0 0.389932 0.491356 0.076566 0.093209
0 0.273435 0.479706 0.036611 0.063244
0 0.183555 0.596214 0.049926 0.049925
0 0.191878 0.642825 0.053257 0.049925
0 0.131957 0.622852 0.039943 0.083216
0 0.113652 0.651135 0.043274 0.059917
0 0.052072 0.601210 0.046606 0.079890
0 0.070377 0.696076 0.043274 0.056591
0 0.190218 0.772639 0.049926 0.076563
0 0.057063 0.812584 0.036611 0.076563
0 0.017713 0.840879 0.035426 0.079890
0 0.367750 0.600414 0.022550 0.060123
0 0.365876 0.647384 0.022550 0.041332
0 0.394995 0.633295 0.046973 0.031943
0 0.406270 0.660537 0.031940 0.041332
