0 0.823291 0.076237 0.051443 0.084732
0 0.980644 0.056560 0.027233 0.081701
0 0.981513 0.132224 0.028973 0.093813
0 0.791517 0.766191 0.048420 0.072633
0 0.741579 0.758626 0.045397 0.063552
0 0.786976 0.584629 0.057502 0.090781
0 0.768812 0.448444 0.063548 0.078682
0 0.788482 0.371277 0.066571 0.087763
0 0.868675 0.229055 0.045397 0.075651
0 0.908014 0.383389 0.051443 0.093813
0 0.668949 0.495350 0.045397 0.087763
0 0.679549 0.378842 0.054466 0.078682
0 0.578168 0.437860 0.063548 0.087763
0 0.625070 0.664814 0.042361 0.099862
0 0.366337 0.393972 0.063548 0.102893
0 0.361808 0.257800 0.048420 0.072633
0 0.289178 0.330433 0.060525 0.072633
0 0.252863 0.300173 0.054466 0.090781
0 0.172669 0.354644 0.033292 0.090781
0 0.578168 0.064126 0.069607 0.108943
0 0.035685 0.012684 0.060418 0.025369
0 0.186718 0.764470 0.056387 0.076525
0 0.253183 0.861134 0.076530 0.092644
0 0.116234 0.957768 0.060418 0.076464
0 0.022875 0.891343 0.045751 0.088611
