0 0.883617 0.928153 0.076566 0.059917
0 0.983919 0.924826 0.024163 0.093209
0 0.972264 0.728429 0.047472 0.079890
0 0.856988 0.773357 0.069903 0.076563
0 0.792077 0.858243 0.059920 0.059917
0 0.713851 0.883212 0.049926 0.069897
0 0.692214 0.980382 0.059920 0.031235
0 0.715368 0.680264 0.072499 0.108750
0 0.612660 0.795063 0.060418 0.064438
0 0.628772 0.942076 0.052356 0.076525
0 0.600579 0.984136 0.060418 0.023728
0 0.550226 0.974070 0.056387 0.043861
0 0.364798 0.039477 0.068231 0.053611
0 0.350180 0.076031 0.077977 0.077976
0 0.493958 0.219806 0.102341 0.112090
0 0.406223 0.231982 0.073104 0.097473
0 0.379429 0.336764 0.077977 0.092592
0 0.257584 0.322147 0.077977 0.112090
0 0.267330 0.546326 0.097468 0.073108
