0 0.242131 0.911289 0.063252 0.079890
0 0.147259 0.884663 0.046606 0.079890
0 0.275422 0.716561 0.056589 0.083216
0 0.348657 0.541805 0.043274 0.059917
0 0.213842 0.531813 0.053257 0.039945
0 0.165577 0.611702 0.049926 0.066570
0 0.072365 0.560108 0.049926 0.056591
0 0.013712 0.563435 0.027425 0.083216
0 0.034082 0.397002 0.046606 0.063244
0 0.013712 0.829729 0.027425 0.049925
0 0.050727 0.829729 0.033292 0.056591
0 0.019108 0.884663 0.029960 0.039945
0 0.057391 0.917942 0.039943 0.073236
0 0.017448 0.924608 0.026629 0.053264
0 0.020767 0.976943 0.033292 0.038113
0 0.308702 0.352061 0.043274 0.066570
0 0.270431 0.332089 0.046606 0.086543
0 0.267099 0.175636 0.046606 0.066570
0 0.183882 0.282164 0.033292 0.086543
0 0.165577 0.245546 0.036611 0.066570
0 0.153922 0.195608 0.059920 0.053264
