0 0.965219 0.189547 0.061562 0.083216
0 0.869538 0.519086 0.063252 0.076563
0 0.876189 0.384275 0.076566 0.066570
0 0.801295 0.377622 0.059920 0.066570
0 0.791312 0.274433 0.046606 0.066570
0 0.794644 0.227822 0.059920 0.053264
0 0.644843 0.237815 0.079886 0.066570
0 0.653166 0.410901 0.056589 0.079890
0 0.588255 0.409244 0.079886 0.083216
0 0.548312 0.322688 0.053257 0.083216
0 0.501706 0.241142 0.059920 0.086543
0 0.543320 0.171232 0.049926 0.066570
0 0.440126 0.316035 0.056589 0.083216
0 0.395192 0.284413 0.046606 0.066570
0 0.285346 0.286083 0.053257 0.063244
0 0.470086 0.567353 0.063252 0.066570
0 0.581603 0.637263 0.039943 0.066570
0 0.558294 0.647243 0.039943 0.079890
0 0.525015 0.717153 0.046606 0.093209
0 0.386869 0.703834 0.056589 0.066570
0 0.330280 0.648913 0.049926 0.083216
0 0.331940 0.795373 0.073235 0.089869
0 0.090611 0.700507 0.056589 0.079890
0 0.105585 0.828665 0.053257 0.069897
0 0.259725 0.154085 0.048740 0.106335
0 0.188838 0.162947 0.066453 0.106335
0 0.129024 0.116426 0.070887 0.110767
0 0.055920 0.125289 0.084178 0.093042
0 0.199911 0.034956 0.070887 0.069912
0 0.129024 0.019447 0.070887 0.038894
0 0.399294 0.165169 0.062031 0.084180
0 0.632798 0.782632 0.091137 0.101853
0 0.833840 0.790672 0.075048 0.107222
