0 0.025364 0.691043 0.050727 0.063244
0 0.017044 0.637791 0.034088 0.063244
0 0.059050 0.587854 0.056589 0.063244
0 0.019108 0.544582 0.029960 0.043271
0 0.010387 0.576204 0.020773 0.066570
0 0.348657 0.822539 0.036611 0.053264
0 0.268759 0.699365 0.043274 0.073236
0 0.270431 0.860815 0.033292 0.056591
0 0.243802 0.900759 0.039943 0.049925
0 0.190533 0.830850 0.053257 0.069897
0 0.182211 0.795901 0.029960 0.073236
0 0.197197 0.774272 0.039943 0.083216
0 0.322016 0.537929 0.036611 0.069897
0 0.288737 0.509634 0.036611 0.066570
0 0.232148 0.464693 0.043274 0.083216
0 0.345325 0.301587 0.043274 0.049925
0 0.403574 0.246666 0.033292 0.073236
0 0.391931 0.183422 0.029960 0.059917
0 0.297060 0.105189 0.026629 0.063244
0 0.278754 0.055265 0.043274 0.083216
0 0.248794 0.025134 0.029960 0.050268
0 0.202188 0.166776 0.036611 0.053264
0 0.252114 0.180083 0.036611 0.046598
0 0.265428 0.226693 0.036611 0.079890
0 0.258777 0.259972 0.049926 0.119835
0 0.258777 0.289937 0.029960 0.059917
0 0.263768 0.339862 0.039943 0.046598
0 0.248794 0.368157 0.049926 0.049925
0 0.167236 0.161780 0.039943 0.069897
0 0.137276 0.140138 0.033292 0.053264
0 0.065713 0.101863 0.036611 0.049925
