0 0.919058 0.089608 0.042516 0.057515
0 0.926563 0.165889 0.042516 0.055024
0 0.942818 0.215903 0.035011 0.060020
0 0.989419 0.190896 0.013162 0.065029
0 0.961574 0.325950 0.027506 0.075022
0 0.939071 0.329701 0.027506 0.062525
0 0.886549 0.352204 0.037512 0.057515
0 0.915312 0.385971 0.025004 0.065029
0 0.927820 0.427238 0.025004 0.052519
0 0.988168 0.442240 0.015664 0.067521
0 0.333846 0.020420 0.057525 0.040839
0 0.228802 0.007916 0.032509 0.015832
0 0.200039 0.050845 0.035011 0.060020
0 0.286327 0.085858 0.022503 0.050015
0 0.301337 0.079615 0.022503 0.057515
0 0.317591 0.115874 0.060027 0.030016
0 0.321338 0.179644 0.047519 0.057515
0 0.373860 0.263426 0.037512 0.075022
0 0.481394 0.209661 0.027506 0.057515
0 0.537674 0.160892 0.025004 0.065029
0 0.555174 0.147136 0.030008 0.067521
0 0.611442 0.135885 0.042516 0.070025
0 0.653958 0.300943 0.032509 0.060020
0 0.691482 0.275936 0.032509 0.060020
0 0.617702 0.360963 0.060027 0.035013
0 0.607696 0.388475 0.070022 0.030016
0 0.977296 0.596214 0.037408 0.049925
0 0.980625 0.642825 0.030751 0.049925
0 0.931957 0.622852 0.039943 0.083216
0 0.913652 0.651135 0.043274 0.059917
0 0.852072 0.601210 0.046606 0.079890
0 0.870377 0.696076 0.043274 0.056591
0 0.980628 0.772639 0.030745 0.076563
0 0.857063 0.812584 0.036611 0.076563
0 0.817120 0.840879 0.036611 0.079890
0 0.783829 0.864178 0.029960 0.086543
0 0.763863 0.839210 0.043274 0.056591
0 0.773846 0.780962 0.043274 0.079890
0 0.780509 0.697746 0.036611 0.079890
0 0.688969 0.669450 0.046606 0.056591
0 0.703943 0.631162 0.036611 0.059917
0 0.662328 0.503018 0.066571 0.056591
0 0.718917 0.820907 0.046606 0.066570
0 0.727240 0.924096 0.049926 0.059917
0 0.673983 0.877498 0.056589 0.093209
0 0.655677 0.877498 0.033292 0.093209
0 0.632380 0.849202 0.039943 0.083216
0 0.637371 0.742687 0.056589 0.089869
0 0.644023 0.667781 0.036611 0.066570
0 0.580783 0.662797 0.049926 0.069897
0 0.539168 0.619513 0.039943 0.056591
0 0.575791 0.799265 0.033292 0.083216
0 0.554154 0.804261 0.036611 0.086543
0 0.520863 0.817580 0.049926 0.079890
0 0.602420 0.894143 0.046606 0.059917
0 0.550823 0.942398 0.063252 0.069897
0 0.515871 0.900797 0.026629 0.066570
0 0.437325 0.947690 0.041271 0.057772
0 0.407069 0.987662 0.041271 0.016675
0 0.413945 0.885795 0.055024 0.071528
0 0.422197 0.766127 0.044021 0.085284
0 0.352045 0.618948 0.052273 0.082536
0 0.312161 0.625819 0.038520 0.041268
0 0.305285 0.675346 0.035758 0.068780
0 0.265389 0.682217 0.038520 0.055024
0 0.228256 0.757869 0.046772 0.063270
0 0.225506 0.818389 0.035758 0.057772
0 0.160855 0.768876 0.066026 0.079774
0 0.186986 0.741364 0.035758 0.063270
0 0.167732 0.690476 0.046772 0.071528
0 0.171857 0.500655 0.038520 0.093530
0 0.331416 0.940818 0.044021 0.055024
0 0.327290 0.976658 0.052273 0.038683
0 0.009846 0.909351 0.019692 0.070475
0 0.016666 0.953675 0.033332 0.068202
0 0.051519 0.651289 0.040927 0.059108
0 0.013257 0.398930 0.026515 0.063655
0 0.175438 0.403477 0.065931 0.059108
