0 0.959076 0.695704 0.056589 0.056591
0 0.947421 0.853813 0.073235 0.106515
0 0.855881 0.723986 0.043274 0.079890
0 0.892504 0.710680 0.063252 0.066570
0 0.889173 0.627463 0.056589 0.099862
0 0.807615 0.684041 0.073235 0.073236
0 0.739384 0.753951 0.056589 0.066570
0 0.699441 0.783903 0.063252 0.119835
0 0.576269 0.733979 0.056589 0.093209
0 0.518021 0.702357 0.053257 0.089869
0 0.829253 0.580853 0.063252 0.093209
0 0.751027 0.569203 0.073235 0.069897
0 0.704433 0.512612 0.066571 0.103189
0 0.742704 0.401101 0.063252 0.099862
0 0.815938 0.203046 0.056589 0.103189
0 0.819270 0.121487 0.049926 0.079890
0 0.827593 0.022465 0.066571 0.044930
0 0.701101 0.113164 0.066571 0.089869
0 0.611221 0.114834 0.046606 0.053264
0 0.596247 0.204716 0.056589 0.059917
0 0.602898 0.272943 0.056589 0.076563
0 0.519680 0.347850 0.049926 0.099862
0 0.529675 0.124826 0.049926 0.079890
0 0.418158 0.149782 0.066571 0.083216
0 0.363229 0.126483 0.056589 0.076563
0 0.321626 0.194723 0.053257 0.093209
0 0.263377 0.181404 0.056589 0.093209
0 0.210108 0.232998 0.063252 0.076563
0 0.165174 0.326207 0.066571 0.109842
0 0.299989 0.964848 0.029960 0.062304
0 0.318294 0.979831 0.033292 0.032338
0 0.203457 0.925380 0.049926 0.076563
0 0.195134 0.976501 0.053257 0.038998
0 0.170166 0.913730 0.043274 0.093209
0 0.156851 0.937029 0.029960 0.073236
0 0.126891 0.893758 0.029960 0.059917
0 0.120240 0.933703 0.036611 0.073236
0 0.090280 0.918727 0.029960 0.076563
0 0.050337 0.905408 0.049926 0.076563
0 0.022670 0.292916 0.045340 0.063244
0 0.022670 0.242991 0.045340 0.083216
0 0.083617 0.128153 0.076566 0.059917
0 0.206789 0.124826 0.069903 0.093209
0 0.011018 0.058243 0.022037 0.059917
