0 0.987241 0.232998 0.017517 0.076563
0 0.963944 0.326207 0.064111 0.109842
0 0.987247 0.925380 0.017506 0.076563
0 0.982253 0.976501 0.027494 0.038998
0 0.970166 0.913730 0.043274 0.093209
0 0.956851 0.937029 0.029960 0.073236
0 0.926891 0.893758 0.029960 0.059917
0 0.920240 0.933703 0.036611 0.073236
0 0.890280 0.918727 0.029960 0.076563
0 0.850337 0.905408 0.049926 0.076563
0 0.820377 0.292916 0.049926 0.063244
0 0.822037 0.242991 0.046606 0.083216
0 0.883617 0.128153 0.076566 0.059917
0 0.983919 0.124826 0.024163 0.093209
0 0.792077 0.058243 0.059920 0.059917
0 0.713851 0.083212 0.049926 0.069897
0 0.692214 0.198050 0.059920 0.066570
0 0.743811 0.228015 0.049926 0.079890
0 0.612660 0.013641 0.060418 0.027283
0 0.628772 0.142076 0.052356 0.076525
0 0.600579 0.202481 0.060418 0.060418
0 0.550226 0.198461 0.056387 0.092644
0 0.509951 0.272969 0.048337 0.080558
0 0.169601 0.832826 0.052356 0.072504
0 0.017340 0.798597 0.034680 0.052365
