0 0.972669 0.354644 0.033292 0.090781
0 0.835685 0.012684 0.060418 0.025369
0 0.775267 0.032824 0.060418 0.065648
0 0.977262 0.764470 0.037475 0.076525
0 0.916234 0.957768 0.060418 0.076464
0 0.813526 0.891343 0.064449 0.088611
0 0.658461 0.814806 0.068468 0.072504
0 0.598043 0.921552 0.052356 0.108750
0 0.390611 0.806753 0.056387 0.080558
0 0.543672 0.432170 0.056387 0.080558
0 0.718879 0.418081 0.084581 0.068471
0 0.177712 0.189547 0.086549 0.083216
0 0.272584 0.177898 0.043274 0.059917
0 0.369116 0.109658 0.056589 0.056591
0 0.467319 0.154599 0.039943 0.053264
0 0.510593 0.197870 0.053257 0.066570
0 0.505602 0.274433 0.043274 0.059917
0 0.387433 0.237815 0.059920 0.066570
0 0.463987 0.362633 0.059920 0.063244
0 0.069538 0.519086 0.063252 0.076563
0 0.076189 0.384275 0.076566 0.066570
0 0.015628 0.377622 0.031255 0.066570
0 0.007308 0.274433 0.014615 0.066570
0 0.012302 0.227822 0.024604 0.053264
0 0.035682 0.790672 0.071364 0.107222
