0 0.935298 0.969908 0.040275 0.052184
0 0.901058 0.581314 0.068468 0.048332
0 0.870849 0.528961 0.040275 0.072504
0 0.826543 0.530978 0.056387 0.100697
0 0.810431 0.673957 0.048337 0.096664
0 0.741962 0.663888 0.048337 0.116803
0 0.527060 0.775746 0.073104 0.087725
0 0.463702 0.680700 0.073104 0.121838
0 0.453956 0.843973 0.082850 0.068227
0 0.371107 0.841533 0.073104 0.112090
0 0.378410 0.751368 0.087723 0.068227
0 0.371107 0.700198 0.043867 0.082857
0 0.395471 0.680700 0.043867 0.131587
0 0.305306 0.670952 0.087723 0.073108
0 0.217583 0.631970 0.058486 0.092592
0 0.207838 0.724563 0.058486 0.063359
0 0.237086 0.765997 0.068231 0.038994
0 0.687923 0.360204 0.035011 0.072530
0 0.597888 0.266417 0.055024 0.085027
0 0.287771 0.442727 0.065018 0.067521
0 0.172732 0.467734 0.065018 0.072530
0 0.191488 0.385211 0.072523 0.052519
0 0.036435 0.398967 0.062529 0.065029
0 0.048932 0.500255 0.057525 0.062525
