0 0.762726 0.210058 0.102341 0.102341
0 0.543413 0.013644 0.073104 0.027288
0 0.501989 0.042890 0.087723 0.085779
0 0.578578 0.768810 0.078676 0.118024
0 0.510489 0.482839 0.063548 0.084732
0 0.380370 0.556974 0.045397 0.063552
0 0.331950 0.588750 0.033292 0.084732
0 0.292612 0.750649 0.051443 0.081701
0 0.219982 0.670464 0.087758 0.127091
0 0.224523 0.479807 0.060525 0.084732
0 0.094403 0.248320 0.042361 0.093813
0 0.032070 0.122731 0.064141 0.084732
0 0.106508 0.089440 0.066571 0.127091
0 0.024506 0.876237 0.049012 0.084732
0 0.127683 0.727953 0.060525 0.078682
0 0.180644 0.856560 0.027233 0.081701
0 0.189725 0.932224 0.045397 0.093813
0 0.221499 0.911032 0.048420 0.093813
