0 0.961156 0.271555 0.069688 0.108750
0 0.857832 0.265505 0.072499 0.112783
0 0.879991 0.579669 0.068468 0.104717
0 0.835685 0.781063 0.060418 0.088611
0 0.775267 0.823359 0.060418 0.084578
0 0.582168 0.377287 0.045397 0.075651
0 0.674467 0.294070 0.060525 0.072633
0 0.294221 0.080796 0.073235 0.076563
0 0.485625 0.182328 0.069903 0.086543
0 0.307536 0.192307 0.073235 0.066570
0 0.219327 0.135729 0.063252 0.053264
0 0.151084 0.207296 0.046606 0.096536
0 0.337496 0.298835 0.046606 0.073236
0 0.452333 0.328788 0.069903 0.073236
0 0.470650 0.430319 0.046606 0.076563
0 0.147764 0.345433 0.053257 0.046598
0 0.137769 0.385378 0.046606 0.053264
0 0.151084 0.448622 0.059920 0.073236
0 0.020619 0.377055 0.041238 0.069897
0 0.177712 0.971970 0.086549 0.048061
0 0.272584 0.971970 0.043274 0.048061
0 0.369116 0.909658 0.056589 0.056591
0 0.467319 0.954599 0.039943 0.053264
0 0.510593 0.980292 0.053257 0.031415
