0 0.986051 0.670464 0.019897 0.127091
0 0.894403 0.248320 0.042361 0.093813
0 0.829337 0.122731 0.069607 0.084732
0 0.906508 0.089440 0.066571 0.127091
0 0.727968 0.634141 0.066571 0.102893
0 0.625070 0.593297 0.048420 0.093813
0 0.620541 0.726438 0.063548 0.087763
0 0.740073 0.764263 0.078676 0.096831
0 0.823291 0.876237 0.051443 0.084732
0 0.927683 0.727953 0.060525 0.078682
0 0.980644 0.856560 0.027233 0.081701
0 0.981513 0.932224 0.028973 0.093813
0 0.578168 0.864126 0.069607 0.108943
0 0.513114 0.727953 0.090781 0.108943
0 0.166587 0.271555 0.080550 0.108750
0 0.057832 0.265505 0.072499 0.112783
0 0.079991 0.579669 0.068468 0.104717
0 0.035685 0.781063 0.060418 0.088611
