0 0.102075 0.043075 0.024095 0.047476
0 0.473398 0.017110 0.026926 0.034220
0 0.531507 0.029259 0.025510 0.038261
0 0.461701 0.068947 0.024797 0.036847
0 0.491820 0.230513 0.034014 0.042515
0 0.462766 0.260265 0.026926 0.045356
0 0.484381 0.322984 0.034728 0.040395
0 0.592096 0.400933 0.026224 0.036141
0 0.756844 0.405534 0.036844 0.034020
0 0.807514 0.449823 0.033300 0.040395
0 0.595991 0.610335 0.026926 0.038261
0 0.469854 0.555418 0.022680 0.040395
0 0.472334 0.515023 0.027639 0.037554
0 0.454262 0.525292 0.032599 0.035434
0 0.430167 0.517503 0.038272 0.041102
0 0.264004 0.646116 0.044646 0.041808
0 0.631880 0.388944 0.023382 0.029766
0 0.968717 0.123318 0.026938 0.048610
0 0.947634 0.251277 0.032792 0.030459
0 0.942360 0.014663 0.029284 0.029326
0 0.990847 0.042208 0.010306 0.046849
