0 0.632628 0.470844 0.041199 0.026404
0 0.687629 0.481045 0.027204 0.027602
0 0.702628 0.474051 0.023599 0.030397
0 0.644821 0.547853 0.029599 0.029998
0 0.658030 0.555246 0.035199 0.024794
0 0.656421 0.598845 0.023200 0.032805
0 0.673222 0.573652 0.028801 0.028001
0 0.666630 0.637253 0.021204 0.037597
0 0.686225 0.605053 0.023599 0.026005
0 0.678230 0.588245 0.030796 0.021999
0 0.705821 0.602645 0.027603 0.021200
0 0.718219 0.622647 0.025994 0.030796
0 0.697027 0.573446 0.020406 0.028400
0 0.720820 0.566452 0.024797 0.031195
0 0.731948 0.703495 0.027204 0.040405
0 0.708555 0.748099 0.034800 0.035201
