0 0.089922 0.939215 0.034328 0.052510
0 0.563468 0.921035 0.036348 0.060586
0 0.433219 0.756450 0.026248 0.062601
0 0.451399 0.758479 0.026248 0.066646
0 0.434235 0.869546 0.024228 0.054526
0 0.380710 0.833187 0.026248 0.050481
0 0.315077 0.889742 0.028268 0.062601
0 0.351438 0.888734 0.028268 0.068661
0 0.363546 0.963441 0.028268 0.056541
0 0.382730 0.955366 0.042409 0.064617
0 0.169683 0.960418 0.028268 0.050481
0 0.248440 0.980732 0.040389 0.030536
0 0.221176 0.974672 0.030288 0.042656
0 0.195931 0.930132 0.028268 0.066646
