0 0.089922 0.139215 0.034328 0.052510
0 0.217136 0.351258 0.034328 0.052510
0 0.226232 0.402747 0.028268 0.050481
0 0.366582 0.290673 0.034328 0.068661
0 0.563468 0.121035 0.036348 0.060586
0 0.434235 0.069546 0.024228 0.054526
0 0.380710 0.033187 0.026248 0.050481
0 0.315077 0.089742 0.028268 0.062601
0 0.351438 0.088734 0.028268 0.068661
0 0.363546 0.163441 0.028268 0.056541
0 0.382730 0.155366 0.042409 0.064617
0 0.169683 0.160418 0.028268 0.050481
0 0.248440 0.196764 0.040389 0.062601
0 0.221176 0.183636 0.030288 0.060586
0 0.195931 0.130132 0.028268 0.066646
