0 0.932408 0.534657 0.042877 0.052199
0 0.875548 0.509487 0.037284 0.054060
0 0.807502 0.565408 0.035427 0.054060
0 0.311582 0.397621 0.031691 0.046605
0 0.518528 0.716424 0.039152 0.054060
0 0.447674 0.738803 0.042877 0.054060
0 0.360052 0.800318 0.031691 0.054060
0 0.388018 0.823627 0.027966 0.055933
0 0.008040 0.617620 0.016080 0.046605
0 0.173622 0.715494 0.031691 0.055933
0 0.285485 0.734139 0.035427 0.052199
0 0.223960 0.823627 0.042877 0.048478
0 0.146585 0.812438 0.041020 0.052199
0 0.139123 0.833886 0.041020 0.050339
