0 0.837434 0.016815 0.051638 0.033631
0 0.839781 0.059451 0.056331 0.070421
0 0.792655 0.019933 0.022450 0.039866
0 0.717309 0.024743 0.032066 0.049486
0 0.654785 0.027950 0.054505 0.055900
0 0.622718 0.099190 0.041683 0.080158
0 0.516902 0.055900 0.060928 0.070545
0 0.449564 0.081548 0.060928 0.076954
0 0.343760 0.107207 0.035272 0.070545
0 0.346966 0.032760 0.054505 0.065520
0 0.314899 0.044679 0.041683 0.060920
0 0.290852 0.062309 0.032066 0.089784
0 0.241150 0.062309 0.041683 0.064124
0 0.128923 0.059105 0.048094 0.076954
0 0.035941 0.134463 0.041683 0.086567
