0 0.060024 0.624097 0.002981 0.004608
0 0.057449 0.624609 0.002168 0.005120
0 0.041462 0.608481 0.003794 0.005120
0 0.050133 0.611681 0.005961 0.003840
0 0.054469 0.620129 0.002710 0.005376
0 0.053114 0.620897 0.002710 0.006400
0 0.054740 0.629344 0.003252 0.004352
0 0.057991 0.636384 0.002710 0.004096
0 0.056907 0.639840 0.004336 0.004864
0 0.044849 0.642784 0.003523 0.006144
0 0.045798 0.652512 0.003252 0.005120
0 0.039430 0.653536 0.003523 0.004608
0 0.033333 0.669535 0.004336 0.005888
0 0.032926 0.659424 0.003523 0.004608
0 0.029268 0.657504 0.002710 0.003840
0 0.029675 0.659424 0.003523 0.004608
0 0.025339 0.653664 0.003523 0.004352
0 0.021410 0.656608 0.004336 0.004608
0 0.022765 0.662111 0.002710 0.004352
0 0.027371 0.662623 0.003252 0.003840
0 0.026017 0.663263 0.002710 0.005632
0 0.052165 0.679775 0.002981 0.005376
0 0.055688 0.680415 0.002439 0.006144
0 0.059211 0.668255 0.004065 0.004352
0 0.058669 0.664671 0.003523 0.004864
0 0.070185 0.669407 0.003252 0.003584
0 0.071540 0.674015 0.002710 0.004096
0 0.074114 0.672607 0.002439 0.005888
0 0.077095 0.671967 0.002439 0.005632
0 0.081024 0.672479 0.003252 0.006144
0 0.079533 0.682207 0.004065 0.005632
0 0.086714 0.686559 0.002710 0.004608
0 0.092540 0.683231 0.003523 0.005120
0 0.095792 0.680671 0.002981 0.005632
0 0.097959 0.678879 0.003523 0.005120
0 0.088069 0.681439 0.004336 0.004608
0 0.087392 0.677343 0.003523 0.005120
0 0.114353 0.676703 0.004877 0.007936
0 0.088204 0.678495 0.002439 0.004352
0 0.156083 0.686175 0.004336 0.005376
0 0.158657 0.675679 0.002981 0.005376
0 0.130341 0.658784 0.005419 0.004864
0 0.145244 0.653408 0.004336 0.005376
0 0.158657 0.643680 0.004065 0.006400
0 0.170986 0.634208 0.003794 0.005888
0 0.175864 0.628320 0.005419 0.005888
0 0.186973 0.630368 0.004336 0.005888
0 0.188328 0.636512 0.003794 0.005376
0 0.164483 0.688479 0.003794 0.007936
0 0.162180 0.687327 0.002981 0.004608
0 0.163128 0.691167 0.002168 0.005120
0 0.158115 0.701022 0.004065 0.005888
0 0.163399 0.703838 0.002710 0.004864
0 0.169631 0.703070 0.003252 0.006400
0 0.173967 0.711390 0.004877 0.007168
0 0.171528 0.712798 0.004336 0.007424
0 0.207703 0.626401 0.004607 0.005632
0 0.205129 0.628064 0.003794 0.006400
0 0.222335 0.631392 0.004607 0.007936
0 0.226671 0.628320 0.003523 0.006400
0 0.240219 0.603873 0.004065 0.006144
0 0.244013 0.595169 0.005148 0.006144
0 0.249974 0.618081 0.002439 0.005376
0 0.248619 0.615521 0.002981 0.005376
0 0.256071 0.617953 0.004336 0.004608
0 0.262574 0.615905 0.004336 0.006656
0 0.257155 0.622433 0.003794 0.004864
0 0.251058 0.625249 0.004607 0.005888
0 0.230735 0.593761 0.005148 0.006400
0 0.328962 0.721502 0.004877 0.005888
0 0.319478 0.723166 0.004877 0.005632
0 0.362156 0.716766 0.006232 0.006656
0 0.465125 0.713438 0.006232 0.007168
0 0.504145 0.664799 0.003523 0.007680
0 0.512681 0.664799 0.004336 0.008192
0 0.522029 0.659552 0.003523 0.007424
0 0.513900 0.657120 0.004607 0.006144
0 0.510378 0.654432 0.002981 0.005376
0 0.503197 0.657120 0.005419 0.006144
0 0.519997 0.651360 0.003794 0.005376
0 0.525281 0.648032 0.004065 0.006912
0 0.529345 0.650848 0.002981 0.006400
0 0.531784 0.644832 0.004065 0.005632
0 0.532326 0.636768 0.004607 0.005888
0 0.485719 0.646240 0.005148 0.006912
0 0.676024 0.599372 0.007414 0.005898
