0 0.072973 0.668173 0.003630 0.004005
0 0.084486 0.669860 0.002926 0.003373
0 0.102852 0.664221 0.002167 0.003373
0 0.202836 0.680020 0.004676 0.002356
0 0.216718 0.674638 0.003131 0.004102
0 0.210706 0.689261 0.002380 0.003453
0 0.221708 0.686966 0.003424 0.002762
0 0.226363 0.689098 0.003382 0.002234
0 0.222668 0.683655 0.002088 0.003209
0 0.217658 0.682417 0.002756 0.002275
0 0.219015 0.683066 0.002881 0.002112
0 0.219766 0.684001 0.003048 0.001868
0 0.224150 0.680487 0.002547 0.002153
0 0.224338 0.678802 0.003674 0.002031
0 0.222564 0.677867 0.003215 0.002275
0 0.237686 0.681790 0.002208 0.003458
0 0.241516 0.683351 0.003313 0.002417
0 0.248245 0.679508 0.003037 0.002652
0 0.243052 0.680733 0.002381 0.003021
0 0.243915 0.679457 0.002519 0.003625
0 0.261033 0.682723 0.003264 0.001809
0 0.260141 0.675098 0.002467 0.003102
0 0.267923 0.670981 0.002543 0.002769
0 0.276501 0.679824 0.003834 0.002142
0 0.271128 0.665934 0.002622 0.003390
0 0.279564 0.662510 0.002243 0.003323
0 0.292677 0.672682 0.002657 0.002249
0 0.298750 0.671524 0.002657 0.002081
0 0.299061 0.673655 0.001829 0.002786
0 0.300648 0.670030 0.001898 0.002719
0 0.288070 0.671708 0.003244 0.002182
0 0.291193 0.659070 0.001967 0.003223
0 0.300734 0.658298 0.002761 0.002954
0 0.288588 0.663115 0.002553 0.003592
0 0.290262 0.652188 0.002450 0.002820
0 0.292556 0.652608 0.002139 0.002652
0 0.284809 0.656367 0.003002 0.002450
0 0.284948 0.658449 0.003278 0.001981
0 0.309197 0.652018 0.002415 0.003122
0 0.316806 0.652236 0.003140 0.002350
0 0.315098 0.648980 0.002968 0.003155
0 0.316288 0.660461 0.002864 0.003155
0 0.327210 0.659588 0.003382 0.003558
0 0.305798 0.661115 0.002588 0.001913
0 0.309370 0.660461 0.002968 0.002216
0 0.309180 0.661803 0.002415 0.001007
0 0.309284 0.662542 0.002415 0.001007
0 0.311785 0.667862 0.002726 0.001376
0 0.313166 0.666620 0.003244 0.001712
0 0.316064 0.657372 0.002830 0.002618
0 0.337268 0.656768 0.002450 0.003491
0 0.337491 0.653291 0.002899 0.002182
0 0.337647 0.649683 0.002450 0.003223
0 0.339545 0.652016 0.002105 0.003390
0 0.341115 0.651814 0.002726 0.001376
0 0.341373 0.649498 0.002519 0.003390
0 0.344358 0.646712 0.002001 0.004062
0 0.330130 0.630367 0.003131 0.002640
0 0.343282 0.627036 0.002046 0.003777
0 0.353595 0.629555 0.002380 0.003534
0 0.357082 0.619867 0.003507 0.003331
0 0.364764 0.622650 0.002255 0.003534
0 0.366936 0.612434 0.002422 0.003493
0 0.361027 0.603986 0.002630 0.002031
0 0.371841 0.599904 0.002129 0.003534
0 0.376226 0.603661 0.002213 0.003331
0 0.380255 0.606139 0.003006 0.002843
0 0.382363 0.593324 0.002046 0.003371
0 0.380589 0.589952 0.003173 0.002072
0 0.395160 0.594075 0.003173 0.002112
0 0.394973 0.604717 0.002797 0.003168
0 0.406413 0.597853 0.002213 0.003574
0 0.399357 0.582235 0.002881 0.002478
0 0.387123 0.577402 0.004301 0.002478
0 0.379795 0.574030 0.002839 0.003534
0 0.378731 0.565521 0.002380 0.003656
0 0.370067 0.567247 0.002923 0.003453
0 0.368731 0.562678 0.002505 0.003006
0 0.361925 0.561825 0.003090 0.003331
0 0.360172 0.570070 0.002338 0.003168
0 0.361800 0.572710 0.001837 0.003574
0 0.365933 0.576995 0.003257 0.003696
0 0.394457 0.614062 0.004589 0.002551
0 0.412936 0.617352 0.002968 0.002148
0 0.450946 0.655035 0.002710 0.003753
0 0.450120 0.650165 0.002802 0.003396
0 0.452760 0.643619 0.002756 0.002904
0 0.454575 0.646166 0.003261 0.001921
0 0.455907 0.648087 0.003169 0.001742
0 0.464243 0.650969 0.002388 0.004111
0 0.469341 0.646054 0.004225 0.004289
0 0.472670 0.651662 0.002434 0.003440
0 0.477562 0.656867 0.002848 0.002055
0 0.446996 0.639777 0.002434 0.003351
0 0.466769 0.630841 0.002756 0.002368
0 0.468766 0.630841 0.001791 0.003440
0 0.470879 0.629501 0.002067 0.003440
0 0.465896 0.622352 0.002113 0.003440
0 0.485412 0.658252 0.004327 0.001883
0 0.487219 0.622420 0.003668 0.002487
0 0.472855 0.617988 0.002174 0.003256
0 0.466023 0.613674 0.001967 0.003290
0 0.461365 0.608841 0.002312 0.002484
0 0.460726 0.610771 0.002139 0.002585
0 0.470147 0.607145 0.002484 0.001846
0 0.466127 0.608824 0.002105 0.002383
0 0.546972 0.695400 0.002519 0.002786
0 0.124269 0.655806 0.002622 0.003323
0 0.127099 0.655588 0.002899 0.003021
0 0.353853 0.557267 0.002113 0.003485
0 0.360283 0.555324 0.003031 0.002457
0 0.361202 0.553358 0.002939 0.002279
0 0.365565 0.556083 0.003123 0.004334
0 0.353922 0.543171 0.003261 0.001921
0 0.364555 0.543015 0.002021 0.002949
0 0.355553 0.532984 0.002480 0.002994
0 0.361340 0.535777 0.003123 0.002323
0 0.354634 0.526818 0.002021 0.003351
0 0.352593 0.498696 0.002197 0.003720
0 0.362438 0.508155 0.002522 0.003008
0 0.323022 0.487967 0.002678 0.002851
0 0.347751 0.466684 0.002384 0.003092
0 0.396440 0.492368 0.002663 0.003598
0 0.403948 0.496073 0.002885 0.003958
0 0.394184 0.506003 0.003329 0.003526
0 0.433091 0.489166 0.004068 0.001799
0 0.433161 0.456119 0.003403 0.002015
0 0.478022 0.493068 0.002737 0.003094
0 0.391036 0.527068 0.002293 0.003454
0 0.387264 0.536278 0.004512 0.002447
0 0.411266 0.532680 0.002663 0.003454
0 0.416185 0.529730 0.002293 0.003742
0 0.405497 0.522606 0.003107 0.005037
0 0.425690 0.529191 0.002367 0.003382
0 0.436822 0.533976 0.002737 0.003022
0 0.422583 0.534911 0.002515 0.003886
0 0.398544 0.546748 0.002071 0.002662
0 0.398803 0.549698 0.002589 0.003382
0 0.396214 0.554843 0.002737 0.002734
0 0.394106 0.558477 0.002811 0.003382
0 0.406606 0.556066 0.002071 0.003166
0 0.410527 0.551965 0.002515 0.002878
0 0.421622 0.540991 0.001775 0.003094
0 0.429241 0.545165 0.003698 0.002231
0 0.437673 0.540740 0.002071 0.003310
0 0.443146 0.545561 0.002663 0.003742
0 0.451801 0.544445 0.002219 0.003382
0 0.458532 0.533472 0.002367 0.002878
0 0.456350 0.524441 0.002145 0.002950
0 0.447067 0.523758 0.002811 0.003166
0 0.446253 0.542610 0.003403 0.004317
0 0.450802 0.550058 0.003476 0.003382
0 0.448620 0.511201 0.002515 0.002662
0 0.474694 0.504653 0.001997 0.003238
0 0.486566 0.510122 0.001775 0.003238
0 0.497809 0.503826 0.002367 0.003310
0 0.477468 0.524765 0.002219 0.003742
0 0.491484 0.531385 0.002293 0.002590
0 0.475618 0.534191 0.002367 0.003310
0 0.474657 0.538725 0.002071 0.003166
0 0.403716 0.563088 0.002374 0.002457
0 0.404423 0.564169 0.001970 0.002654
0 0.410966 0.569010 0.002930 0.001720
0 0.422106 0.559672 0.002273 0.002998
0 0.423243 0.555864 0.002021 0.003440
0 0.425162 0.557682 0.001819 0.003047
0 0.425188 0.561737 0.002476 0.002801
0 0.424581 0.564464 0.002071 0.003047
0 0.423419 0.573532 0.002071 0.003195
0 0.433321 0.563014 0.002273 0.003195
0 0.434307 0.558198 0.001819 0.003686
0 0.436100 0.558886 0.001970 0.002703
0 0.433751 0.553480 0.001819 0.003195
0 0.436656 0.568372 0.001970 0.002900
0 0.442390 0.569576 0.002122 0.003440
0 0.441405 0.567757 0.002071 0.002949
0 0.446962 0.576923 0.002071 0.002998
0 0.422232 0.586900 0.002627 0.002703
0 0.411547 0.587564 0.003486 0.002556
0 0.406116 0.589259 0.002829 0.003391
0 0.420969 0.606731 0.002122 0.003342
0 0.436959 0.592061 0.001869 0.002998
0 0.442845 0.587686 0.002122 0.002900
0 0.450701 0.587539 0.001768 0.002703
0 0.450322 0.589972 0.001920 0.002457
0 0.449867 0.591717 0.003132 0.002015
0 0.441405 0.589996 0.001768 0.003195
0 0.442920 0.591299 0.001768 0.002654
0 0.460173 0.584639 0.002021 0.002998
0 0.461335 0.582944 0.001819 0.003145
0 0.464821 0.585893 0.002223 0.002556
0 0.475330 0.587293 0.001920 0.003391
0 0.475532 0.591741 0.002526 0.002654
0 0.469772 0.592159 0.001920 0.002900
0 0.466261 0.595378 0.001970 0.003145
0 0.462245 0.599654 0.001819 0.003145
0 0.461007 0.601423 0.001869 0.002752
0 0.485838 0.585721 0.001920 0.002605
0 0.483009 0.577611 0.002829 0.002605
0 0.482857 0.581199 0.002021 0.002998
0 0.500919 0.580339 0.002071 0.002949
0 0.474142 0.574884 0.001768 0.003047
0 0.467676 0.573532 0.001768 0.003195
0 0.464240 0.569084 0.002273 0.002752
0 0.467752 0.562154 0.002021 0.003539
0 0.455374 0.562941 0.002425 0.003342
0 0.460173 0.566848 0.002324 0.002605
0 0.460653 0.564661 0.002273 0.003539
0 0.459971 0.573114 0.003334 0.002851
0 0.458885 0.558812 0.002779 0.003244
0 0.458910 0.556527 0.002627 0.003489
0 0.471035 0.557805 0.001920 0.003195
0 0.476820 0.557707 0.002981 0.002998
0 0.463634 0.553283 0.001970 0.003293
0 0.462396 0.548983 0.002223 0.003244
0 0.484600 0.548123 0.001869 0.002703
0 0.484626 0.553775 0.002122 0.003195
0 0.489097 0.558198 0.001970 0.003391
0 0.493315 0.540259 0.001920 0.002703
0 0.508699 0.546354 0.002273 0.003096
0 0.522718 0.540579 0.002021 0.002654
0 0.507486 0.553455 0.002880 0.002359
0 0.508800 0.556404 0.002071 0.003440
0 0.513397 0.560041 0.002273 0.002654
0 0.506223 0.563383 0.002476 0.002851
0 0.534641 0.553087 0.002324 0.003293
0 0.524916 0.566946 0.002071 0.003195
0 0.514696 0.524590 0.002855 0.003544
0 0.514204 0.508213 0.004037 0.004501
0 0.508710 0.581257 0.002312 0.002585
0 0.511557 0.586611 0.001794 0.003155
0 0.508520 0.588222 0.002277 0.002148
0 0.533921 0.588378 0.003215 0.002234
0 0.525320 0.592277 0.002380 0.003371
0 0.510060 0.598248 0.002004 0.002396
0 0.507304 0.596359 0.001921 0.003493
0 0.499559 0.603548 0.001879 0.003412
0 0.499601 0.608301 0.002213 0.003574
0 0.524974 0.609630 0.001898 0.002806
0 0.536418 0.601820 0.001860 0.003065
0 0.527251 0.613747 0.003188 0.002400
0 0.544465 0.613525 0.001860 0.003286
0 0.588909 0.645576 0.002690 0.004056
0 0.594053 0.649076 0.005850 0.004121
0 0.617151 0.646819 0.003228 0.003532
0 0.647285 0.635700 0.002140 0.003152
0 0.647866 0.638465 0.003301 0.002973
0 0.654071 0.636205 0.002506 0.003330
0 0.792263 0.656486 0.001975 0.003128
0 0.796029 0.651706 0.002710 0.003932
0 0.799336 0.652130 0.003261 0.002725
0 0.812262 0.666783 0.002737 0.004389
0 0.829146 0.649737 0.002899 0.002551
0 0.838998 0.647589 0.003140 0.001746
0 0.832700 0.659035 0.003175 0.002081
0 0.838981 0.659421 0.002001 0.002920
0 0.850057 0.649703 0.003037 0.001813
0 0.867414 0.650442 0.003175 0.002350
0 0.859978 0.643544 0.002105 0.003390
0 0.865430 0.638341 0.002105 0.003189
0 0.868035 0.635118 0.002070 0.003055
0 0.878042 0.634648 0.002277 0.003189
0 0.880440 0.634228 0.002036 0.003491
0 0.884621 0.674990 0.003106 0.002115
0 0.885380 0.672808 0.002899 0.001981
0 0.886640 0.671298 0.003209 0.001981
0 0.887192 0.679606 0.002519 0.001880
0 0.889970 0.678532 0.002415 0.002081
0 0.886571 0.680747 0.003002 0.001947
0 0.884380 0.680059 0.002070 0.002518
0 0.883517 0.683852 0.001932 0.003189
0 0.902340 0.663997 0.002381 0.002820
0 0.909362 0.658810 0.002899 0.002719
0 0.904393 0.661865 0.002692 0.001913
0 0.905498 0.663527 0.002139 0.002887
0 0.898130 0.663191 0.002864 0.002283
0 0.918610 0.654413 0.002070 0.002585
0 0.910346 0.654346 0.002795 0.002115
0 0.912744 0.654279 0.002208 0.003055
0 0.864978 0.643349 0.002312 0.002820
0 0.873691 0.639371 0.003037 0.005002
0 0.885630 0.635763 0.003175 0.003223
0 0.890185 0.638952 0.002622 0.002417
0 0.904937 0.641184 0.001898 0.002383
0 0.894740 0.647428 0.003106 0.002585
0 0.906455 0.635175 0.002450 0.002518
0 0.905126 0.633849 0.003106 0.001880
0 0.917963 0.637173 0.002001 0.002081
0 0.914426 0.637710 0.002036 0.002820
0 0.912269 0.636216 0.001932 0.002719
0 0.924640 0.638079 0.002036 0.002820
0 0.928970 0.638633 0.002070 0.002719
0 0.864954 0.629127 0.003340 0.002363
0 0.855541 0.613822 0.002277 0.002105
0 0.864650 0.613452 0.002050 0.002696
0 0.869319 0.619231 0.001822 0.002511
0 0.875070 0.620062 0.003226 0.002031
0 0.881997 0.624179 0.002050 0.002806
0 0.880706 0.621853 0.002277 0.002511
0 0.880327 0.619619 0.001974 0.002326
0 0.902399 0.617939 0.002012 0.002363
0 0.969326 0.656539 0.002690 0.003509
0 0.979993 0.659423 0.002384 0.003330
0 0.969509 0.648184 0.002690 0.003211
0 0.973483 0.645656 0.002934 0.003390
0 0.968500 0.641553 0.002506 0.002676
0 0.963488 0.638074 0.002140 0.002973
0 0.959484 0.634238 0.001834 0.002557
0 0.953951 0.635398 0.002262 0.002973
0 0.959209 0.639947 0.002262 0.003390
0 0.960615 0.646578 0.002017 0.003449
0 0.952118 0.644705 0.002140 0.003033
0 0.951995 0.647559 0.002140 0.003033
0 0.945760 0.638193 0.002995 0.002022
0 0.946249 0.640929 0.002873 0.002141
0 0.943376 0.637093 0.002017 0.003628
0 0.942581 0.642713 0.002629 0.002498
0 0.950681 0.631919 0.001834 0.003152
0 0.959331 0.622999 0.002873 0.003033
0 0.968256 0.627816 0.002629 0.003390
0 0.969662 0.632038 0.002017 0.003033
0 0.968898 0.634595 0.001834 0.002914
0 0.954318 0.644526 0.002140 0.002676
0 0.939219 0.636647 0.002629 0.002141
0 0.937752 0.627786 0.002140 0.003092
0 0.934909 0.629511 0.001956 0.002973
0 0.935582 0.624783 0.003179 0.002438
0 0.937477 0.616309 0.002201 0.003092
0 0.934604 0.634684 0.001956 0.002498
0 0.929346 0.644794 0.003057 0.002854
0 0.970050 0.680701 0.004586 0.002734
0 0.968644 0.683975 0.004438 0.002231
0 0.971270 0.687897 0.003772 0.002447
0 0.979776 0.692970 0.002293 0.003814
0 0.983401 0.692682 0.003476 0.002087
0 0.983697 0.689552 0.004512 0.003886
0 0.989910 0.706965 0.002589 0.002878
0 0.926144 0.545171 0.002848 0.003878
0 0.926306 0.541689 0.002522 0.003562
0 0.936924 0.536385 0.002278 0.003245
0 0.934850 0.548060 0.002522 0.002849
0 0.935256 0.552968 0.003010 0.003008
0 0.950146 0.553324 0.003173 0.002929
0 0.924760 0.562545 0.002522 0.002849
0 0.913857 0.538245 0.002848 0.002691
0 0.897422 0.550633 0.003010 0.002770
0 0.880823 0.560764 0.002848 0.003245
0 0.886926 0.557044 0.002522 0.002929
0 0.874070 0.554432 0.002522 0.002929
0 0.883427 0.554274 0.002848 0.003245
0 0.873012 0.567651 0.002848 0.002770
0 0.865323 0.571727 0.002278 0.003166
0 0.886234 0.579919 0.002115 0.003087
0 0.888512 0.575724 0.002115 0.003562
0 0.890058 0.582294 0.002441 0.003087
0 0.898724 0.574497 0.003010 0.002691
0 0.880417 0.603230 0.003499 0.002533
0 0.877894 0.600024 0.002685 0.003087
0 0.889041 0.600340 0.002522 0.003720
0 0.900310 0.591792 0.003743 0.002929
0 0.916217 0.610076 0.002522 0.003878
0 0.916380 0.605525 0.001871 0.003166
0 0.920041 0.600538 0.002522 0.003799
0 0.928300 0.596660 0.003092 0.003008
0 0.923174 0.590605 0.003255 0.003404
0 0.914020 0.601923 0.002197 0.002612
0 0.910928 0.619100 0.002522 0.003087
0 0.875535 0.605960 0.002848 0.004195
0 0.883224 0.593256 0.001953 0.003166
0 0.914261 0.622883 0.002059 0.002786
0 0.920571 0.618269 0.002864 0.003134
0 0.924822 0.612218 0.002417 0.003047
0 0.929834 0.611956 0.002775 0.003047
0 0.933504 0.607081 0.003670 0.002003
0 0.922809 0.623319 0.002327 0.002960
0 0.907683 0.627150 0.002327 0.003309
0 0.964060 0.653331 0.003284 0.002261
0 0.965348 0.658221 0.002324 0.002703
0 0.949888 0.638152 0.003399 0.002011
0 0.950784 0.635739 0.001975 0.002189
