0 0.926031 0.915377 0.005115 0.002078
0 0.929942 0.913043 0.004438 0.001840
0 0.919694 0.911936 0.003046 0.003237
0 0.919863 0.904849 0.002557 0.002964
0 0.938611 0.903112 0.003197 0.003237
0 0.938404 0.899824 0.002407 0.003407
0 0.917212 0.899756 0.004250 0.001908
0 0.909220 0.900693 0.002783 0.003646
0 0.990057 0.885027 0.002294 0.003101
0 0.972720 0.882131 0.002445 0.002692
0 0.991093 0.847118 0.002294 0.003373
0 0.980037 0.836351 0.003949 0.001942
0 0.978796 0.840287 0.001993 0.004020
0 0.980977 0.840593 0.002595 0.003203
0 0.983290 0.839656 0.002106 0.002964
0 0.984493 0.839861 0.002106 0.003441
0 0.970810 0.823241 0.002219 0.003203
0 0.960205 0.821350 0.001918 0.003101
0 0.946704 0.805712 0.002595 0.003237
0 0.943450 0.804417 0.003310 0.002215
0 0.939596 0.809425 0.002294 0.002624
0 0.942679 0.810294 0.002144 0.002521
0 0.944165 0.813770 0.002783 0.002930
0 0.943228 0.802468 0.002708 0.002726
0 0.945804 0.796608 0.002745 0.003271
0 0.918365 0.854348 0.003723 0.002147
0 0.939632 0.863888 0.003084 0.003032
0 0.947304 0.862185 0.003986 0.002010
0 0.932449 0.867619 0.002557 0.002521
0 0.932562 0.865132 0.002256 0.002862
0 0.935946 0.863565 0.002332 0.002521
0 0.935439 0.862491 0.002294 0.002078
0 0.908472 0.893084 0.003573 0.002794
0 0.895215 0.883936 0.002557 0.003578
0 0.901082 0.881414 0.003986 0.002078
0 0.906873 0.882079 0.002933 0.003066
0 0.886166 0.843831 0.002128 0.003856
0 0.889714 0.845478 0.003192 0.004097
0 0.909932 0.843791 0.003015 0.002330
0 0.907243 0.827261 0.003084 0.001738
0 0.904699 0.813189 0.004013 0.002174
0 0.898275 0.801244 0.004255 0.002404
0 0.904456 0.795620 0.002603 0.003220
0 0.894345 0.791380 0.003204 0.002267
0 0.967556 0.863044 0.003998 0.002716
0 0.783322 0.839830 0.003704 0.003492
0 0.547750 0.768478 0.004031 0.003984
0 0.143696 0.757345 0.002648 0.003148
0 0.149964 0.758150 0.002937 0.003411
0 0.154721 0.763641 0.002358 0.003823
