0 0.529143 0.273391 0.002861 0.004069
0 0.504593 0.251821 0.002474 0.003437
0 0.508768 0.253434 0.002629 0.002595
0 0.505108 0.242895 0.002173 0.002899
0 0.506674 0.242576 0.002364 0.002377
0 0.507984 0.239822 0.002173 0.002783
0 0.508399 0.247388 0.001853 0.003304
0 0.505907 0.248402 0.001981 0.003015
0 0.507345 0.248547 0.002428 0.002261
0 0.525141 0.240547 0.002748 0.003189
0 0.532842 0.239793 0.002428 0.003189
0 0.540542 0.239967 0.002109 0.002725
0 0.541181 0.245388 0.002364 0.003131
0 0.544919 0.247591 0.002556 0.003015
0 0.577519 0.249231 0.001872 0.003092
0 0.580303 0.242393 0.002353 0.003092
0 0.581744 0.244984 0.001776 0.003223
0 0.576871 0.239736 0.002112 0.002831
0 0.576390 0.242458 0.002112 0.002875
0 0.574541 0.237431 0.002128 0.002716
0 0.573278 0.233029 0.002056 0.002683
0 0.574685 0.232718 0.001984 0.002585
0 0.378320 0.192562 0.002152 0.003225
0 0.571495 0.234706 0.002364 0.003420
0 0.260981 0.184235 0.003014 0.003691
0 0.382355 0.152419 0.002428 0.002203
0 0.398842 0.129722 0.002173 0.003189
0 0.425968 0.122708 0.002364 0.002493
0 0.431017 0.117896 0.002620 0.002841
0 0.426256 0.128650 0.003195 0.002087
0 0.325765 0.124806 0.002088 0.002946
0 0.298703 0.114494 0.002397 0.003227
0 0.272254 0.102404 0.002266 0.003057
0 0.272574 0.105381 0.002324 0.003004
0 0.257034 0.109308 0.002266 0.002951
0 0.245619 0.106198 0.002440 0.003162
0 0.251428 0.094498 0.002440 0.003162
0 0.250120 0.082781 0.002222 0.002880
0 0.248275 0.084508 0.001944 0.002736
0 0.250656 0.085642 0.002579 0.002772
0 0.238799 0.068656 0.003535 0.002138
0 0.234086 0.065112 0.003099 0.003128
0 0.212590 0.053926 0.002531 0.003405
0 0.203468 0.053253 0.002095 0.003643
0 0.198754 0.050976 0.002270 0.002891
0 0.198819 0.055985 0.001877 0.003009
0 0.204013 0.056144 0.002401 0.002376
0 0.167666 0.059640 0.002784 0.003858
0 0.184058 0.059745 0.003093 0.003227
0 0.223383 0.119022 0.002038 0.003061
0 0.206910 0.107548 0.002143 0.002988
0 0.201256 0.109150 0.002262 0.002808
0 0.193975 0.090899 0.003968 0.001944
0 0.153258 0.090693 0.001746 0.002412
0 0.152365 0.092583 0.002182 0.002808
0 0.141315 0.101456 0.002381 0.003060
0 0.033508 0.052389 0.002417 0.002487
0 0.033670 0.055547 0.001948 0.002651
0 0.039983 0.053551 0.001876 0.003240
0 0.039856 0.057723 0.002056 0.003272
0 0.036411 0.059130 0.002092 0.003011
0 0.046548 0.058476 0.002236 0.002749
0 0.049018 0.057608 0.002200 0.002782
0 0.051020 0.050883 0.001948 0.002880
0 0.063501 0.064301 0.002092 0.002683
0 0.065774 0.071287 0.001948 0.002912
0 0.074683 0.073283 0.002236 0.003436
0 0.070120 0.076196 0.002128 0.002323
0 0.073727 0.077243 0.003138 0.003829
0 0.068677 0.080025 0.002633 0.001996
0 0.073421 0.081285 0.002020 0.002749
0 0.074773 0.081301 0.002561 0.002454
0 0.302585 0.041790 0.002324 0.003109
0 0.319490 0.042264 0.003369 0.002899
0 0.328320 0.039313 0.002440 0.004058
0 0.342262 0.043134 0.002556 0.003689
0 0.344935 0.047798 0.004183 0.002266
0 0.361216 0.044366 0.002882 0.003316
0 0.864473 0.013298 0.004520 0.003852
0 0.922226 0.011280 0.002730 0.003531
0 0.928617 0.012123 0.002730 0.003320
0 0.841292 0.041300 0.002905 0.003373
0 0.929623 0.038850 0.003311 0.003320
0 0.580192 0.132198 0.003572 0.001698
0 0.596055 0.132738 0.002807 0.002778
0 0.600314 0.134213 0.002357 0.003168
0 0.608978 0.132966 0.002139 0.003049
0 0.619541 0.136371 0.002051 0.002336
0 0.618908 0.138668 0.002531 0.001861
0 0.626851 0.135282 0.002881 0.002613
0 0.638047 0.136193 0.002750 0.002693
0 0.646012 0.140845 0.002444 0.002811
0 0.658386 0.146290 0.003012 0.002376
0 0.670891 0.148507 0.002270 0.002930
0 0.689069 0.156209 0.002837 0.002732
0 0.706637 0.159001 0.002095 0.003168
0 0.713708 0.155476 0.002182 0.002851
0 0.723201 0.156565 0.002488 0.002891
0 0.735968 0.152665 0.002008 0.002930
0 0.736186 0.155041 0.002357 0.002455
0 0.736622 0.148072 0.001746 0.002059
0 0.737342 0.146468 0.002750 0.001940
0 0.745657 0.152705 0.002619 0.002930
0 0.772543 0.151517 0.002531 0.003405
0 0.749913 0.152566 0.002226 0.003049
0 0.757158 0.152012 0.002837 0.001782
0 0.757813 0.150269 0.002313 0.002336
0 0.759799 0.150547 0.002531 0.002653
0 0.778261 0.163653 0.002444 0.003207
0 0.788583 0.154091 0.002750 0.003564
0 0.796374 0.159990 0.004103 0.002534
0 0.805933 0.156724 0.002793 0.002732
0 0.812567 0.158090 0.002619 0.002772
0 0.819180 0.147062 0.002139 0.003682
0 0.829445 0.172006 0.002056 0.003403
0 0.843585 0.170092 0.001912 0.003109
0 0.843711 0.172219 0.002669 0.002520
0 0.799208 0.135816 0.001835 0.003052
0 0.819834 0.137650 0.002514 0.002713
0 0.922366 0.136739 0.002408 0.003227
0 0.889149 0.153917 0.002517 0.003028
0 0.906305 0.172733 0.004433 0.002333
0 0.905867 0.175289 0.002681 0.002979
0 0.906058 0.163846 0.002517 0.003227
0 0.907591 0.164491 0.002517 0.003624
0 0.899668 0.186875 0.002408 0.002621
0 0.899897 0.200510 0.002714 0.002872
0 0.909641 0.200398 0.002056 0.002947
0 0.909846 0.197619 0.002138 0.002835
0 0.916466 0.193889 0.002138 0.002536
0 0.916713 0.191185 0.002220 0.002947
0 0.890214 0.204389 0.002590 0.003096
0 0.880388 0.212558 0.002426 0.002648
0 0.899362 0.210003 0.002796 0.003059
0 0.898910 0.213080 0.001891 0.002723
0 0.899239 0.219738 0.002138 0.003059
0 0.902035 0.215691 0.001973 0.002350
0 0.904029 0.214143 0.002015 0.002387
0 0.908860 0.210543 0.002631 0.003767
0 0.916260 0.207932 0.002220 0.003021
0 0.919036 0.215336 0.002015 0.002984
0 0.918090 0.216661 0.001850 0.002723
0 0.921914 0.221025 0.002097 0.002574
0 0.925825 0.221708 0.002578 0.003323
0 0.939031 0.211409 0.002397 0.003570
0 0.945069 0.210773 0.002261 0.003282
0 0.929014 0.198834 0.001990 0.003446
0 0.939054 0.191161 0.002533 0.003611
0 0.945431 0.192884 0.002623 0.003364
0 0.950564 0.194485 0.002759 0.003036
0 0.953300 0.195818 0.002261 0.003159
0 0.965938 0.209739 0.002388 0.002573
0 0.948750 0.204751 0.002239 0.003069
0 0.948277 0.206421 0.002288 0.002708
0 0.973151 0.209242 0.002388 0.003656
0 0.980042 0.200374 0.002736 0.002527
0 0.977057 0.195071 0.001940 0.003114
0 0.979868 0.193807 0.002587 0.002934
0 0.983400 0.193333 0.002587 0.003430
0 0.983673 0.196470 0.002139 0.003836
0 0.980216 0.188684 0.002089 0.003340
0 0.967107 0.176589 0.002040 0.002979
0 0.964943 0.173497 0.002686 0.002753
0 0.980862 0.171963 0.001990 0.003114
0 0.967331 0.178936 0.003084 0.003611
