0 0.932490 0.760776 0.003842 0.004406
0 0.931899 0.756500 0.005024 0.003628
0 0.970315 0.798096 0.006206 0.005442
0 0.919488 0.764404 0.002660 0.004924
0 0.917715 0.760128 0.002660 0.005183
0 0.925841 0.760647 0.002955 0.004665
0 0.925250 0.757407 0.002955 0.004924
0 0.928501 0.758962 0.002364 0.004406
0 0.908407 0.750798 0.004728 0.005702
0 0.916681 0.792394 0.004728 0.006997
0 0.908259 0.790191 0.004433 0.004665
0 0.904860 0.788248 0.004728 0.004924
0 0.896291 0.791228 0.003546 0.004147
0 0.891711 0.793820 0.003842 0.004665
0 0.891120 0.790062 0.003251 0.004406
0 0.887573 0.791487 0.004433 0.004665
0 0.893336 0.736544 0.004137 0.004147
0 0.864229 0.737192 0.005024 0.006479
0 0.855363 0.726955 0.004433 0.005702
0 0.845760 0.729158 0.004728 0.005961
0 0.836303 0.722808 0.005319 0.007257
0 0.873980 0.785008 0.003251 0.006738
0 0.867331 0.788766 0.006501 0.004924
0 0.863047 0.784231 0.003842 0.005702
0 0.841327 0.790062 0.004728 0.005442
0 0.839554 0.776974 0.003546 0.006220
0 0.820937 0.774253 0.005319 0.004924
0 0.818573 0.769588 0.004137 0.004924
0 0.800104 0.765571 0.003251 0.005702
0 0.803650 0.756889 0.003842 0.005961
0 0.795524 0.756759 0.003546 0.004665
0 0.793455 0.760776 0.003546 0.004924
0 0.788136 0.751187 0.004728 0.003887
0 0.785181 0.757925 0.003546 0.003887
0 0.785624 0.761035 0.002660 0.003369
0 0.785477 0.764145 0.003546 0.003887
0 0.787102 0.764534 0.002660 0.005183
0 0.782669 0.758184 0.002660 0.004406
0 0.782522 0.755722 0.002955 0.006738
0 0.779714 0.711275 0.005024 0.003887
0 0.793160 0.709980 0.005910 0.006479
0 0.766269 0.695337 0.003546 0.006738
0 0.758881 0.708425 0.004137 0.005442
0 0.753414 0.703630 0.003842 0.006220
0 0.745731 0.690801 0.005024 0.006997
0 0.749868 0.678491 0.003251 0.005702
0 0.750164 0.673048 0.003251 0.005702
0 0.753414 0.673178 0.003251 0.004924
0 0.774691 0.765441 0.003251 0.004924
0 0.767008 0.758573 0.003251 0.006738
0 0.758290 0.757537 0.004137 0.004147
0 0.752823 0.759999 0.005024 0.005442
0 0.758290 0.779436 0.004137 0.006997
0 0.749573 0.769717 0.003842 0.003628
0 0.740117 0.763497 0.005024 0.004665
0 0.756517 0.793431 0.004137 0.004924
0 0.755631 0.809240 0.004728 0.004924
0 0.815057 0.893702 0.003251 0.005131
0 0.800104 0.878878 0.003901 0.003991
0 0.794416 0.880018 0.002275 0.005131
0 0.792953 0.880161 0.004551 0.003136
0 0.791165 0.877738 0.005526 0.003421
0 0.778163 0.854646 0.004226 0.005702
0 0.772800 0.850085 0.004551 0.005131
0 0.751183 0.824997 0.005526 0.003991
0 0.745007 0.818726 0.004876 0.005702
0 0.739969 0.818441 0.003901 0.006272
0 0.742569 0.806610 0.003901 0.005987
0 0.740294 0.807465 0.004551 0.006557
0 0.729405 0.815590 0.004226 0.007982
0 0.725179 0.812454 0.005526 0.006842
0 0.708926 0.815447 0.004226 0.004846
0 0.708926 0.811171 0.004226 0.004846
0 0.706976 0.811028 0.002925 0.005131
0 0.705838 0.805612 0.003251 0.006842
0 0.753649 0.746441 0.003169 0.004974
0 0.750396 0.743222 0.003670 0.003804
0 0.748645 0.746953 0.003503 0.003657
0 0.745392 0.743515 0.002002 0.004096
0 0.743724 0.740370 0.003670 0.003657
0 0.739054 0.735542 0.004337 0.005120
0 0.734383 0.741467 0.002335 0.004096
0 0.740555 0.743515 0.002669 0.004681
0 0.738053 0.743222 0.004003 0.002341
0 0.737969 0.745929 0.002168 0.004828
0 0.739137 0.753317 0.002836 0.004974
0 0.737135 0.752585 0.002502 0.004096
0 0.732965 0.757413 0.004504 0.003804
0 0.727461 0.742564 0.002502 0.003365
0 0.730046 0.742418 0.003336 0.003365
0 0.731381 0.740589 0.002335 0.004389
0 0.729212 0.740150 0.003002 0.003804
0 0.723624 0.736347 0.002836 0.004096
0 0.714033 0.752439 0.003336 0.003804
0 0.701022 0.756828 0.004337 0.002633
0 0.707528 0.745783 0.004337 0.004828
0 0.704358 0.740443 0.004337 0.004389
0 0.701523 0.743442 0.003670 0.003365
0 0.699104 0.744027 0.002502 0.003657
0 0.697019 0.744905 0.003336 0.002780
0 0.696185 0.747099 0.002335 0.003950
0 0.698187 0.746733 0.003336 0.003218
0 0.699855 0.745783 0.002669 0.002194
0 0.697519 0.725375 0.003336 0.003511
0 0.689096 0.737517 0.002836 0.004681
0 0.684926 0.734884 0.003837 0.003511
0 0.669397 0.734853 0.003761 0.006361
0 0.665905 0.742746 0.003761 0.004241
0 0.663084 0.747105 0.004030 0.004948
0 0.663218 0.795639 0.005373 0.004948
0 0.650727 0.797171 0.006716 0.005655
0 0.649383 0.788336 0.005641 0.004477
0 0.640518 0.787747 0.003492 0.005183
0 0.640250 0.796582 0.004567 0.004005
0 0.635280 0.802354 0.004298 0.007068
0 0.630847 0.797642 0.005641 0.006126
0 0.620773 0.787511 0.005910 0.006126
0 0.612445 0.784330 0.005910 0.006361
0 0.594447 0.780443 0.004298 0.006597
0 0.586925 0.782799 0.006985 0.005655
0 0.595655 0.728021 0.007253 0.007775
0 0.615669 0.725782 0.004836 0.006597
0 0.625206 0.717890 0.004567 0.005890
0 0.626683 0.714827 0.003761 0.005419
0 0.641862 0.725547 0.004567 0.007539
0 0.642130 0.716947 0.005641 0.005890
0 0.655697 0.719185 0.004836 0.005183
0 0.673024 0.680782 0.005104 0.006126
0 0.661875 0.698334 0.002686 0.005419
0 0.659726 0.697038 0.003224 0.006597
0 0.656100 0.695860 0.003492 0.005183
0 0.655831 0.708701 0.004030 0.004477
0 0.656905 0.712706 0.002955 0.003063
0 0.654891 0.712471 0.003224 0.004005
0 0.647503 0.706345 0.003492 0.005419
0 0.633131 0.694682 0.004298 0.004712
0 0.626280 0.690795 0.005104 0.004477
0 0.642667 0.670533 0.005641 0.004477
0 0.642802 0.661344 0.003224 0.006833
0 0.640518 0.660755 0.004030 0.005655
0 0.633131 0.662169 0.003224 0.005183
0 0.626146 0.660402 0.004836 0.004948
0 0.619161 0.659813 0.004836 0.006126
0 0.596058 0.656868 0.004836 0.006361
0 0.594044 0.669826 0.007253 0.005890
0 0.648175 0.695271 0.005910 0.003534
0 0.645085 0.696449 0.003492 0.004477
0 0.647100 0.697274 0.002686 0.004712
0 0.589477 0.705991 0.003492 0.004712
0 0.589477 0.717890 0.004567 0.005890
0 0.585044 0.716123 0.004298 0.004241
0 0.561538 0.705991 0.005641 0.004712
0 0.560329 0.699630 0.005373 0.006597
0 0.533513 0.582837 0.004298 0.004948
0 0.522633 0.595324 0.005104 0.005890
0 0.519141 0.626777 0.005104 0.005655
0 0.508664 0.644212 0.006179 0.003770
0 0.502485 0.649277 0.004567 0.004948
0 0.542972 0.794668 0.003907 0.005569
0 0.537721 0.788564 0.004152 0.005783
0 0.537111 0.794133 0.004884 0.004070
0 0.491808 0.818657 0.004152 0.003855
0 0.490221 0.820585 0.003419 0.004712
0 0.434159 0.716587 0.004337 0.004242
0 0.434993 0.713149 0.005338 0.002633
0 0.429988 0.704152 0.005004 0.003365
0 0.428070 0.706347 0.002836 0.003950
0 0.352108 0.765931 0.003761 0.005419
0 0.347944 0.788078 0.001880 0.004005
0 0.347004 0.781834 0.002686 0.003770
0 0.347139 0.785250 0.002955 0.002592
0 0.344183 0.784897 0.002955 0.005183
0 0.339214 0.785250 0.005373 0.004005
0 0.320946 0.770878 0.004836 0.004005
0 0.320140 0.773706 0.003224 0.004948
0 0.312215 0.772763 0.005641 0.003534
0 0.281993 0.806219 0.004298 0.006361
0 0.277695 0.798562 0.003224 0.004712
0 0.274337 0.799976 0.004567 0.004712
0 0.273128 0.792554 0.003224 0.004948
0 0.268964 0.791376 0.004030 0.006833
0 0.277695 0.769583 0.003761 0.004712
0 0.278635 0.763810 0.005641 0.004005
0 0.263457 0.768287 0.005910 0.004948
0 0.260099 0.762279 0.005104 0.005183
0 0.256204 0.763692 0.005373 0.005655
0 0.254458 0.772763 0.004567 0.005419
0 0.242234 0.773117 0.004298 0.006597
0 0.226788 0.771585 0.004567 0.006361
0 0.223027 0.775355 0.003492 0.006361
0 0.210669 0.774059 0.004567 0.005655
0 0.207177 0.773941 0.005104 0.006361
0 0.204222 0.776886 0.003492 0.006597
0 0.197775 0.780538 0.004030 0.006833
0 0.194417 0.786075 0.002149 0.006126
0 0.191864 0.782894 0.003492 0.004948
0 0.185283 0.783719 0.006447 0.006597
0 0.180313 0.783837 0.004567 0.005419
0 0.162314 0.783601 0.006179 0.004948
0 0.146599 0.787135 0.006985 0.006833
0 0.130077 0.783366 0.005104 0.004477
0 0.120137 0.783248 0.005104 0.002827
0 0.118391 0.788431 0.005373 0.005655
0 0.113690 0.783483 0.005104 0.004712
0 0.095423 0.785250 0.005104 0.005419
0 0.181656 0.732239 0.005104 0.007304
0 0.177761 0.728823 0.003761 0.005655
0 0.178701 0.722933 0.004030 0.006126
0 0.173731 0.718103 0.003761 0.006361
0 0.270195 0.690909 0.006079 0.005331
0 0.198504 0.685578 0.007866 0.007213
0 0.187956 0.684638 0.005363 0.005958
0 0.183129 0.670056 0.005721 0.005017
0 0.168826 0.678679 0.005721 0.008467
0 0.175084 0.687303 0.006794 0.008153
0 0.165608 0.693261 0.006436 0.008153
0 0.159887 0.695927 0.006436 0.006585
0 0.142724 0.688871 0.005721 0.008781
0 0.145764 0.698906 0.006794 0.005645
0 0.139864 0.697652 0.003576 0.006272
0 0.137540 0.699533 0.003933 0.006272
0 0.132713 0.697025 0.005006 0.006899
0 0.139685 0.674132 0.006794 0.006899
0 0.140043 0.653122 0.005363 0.008153
0 0.137719 0.636031 0.006436 0.006585
0 0.130389 0.643871 0.004648 0.005958
0 0.135573 0.656414 0.005006 0.005958
0 0.130210 0.654533 0.005721 0.004704
0 0.127707 0.659080 0.005006 0.007526
0 0.120198 0.652495 0.005721 0.006899
0 0.117695 0.654690 0.005721 0.010035
0 0.116265 0.709725 0.006436 0.007213
0 0.080509 0.693261 0.002860 0.007526
0 0.078006 0.690126 0.004291 0.005645
0 0.143440 0.736537 0.003576 0.007526
0 0.154882 0.728854 0.006436 0.006585
0 0.148368 0.715958 0.002624 0.004956
0 0.151395 0.716666 0.001817 0.004602
0 0.139891 0.734456 0.001817 0.003717
0 0.138478 0.732067 0.003431 0.004248
0 0.081722 0.789003 0.003224 0.004477
0 0.075812 0.787119 0.004836 0.006361
0 0.062917 0.770155 0.005373 0.005890
0 0.058887 0.767092 0.003224 0.004948
0 0.057679 0.764500 0.004030 0.003063
0 0.055261 0.764383 0.001880 0.005183
0 0.055261 0.766385 0.006716 0.002592
0 0.052709 0.770273 0.003224 0.004241
