0 0.006897 0.668041 0.003151 0.003373
0 0.017328 0.672863 0.002390 0.003531
0 0.023603 0.665142 0.002879 0.003162
0 0.009097 0.649515 0.002336 0.003215
0 0.007875 0.642348 0.002390 0.003109
0 0.010075 0.641267 0.002553 0.003268
0 0.044509 0.653795 0.003436 0.002483
0 0.051662 0.650105 0.002384 0.003605
0 0.050364 0.646091 0.003436 0.003605
0 0.045683 0.636856 0.002349 0.003776
0 0.059779 0.635530 0.002630 0.003299
0 0.065126 0.632639 0.002314 0.003095
0 0.070473 0.627826 0.002209 0.002993
0 0.069386 0.634679 0.001788 0.003163
0 0.073611 0.645513 0.004067 0.001973
0 0.075505 0.654288 0.001964 0.003129
0 0.076609 0.654526 0.002069 0.003129
0 0.088451 0.657745 0.002083 0.003031
0 0.088374 0.621826 0.002314 0.001983
0 0.002624 0.623459 0.003232 0.002552
0 0.147304 0.589859 0.002398 0.003689
0 0.143832 0.598601 0.002232 0.003850
0 0.146395 0.604335 0.002232 0.003770
0 0.153019 0.615775 0.002485 0.002849
0 0.154741 0.615282 0.002541 0.003506
0 0.159146 0.621965 0.002089 0.003506
0 0.169254 0.622349 0.001863 0.003835
0 0.170976 0.623417 0.001920 0.003342
0 0.176651 0.624129 0.002202 0.003342
0 0.189809 0.628649 0.002767 0.003396
0 0.210222 0.627306 0.002823 0.003013
0 0.212622 0.627635 0.001976 0.003232
0 0.213498 0.629196 0.003501 0.002191
0 0.216575 0.628457 0.002089 0.003780
0 0.217083 0.615145 0.002541 0.003342
0 0.222307 0.619939 0.002146 0.003177
0 0.224961 0.620979 0.002485 0.002410
0 0.204244 0.624407 0.002206 0.002881
0 0.186403 0.609405 0.003267 0.003334
0 0.178194 0.603355 0.001952 0.003745
0 0.174863 0.600227 0.002164 0.003334
0 0.203822 0.650368 0.003285 0.001743
0 0.218068 0.644915 0.003748 0.002490
0 0.232031 0.637818 0.002105 0.003237
0 0.230573 0.633456 0.002034 0.003503
0 0.244475 0.626840 0.003962 0.001973
0 0.242196 0.621313 0.001928 0.003367
0 0.250296 0.626857 0.001928 0.003707
0 0.253294 0.629408 0.002104 0.003639
0 0.253872 0.634425 0.002700 0.002177
0 0.256730 0.624340 0.003647 0.002143
0 0.264076 0.630411 0.002489 0.003265
0 0.271492 0.625905 0.001893 0.003163
0 0.272386 0.629850 0.002700 0.003095
0 0.265724 0.621772 0.002139 0.003401
0 0.261937 0.619561 0.004734 0.002789
0 0.255135 0.615173 0.001999 0.002857
0 0.254539 0.617282 0.002069 0.002721
0 0.247105 0.619255 0.002560 0.002993
0 0.248876 0.620854 0.002174 0.003333
0 0.278241 0.624986 0.002069 0.002959
0 0.283150 0.625769 0.002279 0.003571
0 0.288480 0.626857 0.002489 0.003095
0 0.274013 0.638089 0.003261 0.003163
0 0.285128 0.639772 0.002560 0.002857
0 0.292176 0.634449 0.002560 0.003095
0 0.259335 0.648110 0.002707 0.003576
0 0.259148 0.651324 0.002707 0.002943
0 0.254295 0.654063 0.002800 0.002988
0 0.267525 0.653135 0.002847 0.003848
0 0.262532 0.665064 0.002940 0.002626
0 0.258705 0.664023 0.002847 0.003803
0 0.258588 0.668505 0.002240 0.002988
0 0.272916 0.663344 0.003360 0.002083
0 0.363350 0.615466 0.003157 0.003791
0 0.374211 0.614846 0.002931 0.003573
0 0.381689 0.622137 0.002105 0.002698
0 0.397882 0.616256 0.002033 0.002849
0 0.410729 0.611627 0.003106 0.003342
0 0.494533 0.608517 0.002105 0.003864
0 0.501222 0.600278 0.003608 0.002260
0 0.497238 0.604216 0.003157 0.004156
0 0.567996 0.688427 0.002631 0.003500
0 0.571077 0.687078 0.003533 0.002260
0 0.581938 0.684599 0.002856 0.002844
0 0.584757 0.681974 0.002180 0.003573
0 0.589680 0.682557 0.002405 0.002989
0 0.581600 0.681099 0.002180 0.003135
0 0.584644 0.670053 0.003157 0.003354
0 0.572844 0.678584 0.002706 0.003062
0 0.571491 0.680151 0.002255 0.003427
0 0.572355 0.681318 0.002180 0.002844
0 0.599638 0.659080 0.002480 0.003281
0 0.592761 0.645190 0.002405 0.003937
0 0.597083 0.652919 0.002330 0.003791
0 0.599263 0.653502 0.002180 0.003791
0 0.608771 0.662325 0.002255 0.002916
0 0.619819 0.663163 0.003608 0.002260
0 0.762766 0.756354 0.002520 0.002626
0 0.759289 0.760428 0.002007 0.003531
0 0.762183 0.762058 0.002100 0.003260
0 0.763069 0.766314 0.002660 0.001901
0 0.760013 0.767400 0.002613 0.003260
0 0.756792 0.763416 0.002053 0.003441
0 0.760293 0.764503 0.002893 0.003893
0 0.756582 0.757486 0.002847 0.004437
0 0.577513 0.693337 0.003101 0.003688
0 0.614964 0.625786 0.002118 0.003182
0 0.614828 0.600035 0.002528 0.004176
0 0.618825 0.593838 0.002460 0.003844
0 0.620806 0.595495 0.002323 0.003579
0 0.658797 0.604377 0.003006 0.003712
0 0.662999 0.608619 0.002255 0.003314
0 0.668089 0.606266 0.002460 0.003778
0 0.670925 0.619821 0.002118 0.003182
0 0.672428 0.620682 0.001982 0.003049
0 0.669592 0.638612 0.003963 0.001790
0 0.703107 0.625720 0.003075 0.004507
0 0.709462 0.631718 0.003211 0.003513
0 0.717320 0.627841 0.004305 0.002784
0 0.722273 0.631155 0.002460 0.004110
0 0.693849 0.647494 0.003826 0.002718
0 0.692004 0.653426 0.002323 0.004507
0 0.684146 0.657933 0.002733 0.004242
0 0.669627 0.653095 0.002255 0.003712
0 0.712439 0.655735 0.001820 0.003576
0 0.716126 0.653856 0.002567 0.002716
0 0.736659 0.652727 0.002202 0.003177
0 0.749308 0.659684 0.002202 0.002958
0 0.751031 0.645249 0.002936 0.002136
0 0.760320 0.651001 0.002428 0.003561
0 0.765346 0.653302 0.002315 0.003451
0 0.766306 0.656232 0.002767 0.002629
0 0.773195 0.628569 0.003332 0.002410
0 0.761873 0.619969 0.002485 0.003068
0 0.801704 0.647532 0.002665 0.002651
0 0.800987 0.645378 0.004100 0.001922
0 0.788448 0.646670 0.003895 0.003844
0 0.820187 0.626056 0.002870 0.003182
0 0.826849 0.619826 0.003621 0.002651
0 0.832486 0.614722 0.003006 0.003182
0 0.838191 0.619859 0.002255 0.003115
0 0.846151 0.608160 0.002733 0.002651
0 0.792986 0.614063 0.003388 0.002575
0 0.765020 0.633210 0.002893 0.003758
0 0.906547 0.615269 0.002646 0.003689
0 0.914153 0.620442 0.003803 0.004411
0 0.925811 0.623209 0.002646 0.003689
0 0.942801 0.634357 0.002563 0.003850
0 0.826590 0.691030 0.002310 0.003641
0 0.827360 0.698593 0.002310 0.003268
0 0.838477 0.704662 0.002021 0.003828
0 0.847621 0.705782 0.002791 0.002708
0 0.843289 0.711571 0.002791 0.003268
0 0.855080 0.717033 0.002695 0.002801
0 0.856860 0.719040 0.003946 0.002147
0 0.873820 0.698135 0.002148 0.003781
0 0.900945 0.696360 0.003102 0.002855
0 0.910370 0.687680 0.002386 0.003549
0 0.898518 0.707317 0.002068 0.003935
0 0.921069 0.700797 0.002307 0.003549
0 0.926080 0.697248 0.002466 0.003241
0 0.930256 0.696862 0.002386 0.002932
0 0.930813 0.701762 0.001909 0.003472
0 0.925285 0.684863 0.002784 0.003472
0 0.944336 0.694779 0.002545 0.003395
0 0.945051 0.698984 0.003182 0.002855
0 0.942546 0.702958 0.002307 0.003395
0 0.936830 0.706816 0.002603 0.002525
0 0.937372 0.712358 0.002386 0.003507
0 0.940300 0.713550 0.001880 0.003367
0 0.949412 0.708605 0.001880 0.003157
0 0.951509 0.718952 0.002314 0.003367
0 0.944712 0.722669 0.002603 0.002946
0 0.978048 0.718706 0.003037 0.002736
0 0.977541 0.713971 0.002748 0.003087
0 0.974974 0.711586 0.003688 0.002245
0 0.970636 0.707307 0.004556 0.002104
0 0.955125 0.712147 0.003760 0.002245
0 0.957692 0.712849 0.002097 0.003507
0 0.958487 0.714567 0.002242 0.003016
0 0.912480 0.746665 0.002242 0.003297
0 0.902392 0.751085 0.001880 0.003718
0 0.886303 0.730637 0.002242 0.004069
0 0.933378 0.739054 0.003109 0.003087
0 0.978609 0.736564 0.002314 0.003578
0 0.976440 0.691634 0.001880 0.003087
0 0.975753 0.694510 0.002531 0.003227
0 0.963785 0.690828 0.002748 0.003297
0 0.958000 0.693002 0.002459 0.003437
0 0.976874 0.699596 0.002603 0.003157
0 0.978067 0.701174 0.002965 0.002806
0 0.945020 0.677675 0.002097 0.002525
0 0.941043 0.679990 0.002242 0.002946
0 0.937319 0.680025 0.001880 0.002876
0 0.936921 0.671186 0.001808 0.002736
0 0.937138 0.668450 0.002386 0.002455
0 0.945165 0.683427 0.001952 0.002806
0 0.944370 0.685812 0.002386 0.002525
0 0.976139 0.648287 0.002690 0.002485
0 0.293095 0.535981 0.002887 0.003650
0 0.288764 0.531185 0.002800 0.004074
0 0.289727 0.524352 0.002450 0.002971
0 0.259970 0.566686 0.002818 0.004101
0 0.311650 0.664713 0.003282 0.004108
0 0.872388 0.757464 0.002406 0.003548
0 0.882301 0.755830 0.002984 0.003081
0 0.869308 0.720210 0.003369 0.002428
0 0.903232 0.674757 0.002712 0.002716
0 0.910276 0.672805 0.002450 0.003225
0 0.909445 0.670641 0.002887 0.003141
0 0.800634 0.585016 0.003182 0.004349
0 0.797272 0.575861 0.002097 0.003016
0 0.789353 0.576703 0.002748 0.002736
0 0.803346 0.588488 0.002676 0.003718
