0 0.725044 0.317980 0.006907 0.009107
0 0.715090 0.297110 0.004876 0.006830
0 0.698229 0.294264 0.005282 0.008727
0 0.678727 0.286296 0.005282 0.006451
0 0.639316 0.288383 0.003657 0.005312
0 0.637082 0.284399 0.004063 0.006451
0 0.620017 0.296731 0.005688 0.008348
0 0.285690 0.255637 0.004579 0.006272
0 0.244481 0.244662 0.003968 0.008838
0 0.225555 0.246515 0.004579 0.006272
0 0.218381 0.246657 0.005495 0.005417
0 0.217618 0.241668 0.003968 0.006272
0 0.205866 0.266756 0.004274 0.004561
0 0.203119 0.270034 0.003053 0.004846
0 0.205256 0.271460 0.003053 0.005987
0 0.189993 0.262479 0.004274 0.005702
0 0.188467 0.254782 0.003053 0.006272
0 0.202814 0.247513 0.004884 0.005987
0 0.190603 0.238960 0.003663 0.004276
0 0.189382 0.232546 0.004274 0.007982
0 0.178393 0.227272 0.003663 0.005987
0 0.178088 0.240956 0.003663 0.006557
0 0.168320 0.241098 0.004274 0.007412
0 0.163588 0.236679 0.003358 0.005987
0 0.154126 0.229980 0.003968 0.005702
0 0.164504 0.217294 0.006410 0.008267
0 0.295641 0.255256 0.001895 0.004248
0 0.295262 0.252601 0.003033 0.004248
0 0.120943 0.241002 0.004365 0.007526
0 0.102811 0.245863 0.004365 0.005958
0 0.101971 0.256681 0.004029 0.006272
0 0.074510 0.272058 0.004701 0.008153
