0 0.045371 0.756930 0.001875 0.003287
0 0.093360 0.737164 0.002496 0.004375
0 0.047482 0.748473 0.003244 0.002048
0 0.124057 0.677199 0.002654 0.005017
0 0.122227 0.689178 0.002654 0.005017
0 0.127535 0.659486 0.002654 0.005017
0 0.554322 0.840886 0.001812 0.003427
0 0.545266 0.844525 0.001812 0.003427
0 0.490547 0.830661 0.002654 0.005017
0 0.502351 0.826668 0.002654 0.005017
0 0.538400 0.817597 0.002412 0.004561
0 0.534740 0.825602 0.002412 0.004561
0 0.550795 0.827371 0.002412 0.004561
0 0.551710 0.830814 0.002412 0.004561
0 0.520515 0.829697 0.002412 0.004561
0 0.522512 0.826719 0.002412 0.004561
0 0.511861 0.838517 0.001994 0.003769
0 0.529873 0.831748 0.001994 0.003769
0 0.496255 0.828440 0.001994 0.003769
0 0.537848 0.828671 0.003644 0.003769
0 0.541011 0.840594 0.003644 0.003769
0 0.473842 0.844594 0.003644 0.003769
0 0.467380 0.834209 0.003644 0.003769
0 0.477623 0.818209 0.003644 0.003769
0 0.471092 0.812132 0.003644 0.003769
0 0.464905 0.812517 0.003644 0.003769
0 0.562185 0.828126 0.004008 0.004146
0 0.579654 0.839972 0.004008 0.004146
0 0.583435 0.845049 0.004008 0.004146
0 0.563300 0.727482 0.003312 0.003427
0 0.567550 0.742307 0.003312 0.003427
0 0.578925 0.740909 0.003312 0.003427
0 0.620363 0.739510 0.003312 0.003427
0 0.618925 0.741538 0.003312 0.003427
0 0.612050 0.739021 0.003312 0.003427
0 0.598113 0.742307 0.003312 0.003427
0 0.600113 0.740559 0.003312 0.003427
0 0.626050 0.725874 0.003312 0.003427
0 0.653988 0.740559 0.003312 0.003427
0 0.647175 0.725594 0.003312 0.003427
0 0.596971 0.713519 0.003312 0.003427
0 0.559419 0.700341 0.003312 0.003427
0 0.547607 0.671879 0.003312 0.003427
0 0.609496 0.671224 0.003312 0.003427
0 0.491116 0.631431 0.003312 0.003427
0 0.496054 0.638354 0.003312 0.003427
0 0.534116 0.628774 0.003312 0.003427
0 0.524804 0.650103 0.003312 0.003427
0 0.547866 0.616327 0.003312 0.003427
0 0.564616 0.615627 0.003312 0.003427
0 0.572991 0.615627 0.003312 0.003427
0 0.569116 0.633669 0.003312 0.003427
0 0.608225 0.615787 0.003312 0.003427
0 0.681507 0.675830 0.004850 0.005017
0 0.706855 0.711357 0.004850 0.005017
0 0.711430 0.715248 0.004850 0.005017
0 0.744098 0.715043 0.004850 0.005017
0 0.728590 0.752196 0.003644 0.003769
0 0.729552 0.765580 0.003644 0.003769
0 0.724946 0.771811 0.003644 0.003769
0 0.695865 0.766426 0.003644 0.003769
0 0.732509 0.784811 0.003644 0.003769
0 0.752034 0.767349 0.003644 0.003769
0 0.776715 0.778196 0.003644 0.003769
0 0.760834 0.797811 0.003644 0.003769
0 0.784759 0.796119 0.003644 0.003769
0 0.796652 0.793119 0.003644 0.003769
0 0.843609 0.790272 0.003644 0.003769
0 0.850621 0.790503 0.003644 0.003769
0 0.883918 0.805430 0.003312 0.003427
0 0.762186 0.753562 0.003312 0.003427
0 0.811499 0.742373 0.003312 0.003427
0 0.792499 0.749646 0.003312 0.003427
0 0.825144 0.739374 0.003312 0.003427
0 0.830269 0.735808 0.003312 0.003427
0 0.525862 0.820454 0.003312 0.003427
0 0.506362 0.805769 0.003312 0.003427
0 0.189587 0.871032 0.003312 0.003427
0 0.170337 0.873620 0.003312 0.003427
0 0.155962 0.879144 0.003312 0.003427
0 0.167150 0.880613 0.003312 0.003427
0 0.187962 0.878305 0.003312 0.003427
0 0.110275 0.874948 0.003312 0.003427
0 0.125837 0.870123 0.003312 0.003427
0 0.113650 0.877606 0.003312 0.003427
0 0.134962 0.869354 0.003312 0.003427
0 0.125994 0.889354 0.002250 0.003427
0 0.107619 0.893794 0.002250 0.003776
0 0.072644 0.870474 0.002250 0.003776
0 0.140058 0.774016 0.003294 0.005529
0 0.142529 0.785688 0.003294 0.005529
0 0.167693 0.810004 0.004941 0.003993
0 0.239076 0.632846 0.003375 0.002727
0 0.240889 0.649839 0.003375 0.002727
0 0.237451 0.650119 0.003375 0.002727
0 0.244363 0.701346 0.003713 0.003000
0 0.251513 0.706807 0.003713 0.003000
0 0.212875 0.701269 0.003713 0.003000
0 0.235219 0.717884 0.003713 0.003000
0 0.274613 0.695423 0.003713 0.003000
0 0.273722 0.732832 0.003375 0.002727
0 0.281909 0.733951 0.003375 0.002727
0 0.295722 0.728217 0.003375 0.002727
0 0.318775 0.706870 0.003375 0.002727
0 0.330713 0.694842 0.003375 0.002727
0 0.344213 0.700437 0.003375 0.002727
0 0.333525 0.716451 0.003375 0.002727
0 0.343577 0.676518 0.003375 0.002727
0 0.352452 0.676238 0.003375 0.002727
0 0.363702 0.696168 0.003375 0.002727
0 0.459424 0.718864 0.004941 0.003993
0 0.487974 0.717021 0.004941 0.003993
0 0.455947 0.685487 0.004941 0.003993
0 0.453019 0.703506 0.004941 0.003993
0 0.930483 0.949677 0.004084 0.003300
0 0.946288 0.926577 0.004084 0.003300
0 0.918610 0.930131 0.004084 0.003300
0 0.905148 0.927593 0.004084 0.003300
0 0.918610 0.948239 0.004084 0.003300
0 0.952490 0.959746 0.003176 0.004823
0 0.910896 0.932585 0.003176 0.004823
0 0.867109 0.915577 0.003176 0.004823
0 0.887528 0.918623 0.003176 0.004823
0 0.890477 0.920485 0.003176 0.004823
0 0.310480 0.806977 0.002625 0.003986
0 0.280480 0.805858 0.002625 0.003986
0 0.293980 0.822397 0.003500 0.002098
0 0.282435 0.793248 0.002819 0.004077
0 0.247611 0.756323 0.002562 0.003706
0 0.106587 0.723693 0.002562 0.003706
0 0.105274 0.740896 0.002562 0.003706
0 0.113712 0.715931 0.002562 0.003706
0 0.943406 0.813553 0.003411 0.004933
0 0.936585 0.818393 0.003411 0.004933
0 0.903476 0.848736 0.003411 0.004933
0 0.498559 0.831904 0.002562 0.003706
0 0.499434 0.828128 0.002562 0.003706
0 0.528309 0.821065 0.002562 0.003706
