0 0.848136 0.081939 0.002872 0.003984
0 0.817089 0.115239 0.003475 0.004821
0 0.734754 0.004319 0.002872 0.003984
0 0.184477 0.134786 0.006266 0.002656
0 0.314770 0.121346 0.004439 0.002656
0 0.317207 0.135760 0.006005 0.003516
0 0.105481 0.306808 0.006005 0.003516
0 0.217475 0.266001 0.006005 0.003516
0 0.238624 0.256313 0.006005 0.003516
0 0.302980 0.850911 0.006005 0.003516
0 0.309813 0.856145 0.002263 0.003516
0 0.293276 0.851457 0.002263 0.003516
0 0.283181 0.854661 0.002263 0.003516
0 0.289099 0.854426 0.002263 0.003516
0 0.286401 0.850989 0.002263 0.003516
0 0.278220 0.853801 0.002263 0.003516
0 0.269081 0.865832 0.002263 0.003516
0 0.284399 0.857356 0.004352 0.002969
