0 0.690718 0.221928 0.002512 0.003306
0 0.692163 0.215076 0.002654 0.002827
0 0.690410 0.212273 0.002559 0.003450
0 0.692400 0.210573 0.002275 0.003210
0 0.696878 0.211938 0.001753 0.003258
0 0.696428 0.216801 0.002369 0.003498
0 0.686903 0.214621 0.002464 0.002587
0 0.710825 0.202721 0.002711 0.002477
0 0.713666 0.199691 0.002242 0.002741
0 0.713901 0.194763 0.002189 0.003004
0 0.722789 0.193867 0.002971 0.002372
0 0.740404 0.189190 0.001786 0.002875
0 0.743000 0.183072 0.001753 0.002675
0 0.741148 0.180748 0.001687 0.002775
0 0.749713 0.184292 0.001951 0.002909
0 0.741826 0.177538 0.002249 0.001973
0 0.734783 0.182821 0.002116 0.003310
0 0.730599 0.180079 0.001753 0.002775
0 0.728781 0.183490 0.002679 0.002374
0 0.749531 0.175766 0.001984 0.002775
0 0.748027 0.175014 0.001819 0.003076
0 0.742670 0.171336 0.002216 0.003410
0 0.739991 0.173443 0.001951 0.002675
0 0.738536 0.169932 0.001819 0.003611
0 0.731195 0.171270 0.002083 0.002808
0 0.724912 0.168110 0.001885 0.003310
0 0.723804 0.174797 0.003175 0.002307
0 0.720761 0.166221 0.002116 0.003143
0 0.719554 0.161975 0.003142 0.001872
0 0.715851 0.163914 0.002414 0.002742
0 0.709336 0.162945 0.002083 0.002474
0 0.710841 0.156626 0.002976 0.001939
0 0.713007 0.150407 0.002149 0.002742
0 0.707501 0.152196 0.002116 0.003243
0 0.699664 0.146512 0.001918 0.003310
0 0.698688 0.148752 0.001885 0.002909
0 0.695927 0.140561 0.002778 0.002641
0 0.707666 0.143386 0.003108 0.002140
0 0.682584 0.137919 0.002282 0.003109
0 0.689974 0.140260 0.002778 0.002173
0 0.690785 0.142082 0.002877 0.002474
0 0.749347 0.167915 0.001918 0.001973
0 0.749843 0.164923 0.001984 0.002942
0 0.753398 0.163368 0.002348 0.002106
0 0.754704 0.164789 0.002249 0.001939
0 0.760403 0.161455 0.003704 0.001772
0 0.755063 0.155069 0.003208 0.002240
0 0.750449 0.152026 0.002712 0.003511
0 0.775755 0.143472 0.002050 0.002273
0 0.773424 0.135548 0.001753 0.003076
0 0.776664 0.133108 0.002480 0.003276
0 0.778566 0.130918 0.002249 0.003243
0 0.769257 0.131419 0.002083 0.002641
0 0.883681 0.266782 0.002481 0.003297
0 0.887211 0.262294 0.001951 0.003544
0 0.890418 0.252849 0.002149 0.003243
0 0.895097 0.250091 0.002116 0.003009
0 0.896569 0.243204 0.002348 0.003611
0 0.907449 0.240880 0.002877 0.003644
0 0.905233 0.235280 0.003142 0.002474
0 0.911916 0.223315 0.002249 0.003042
0 0.913752 0.226759 0.002083 0.003444
0 0.934949 0.215358 0.002480 0.003377
0 0.935627 0.210861 0.002447 0.003143
0 0.929360 0.207217 0.002149 0.003076
0 0.944109 0.214154 0.002480 0.003377
0 0.944853 0.215809 0.003638 0.002407
0 0.950508 0.210360 0.003042 0.002474
0 0.677673 0.140285 0.002711 0.002839
0 0.675930 0.145180 0.002033 0.002839
0 0.673267 0.144323 0.002033 0.003475
0 0.661772 0.144340 0.002083 0.002976
0 0.659474 0.146948 0.002513 0.001906
0 0.643452 0.145544 0.002414 0.002574
0 0.635780 0.141398 0.002216 0.003511
0 0.630902 0.137018 0.003108 0.003109
0 0.628422 0.133073 0.001852 0.002976
0 0.626636 0.136366 0.001918 0.002675
0 0.621428 0.129412 0.002017 0.003143
