0 0.856025 0.358372 0.003457 0.007127
0 0.864826 0.369918 0.004086 0.006842
0 0.874412 0.380181 0.003772 0.004561
0 0.911186 0.375905 0.003772 0.005131
0 0.932402 0.442614 0.005343 0.003991
0 0.927688 0.444610 0.004715 0.004561
0 0.928788 0.441474 0.004400 0.005131
0 0.894057 0.464993 0.004715 0.005417
0 0.815794 0.491364 0.004086 0.005131
0 0.813594 0.487230 0.004086 0.004846
0 0.800865 0.477109 0.003772 0.006272
0 0.793007 0.472406 0.003772 0.005987
0 0.765819 0.450882 0.003457 0.005702
0 0.764248 0.454303 0.004086 0.006272
0 0.750418 0.420378 0.004086 0.006272
0 0.764091 0.359370 0.005658 0.007412
0 0.772263 0.348965 0.005658 0.007697
0 0.781849 0.355807 0.003457 0.007697
0 0.794264 0.350818 0.003772 0.006272
0 0.797721 0.351103 0.004400 0.009693
0 0.813280 0.350105 0.004715 0.007127
0 0.850525 0.355379 0.002514 0.006272
0 0.846282 0.353526 0.002829 0.005987
0 0.843767 0.355094 0.003457 0.006842
0 0.821923 0.345259 0.005029 0.007127
0 0.880856 0.383032 0.003457 0.006842
0 0.885413 0.383317 0.003772 0.003991
0 0.883370 0.386453 0.002829 0.005702
0 0.940731 0.343263 0.005029 0.003706
0 0.943717 0.345686 0.005972 0.003421
0 0.634735 0.358726 0.003097 0.004915
0 0.626026 0.347578 0.003871 0.005442
0 0.619348 0.336870 0.003290 0.005442
0 0.612284 0.342312 0.005419 0.004389
0 0.603961 0.324757 0.005806 0.003687
0 0.603574 0.319402 0.005806 0.004564
0 0.551220 0.383566 0.003290 0.004038
0 0.550349 0.379792 0.004258 0.004564
0 0.410563 0.331234 0.006823 0.005460
0 0.317252 0.314671 0.008027 0.006552
0 0.269693 0.322133 0.006823 0.005460
0 0.103309 0.436217 0.006517 0.007524
0 0.044355 0.782073 0.004457 0.008708
0 0.275690 0.663791 0.006419 0.007613
