0 0.363685 0.713059 0.003202 0.002362
0 0.392289 0.708181 0.002989 0.003081
0 0.411288 0.728721 0.003202 0.003287
0 0.362813 0.730524 0.002245 0.003241
0 0.353431 0.745532 0.001925 0.003164
0 0.353030 0.752284 0.002245 0.003704
0 0.352268 0.772037 0.002326 0.003241
0 0.348098 0.788126 0.002165 0.003472
0 0.398226 0.803926 0.002479 0.003437
0 0.409161 0.812309 0.002041 0.003788
0 0.408869 0.816132 0.002041 0.003297
0 0.431723 0.827215 0.002260 0.002876
0 0.433291 0.827882 0.002624 0.002806
0 0.440763 0.833143 0.002114 0.003227
0 0.461899 0.851079 0.002253 0.003571
0 0.467698 0.854714 0.002585 0.002296
0 0.475121 0.859050 0.002452 0.003061
0 0.470283 0.864407 0.002187 0.003316
0 0.473961 0.866735 0.002386 0.003762
0 0.476314 0.866097 0.002320 0.002870
0 0.433989 0.722858 0.002293 0.003310
0 0.445809 0.716238 0.002293 0.002971
0 0.448367 0.715389 0.002470 0.003310
0 0.467729 0.691793 0.002205 0.003141
0 0.467288 0.685894 0.002734 0.003056
0 0.468699 0.679103 0.002734 0.003225
0 0.480832 0.670111 0.002350 0.003015
0 0.511378 0.668401 0.002591 0.002841
0 0.532736 0.654922 0.002892 0.003478
0 0.628932 0.899900 0.002038 0.003455
0 0.622771 0.901861 0.002329 0.003081
0 0.622140 0.910170 0.002814 0.003641
0 0.658090 0.923802 0.003105 0.003081
0 0.677884 0.936313 0.002523 0.003455
0 0.688655 0.951765 0.002523 0.003548
0 0.707624 0.978235 0.002620 0.003455
0 0.269531 0.921203 0.004727 0.002729
0 0.731802 0.919353 0.003020 0.003148
0 0.692611 0.865295 0.002235 0.003639
