0 0.764774 0.398292 0.003060 0.003928
0 0.771124 0.419968 0.002601 0.003087
0 0.771655 0.424350 0.003161 0.002899
0 0.769537 0.426785 0.003604 0.002087
0 0.765680 0.428901 0.002972 0.002145
0 0.757903 0.427249 0.002972 0.003594
0 0.736632 0.442618 0.001857 0.002336
0 0.737366 0.445449 0.002462 0.002376
0 0.731256 0.449072 0.002332 0.003049
0 0.733415 0.454477 0.003023 0.001980
0 0.717841 0.423202 0.002670 0.003276
0 0.722476 0.484188 0.003325 0.002091
0 0.723711 0.482685 0.001995 0.002221
0 0.721193 0.481575 0.003230 0.002265
0 0.717821 0.478526 0.002280 0.002875
0 0.723497 0.487106 0.003373 0.001829
0 0.722998 0.488304 0.002280 0.002308
0 0.711990 0.466396 0.002361 0.002451
0 0.714733 0.466141 0.002500 0.003088
0 0.717407 0.464550 0.002361 0.002324
0 0.720914 0.465107 0.002500 0.003184
0 0.718848 0.464725 0.002118 0.001974
0 0.717095 0.466555 0.002014 0.001687
0 0.767997 0.421861 0.002253 0.002697
0 0.768722 0.422421 0.002101 0.002416
