0 0.942134 0.445724 0.005265 0.006261
0 0.936667 0.454489 0.007289 0.006261
0 0.922088 0.442802 0.005670 0.007096
0 0.911154 0.445515 0.005670 0.007513
0 0.904270 0.443011 0.004050 0.008348
0 0.900018 0.438837 0.003645 0.008348
0 0.887869 0.436332 0.004455 0.008348
0 0.865951 0.434103 0.005781 0.006585
0 0.853781 0.431594 0.004564 0.007213
0 0.854998 0.455741 0.003347 0.007213
0 0.849521 0.459504 0.003955 0.005331
0 0.839633 0.436925 0.005477 0.009094
0 0.822747 0.437396 0.006389 0.006899
0 0.801449 0.438023 0.005172 0.007526
0 0.797341 0.432535 0.004260 0.005331
0 0.791712 0.432222 0.003955 0.005331
0 0.773305 0.423284 0.004260 0.005645
0 0.783650 0.444608 0.004868 0.005645
0 0.759765 0.439591 0.004564 0.005645
0 0.755962 0.440845 0.004868 0.006899
0 0.754593 0.431594 0.005781 0.007213
0 0.742423 0.404155 0.004564 0.008153
0 0.737098 0.455427 0.004868 0.007213
0 0.723514 0.467842 0.003429 0.005183
0 0.720313 0.468548 0.003886 0.005655
0 0.698940 0.476088 0.005029 0.005655
0 0.694939 0.469137 0.006629 0.005419
0 0.672423 0.421663 0.006401 0.004712
0 0.716575 0.407976 0.004351 0.008279
0 0.683608 0.403664 0.004686 0.007244
0 0.650475 0.404872 0.005355 0.005519
0 0.602447 0.383830 0.005020 0.007589
0 0.595252 0.430915 0.006024 0.006554
0 0.570318 0.382450 0.005690 0.006899
0 0.567808 0.437297 0.003347 0.007589
0 0.549735 0.429708 0.005355 0.006209
0 0.549065 0.422982 0.004686 0.005864
0 0.538355 0.359511 0.006694 0.008624
0 0.521789 0.435400 0.004351 0.005864
0 0.520952 0.441436 0.004686 0.008969
0 0.520952 0.424361 0.004686 0.005864
0 0.496855 0.421602 0.006024 0.006554
0 0.487651 0.414185 0.005020 0.008969
0 0.493340 0.356579 0.005020 0.010349
0 0.473427 0.381932 0.005355 0.007244
0 0.464223 0.368824 0.008367 0.008624
0 0.449664 0.347782 0.004686 0.007934
0 0.463721 0.336399 0.006694 0.006554
0 0.446317 0.330017 0.005355 0.006209
0 0.443640 0.337779 0.004686 0.007934
0 0.431424 0.345023 0.007698 0.010004
0 0.405151 0.348817 0.004016 0.007934
0 0.390927 0.336054 0.005020 0.009314
0 0.407661 0.318634 0.005690 0.008969
0 0.412682 0.309148 0.006359 0.009314
0 0.421551 0.320531 0.004686 0.007934
0 0.417367 0.318462 0.003682 0.004484
0 0.417869 0.322601 0.005355 0.005174
0 0.390425 0.310873 0.004686 0.005174
0 0.387748 0.306388 0.005355 0.005864
0 0.359132 0.290348 0.005020 0.005519
0 0.352773 0.295177 0.003012 0.005519
0 0.349092 0.292935 0.007028 0.003794
0 0.348255 0.295005 0.004686 0.005174
0 0.354279 0.321566 0.006024 0.006554
0 0.339553 0.311218 0.008702 0.010004
0 0.316804 0.288088 0.006286 0.005702
0 0.092379 0.196409 0.004860 0.005843
0 0.091164 0.193070 0.006479 0.005843
