0 0.282732 0.039871 0.003075 0.004151
0 0.293529 0.032620 0.002646 0.003965
0 0.291544 0.032008 0.002910 0.003699
0 0.264890 0.048886 0.003406 0.003300
0 0.249579 0.047436 0.003472 0.002262
0 0.245292 0.027889 0.004497 0.002501
0 0.250715 0.024988 0.002844 0.004151
0 0.315085 0.050879 0.002646 0.004337
0 0.326593 0.047713 0.003571 0.002422
0 0.328310 0.024583 0.003345 0.003931
0 0.310441 0.024164 0.005093 0.001889
0 0.309581 0.023020 0.004828 0.001623
0 0.298687 0.064114 0.004398 0.002927
0 0.282451 0.069529 0.004729 0.001410
0 0.277738 0.069689 0.004431 0.002368
0 0.267900 0.060801 0.003869 0.002262
0 0.281277 0.061612 0.002447 0.002555
0 0.268137 0.037401 0.004960 0.001490
0 0.270634 0.037986 0.003803 0.001597
0 0.414623 0.037417 0.002943 0.003912
0 0.422328 0.041356 0.003472 0.003646
0 0.433158 0.040677 0.002579 0.003459
0 0.438837 0.077075 0.004164 0.003389
0 0.433003 0.068660 0.004696 0.002299
0 0.403881 0.058492 0.004164 0.002532
0 0.404462 0.062699 0.005035 0.002454
0 0.429406 0.044253 0.002216 0.004231
0 0.438599 0.042669 0.005919 0.002395
0 0.353228 0.140299 0.003439 0.003938
0 0.351260 0.144370 0.002612 0.004364
0 0.351574 0.148069 0.005622 0.001863
0 0.354798 0.150171 0.004332 0.002661
0 0.347904 0.153617 0.003638 0.004071
0 0.353393 0.155905 0.004696 0.001996
0 0.370250 0.167057 0.003770 0.002475
0 0.340157 0.158675 0.004497 0.002102
0 0.318269 0.150593 0.005093 0.001889
0 0.317922 0.157791 0.002811 0.003034
0 0.303598 0.166279 0.002844 0.002634
0 0.311699 0.168861 0.004431 0.001570
0 0.325313 0.166511 0.003737 0.002235
0 0.330554 0.167669 0.003638 0.002634
0 0.330769 0.166511 0.003671 0.001809
0 0.333497 0.167642 0.002381 0.004071
0 0.331281 0.170303 0.002712 0.002368
0 0.338567 0.178714 0.003241 0.002555
0 0.359476 0.197621 0.002414 0.003326
0 0.362707 0.211407 0.002566 0.004169
0 0.346793 0.224102 0.003604 0.003220
0 0.383757 0.232897 0.003241 0.002954
0 0.370546 0.234960 0.004597 0.001490
0 0.371653 0.240095 0.003373 0.003832
0 0.382004 0.245204 0.002513 0.003140
0 0.381276 0.252655 0.004034 0.002501
0 0.377391 0.258616 0.002546 0.003459
0 0.379921 0.263618 0.002910 0.002714
0 0.380880 0.264896 0.003439 0.001490
0 0.379703 0.266117 0.004299 0.001597
0 0.400175 0.271407 0.003340 0.002741
0 0.409748 0.274400 0.002844 0.003246
0 0.391858 0.278232 0.002778 0.003353
0 0.418296 0.262018 0.004530 0.001809
0 0.431854 0.260421 0.004001 0.001916
0 0.444817 0.269296 0.003274 0.002528
0 0.435607 0.269389 0.003307 0.002555
0 0.449777 0.274312 0.003340 0.002714
0 0.448057 0.277891 0.003075 0.003326
0 0.452637 0.279833 0.003638 0.002475
0 0.435971 0.273686 0.004167 0.001676
0 0.451034 0.283878 0.004134 0.002422
0 0.442485 0.287736 0.002447 0.002900
0 0.451993 0.294003 0.002282 0.003619
0 0.444734 0.285914 0.002381 0.001969
0 0.443329 0.286020 0.002149 0.002608
0 0.444866 0.287750 0.002116 0.002980
0 0.427165 0.293625 0.002655 0.004244
0 0.447153 0.304031 0.002474 0.004039
0 0.432712 0.303299 0.003710 0.002576
0 0.439169 0.310017 0.004983 0.001610
0 0.433949 0.311348 0.002692 0.002810
0 0.427146 0.312988 0.003056 0.003220
0 0.401156 0.300237 0.002315 0.003566
0 0.398031 0.306996 0.003671 0.002874
0 0.495958 0.291834 0.001852 0.002821
0 0.479434 0.295903 0.003009 0.001703
0 0.329970 0.270015 0.003538 0.003034
0 0.337047 0.277572 0.003274 0.003779
0 0.344421 0.288548 0.003406 0.003113
0 0.324270 0.240294 0.005568 0.002649
0 0.325020 0.228236 0.005713 0.001831
0 0.451370 0.104618 0.003456 0.003191
0 0.449824 0.096788 0.003929 0.002049
0 0.447860 0.099920 0.003710 0.003220
0 0.437282 0.123429 0.004067 0.002065
0 0.400094 0.198760 0.004281 0.002125
0 0.404295 0.216372 0.004361 0.001996
0 0.358404 0.315478 0.003406 0.003885
0 0.364571 0.326694 0.004828 0.002581
0 0.400563 0.333332 0.002910 0.003300
0 0.371992 0.345998 0.004696 0.001703
0 0.429428 0.323015 0.003604 0.003326
0 0.450873 0.325223 0.002910 0.003592
0 0.434570 0.332302 0.002513 0.003486
0 0.447699 0.333060 0.002778 0.003566
0 0.434980 0.344124 0.002943 0.003034
0 0.449663 0.342607 0.003737 0.001703
0 0.450374 0.341689 0.004365 0.001676
0 0.457781 0.356790 0.004299 0.002076
0 0.424421 0.354319 0.003631 0.002883
0 0.417304 0.356150 0.004115 0.002338
0 0.375246 0.359612 0.004630 0.002395
0 0.377016 0.375610 0.002823 0.004028
0 0.408199 0.384310 0.002556 0.003771
0 0.419409 0.384203 0.003994 0.002186
0 0.375179 0.388874 0.002343 0.004157
0 0.432660 0.381723 0.003737 0.002182
0 0.435900 0.376721 0.003472 0.001756
0 0.383408 0.401481 0.003128 0.002810
0 0.392666 0.409120 0.003892 0.003161
0 0.379477 0.395501 0.004133 0.001820
0 0.385043 0.426171 0.003737 0.002954
0 0.590589 0.361481 0.004563 0.001730
0 0.530446 0.314318 0.003009 0.003406
0 0.596598 0.462983 0.002348 0.003087
0 0.576311 0.466775 0.003770 0.002368
0 0.560668 0.452538 0.001964 0.003864
0 0.580534 0.480304 0.003310 0.003073
0 0.581334 0.488222 0.004838 0.001756
0 0.534934 0.460641 0.003201 0.002371
0 0.579936 0.499731 0.002414 0.003379
0 0.575968 0.499917 0.002348 0.002954
0 0.567948 0.505146 0.001918 0.004151
0 0.562194 0.513728 0.005026 0.001889
0 0.480637 0.436284 0.003307 0.004816
0 0.399205 0.461489 0.003641 0.003510
0 0.393643 0.447209 0.004201 0.001932
0 0.410247 0.497819 0.005522 0.001996
0 0.483398 0.490831 0.004511 0.001756
0 0.477596 0.492367 0.003819 0.002195
0 0.477851 0.494050 0.003601 0.002751
0 0.477924 0.496685 0.003310 0.003220
0 0.471012 0.490435 0.003019 0.002839
0 0.470139 0.491592 0.002655 0.003044
0 0.466247 0.486967 0.003819 0.002225
0 0.465465 0.488460 0.005238 0.001639
0 0.495675 0.494328 0.004329 0.002195
0 0.503277 0.498602 0.003019 0.004010
0 0.510880 0.498778 0.004838 0.001786
0 0.515663 0.499744 0.004802 0.001727
0 0.522284 0.500402 0.002401 0.004039
0 0.526358 0.506300 0.003419 0.004303
0 0.526867 0.514306 0.003056 0.002751
0 0.530832 0.519443 0.004365 0.002371
0 0.535397 0.527346 0.002292 0.003542
0 0.534924 0.532220 0.002073 0.003688
0 0.543909 0.537005 0.002801 0.003776
0 0.547201 0.535703 0.001964 0.003571
0 0.549729 0.539113 0.002801 0.003132
0 0.567919 0.527709 0.002982 0.003600
0 0.568558 0.535852 0.002556 0.003943
0 0.581287 0.558180 0.002024 0.003257
0 0.575509 0.559958 0.002929 0.003557
0 0.573591 0.569965 0.004101 0.002657
0 0.574337 0.578258 0.003888 0.002271
0 0.567227 0.585264 0.002982 0.003257
0 0.562460 0.585714 0.002929 0.002271
0 0.469113 0.634451 0.003785 0.005242
0 0.387470 0.552670 0.003037 0.004073
