0 0.917995 0.027395 0.001660 0.006220
0 0.915504 0.029597 0.002767 0.004924
0 0.909278 0.032060 0.006365 0.006220
0 0.887139 0.038409 0.003044 0.005442
0 0.874824 0.062512 0.003874 0.005961
0 0.829578 0.057717 0.005258 0.004665
0 0.822936 0.070934 0.004705 0.004665
0 0.903695 0.160272 0.006262 0.006209
0 0.864651 0.165619 0.005525 0.008624
0 0.659089 0.133202 0.004428 0.004665
0 0.640133 0.133850 0.005258 0.003369
0 0.605402 0.132036 0.003321 0.004406
0 0.606232 0.144087 0.004981 0.004147
0 0.612459 0.152251 0.003598 0.005442
0 0.575992 0.140360 0.003093 0.004184
0 0.541110 0.144222 0.003437 0.003862
0 0.534752 0.143579 0.004124 0.002897
0 0.507787 0.157582 0.002835 0.003894
0 0.480948 0.188825 0.003591 0.003717
0 0.480191 0.184576 0.003969 0.001593
0 0.480380 0.180771 0.002079 0.004248
0 0.479152 0.181567 0.002646 0.003009
0 0.429441 0.178292 0.003024 0.004602
0 0.427173 0.177053 0.002268 0.003894
0 0.425999 0.169912 0.004574 0.003213
0 0.771925 0.317031 0.003119 0.004089
0 0.774108 0.319368 0.002079 0.004089
0 0.777019 0.323359 0.005406 0.002337
0 0.764128 0.308658 0.004574 0.002921
0 0.763089 0.311287 0.002911 0.004284
0 0.758826 0.311092 0.002703 0.003505
0 0.751134 0.311968 0.003119 0.003700
0 0.736060 0.316349 0.004574 0.003505
0 0.707575 0.334945 0.003327 0.004089
0 0.352077 0.213622 0.003093 0.004023
0 0.284290 0.214588 0.003608 0.005632
0 0.269856 0.187472 0.003952 0.002897
0 0.264443 0.178059 0.002749 0.004989
0 0.260577 0.178219 0.002577 0.004345
0 0.213683 0.271120 0.002911 0.004673
0 0.228965 0.301496 0.005198 0.003505
0 0.048599 0.191102 0.003598 0.004406
0 0.040989 0.181383 0.003874 0.004665
0 0.041265 0.174774 0.004428 0.003369
0 0.043951 0.170328 0.003742 0.003700
0 0.039377 0.165363 0.002911 0.003505
0 0.519147 0.239113 0.003327 0.002921
