0 0.493853 0.143282 0.003216 0.002772
0 0.483294 0.134894 0.003600 0.002556
0 0.479119 0.133671 0.001776 0.002988
0 0.465440 0.133851 0.001776 0.002628
0 0.461456 0.134498 0.002448 0.003708
0 0.459656 0.138206 0.004128 0.002412
0 0.602853 0.111348 0.004993 0.002133
0 0.454257 0.169781 0.002583 0.002810
0 0.445817 0.172400 0.004183 0.001555
0 0.444344 0.174173 0.004583 0.001500
0 0.457912 0.181200 0.002519 0.003647
0 0.462035 0.188535 0.004200 0.001910
0 0.457356 0.188213 0.003968 0.001463
0 0.457323 0.189292 0.004630 0.001389
0 0.461175 0.194376 0.002216 0.003423
0 0.489218 0.213447 0.003042 0.002827
0 0.489069 0.222326 0.002679 0.003323
0 0.501651 0.234057 0.003373 0.002133
0 0.505802 0.233549 0.003737 0.001811
0 0.436272 0.223522 0.002481 0.003691
0 0.449817 0.227588 0.002521 0.003841
0 0.454343 0.238221 0.001786 0.003621
0 0.462263 0.243554 0.002414 0.002877
0 0.454111 0.243789 0.001984 0.002108
0 0.464246 0.248138 0.005155 0.001933
0 0.463795 0.253189 0.005284 0.001692
0 0.462506 0.261501 0.003222 0.002562
0 0.470980 0.267277 0.004446 0.001643
0 0.443270 0.264522 0.002771 0.001933
0 0.428642 0.270636 0.002127 0.002852
0 0.428546 0.281849 0.002964 0.003142
0 0.449618 0.289654 0.002062 0.003963
0 0.466115 0.287576 0.003093 0.002610
0 0.449135 0.294729 0.002513 0.003383
0 0.470078 0.304468 0.002513 0.003142
0 0.443722 0.308455 0.004704 0.001547
0 0.419266 0.304541 0.002191 0.003383
0 0.419846 0.310099 0.002191 0.003963
0 0.429351 0.321311 0.003415 0.002223
0 0.435634 0.320973 0.005026 0.001450
0 0.442433 0.320707 0.002642 0.003045
0 0.447878 0.322206 0.003222 0.003142
0 0.430479 0.324187 0.002191 0.002658
0 0.437374 0.327909 0.001933 0.003625
0 0.451068 0.330422 0.001998 0.003238
0 0.426696 0.342980 0.003142 0.002480
0 0.434561 0.359550 0.003175 0.002207
0 0.446151 0.364398 0.004266 0.001438
0 0.431634 0.364572 0.003075 0.002579
0 0.434926 0.374743 0.003538 0.002108
0 0.418243 0.373069 0.001918 0.003125
0 0.411662 0.387640 0.002183 0.003348
0 0.430230 0.391819 0.004795 0.001637
0 0.434661 0.397015 0.002943 0.002852
0 0.424598 0.402836 0.004597 0.001463
0 0.396969 0.403158 0.004431 0.001811
0 0.395432 0.399785 0.003208 0.002902
0 0.410773 0.432748 0.002583 0.003356
0 0.418940 0.446198 0.002474 0.003028
0 0.426215 0.444561 0.002983 0.002755
0 0.446203 0.446007 0.003747 0.001500
0 0.465596 0.557513 0.004401 0.001910
0 0.535163 0.603164 0.003302 0.003326
0 0.520703 0.629467 0.001761 0.003037
0 0.520857 0.634997 0.002773 0.003664
0 0.523344 0.644042 0.004754 0.001485
0 0.341352 0.817921 0.004101 0.002812
0 0.348880 0.814538 0.004511 0.001758
0 0.351949 0.767778 0.003281 0.003076
0 0.373625 0.765164 0.002578 0.002856
0 0.329525 0.846462 0.003389 0.002614
0 0.326451 0.853688 0.003050 0.003341
0 0.325866 0.873217 0.004962 0.001741
0 0.315584 0.890680 0.003433 0.003136
0 0.323022 0.895153 0.002553 0.003565
0 0.314197 0.895434 0.002597 0.003268
0 0.307874 0.919304 0.004034 0.002083
0 0.308539 0.958861 0.003307 0.003075
0 0.282729 0.970919 0.003961 0.002014
0 0.276413 0.969268 0.003301 0.002806
0 0.279208 0.971992 0.002201 0.002905
0 0.292105 0.980839 0.004225 0.001783
