0 0.402996 0.767839 0.004975 0.005843
0 0.400125 0.767631 0.004592 0.007930
0 0.394959 0.768257 0.004210 0.007513
0 0.392663 0.771387 0.004975 0.008765
0 0.388835 0.771179 0.005741 0.009183
0 0.392280 0.762622 0.005741 0.005426
0 0.395916 0.755944 0.006123 0.009600
0 0.377546 0.739874 0.004592 0.006678
0 0.372953 0.748013 0.005358 0.011270
0 0.365873 0.731735 0.005741 0.009600
0 0.358602 0.721927 0.005741 0.006678
0 0.353435 0.720883 0.006889 0.007930
0 0.354966 0.708361 0.008420 0.005426
0 0.361089 0.701892 0.006889 0.009183
0 0.361663 0.692083 0.006506 0.007096
0 0.364151 0.688535 0.006123 0.004174
0 0.364342 0.678727 0.004210 0.004591
0 0.369891 0.683944 0.004592 0.005009
0 0.375823 0.684362 0.004975 0.006678
0 0.378502 0.675805 0.004975 0.006261
0 0.388453 0.677475 0.004210 0.009600
0 0.393259 0.656207 0.003827 0.007209
0 0.390998 0.628507 0.007654 0.006451
0 0.382126 0.613709 0.005219 0.006451
0 0.381952 0.635337 0.004871 0.004174
0 0.391327 0.642224 0.004040 0.002851
0 0.391445 0.639761 0.004753 0.002592
0 0.373623 0.639632 0.005228 0.003369
0 0.368989 0.636263 0.008317 0.001814
0 0.366969 0.634837 0.005703 0.003110
0 0.362811 0.632894 0.004040 0.003369
0 0.363048 0.626674 0.006416 0.003369
0 0.359246 0.627840 0.003564 0.004665
0 0.355325 0.625119 0.003327 0.005442
0 0.349860 0.620583 0.005228 0.005702
0 0.350098 0.664382 0.005228 0.003628
0 0.348553 0.667233 0.004040 0.005702
0 0.343563 0.661661 0.004515 0.004406
0 0.326691 0.660884 0.005941 0.005961
0 0.323483 0.653886 0.004277 0.006479
0 0.318849 0.651942 0.004040 0.006220
0 0.314691 0.654534 0.005228 0.007775
0 0.265739 0.649480 0.006178 0.005442
0 0.263600 0.663994 0.006654 0.004924
0 0.266808 0.678766 0.005941 0.009071
0 0.260748 0.697556 0.005703 0.009330
0 0.363362 0.469429 0.004999 0.005063
0 0.356489 0.466606 0.003749 0.003700
0 0.348455 0.457357 0.005178 0.002726
0 0.351758 0.447523 0.003571 0.005647
0 0.351311 0.435451 0.002678 0.005647
0 0.355061 0.432238 0.003749 0.002726
0 0.347651 0.428636 0.005356 0.003310
0 0.339082 0.431946 0.004642 0.004478
0 0.338725 0.417537 0.003214 0.004478
0 0.329084 0.414909 0.003928 0.004673
0 0.337832 0.401765 0.003214 0.004868
0 0.341670 0.397190 0.003392 0.006231
0 0.348365 0.387064 0.004285 0.004673
0 0.348723 0.382002 0.004285 0.004673
0 0.353275 0.377134 0.005535 0.005063
0 0.355328 0.361459 0.005356 0.004868
0 0.362380 0.351139 0.004463 0.004868
0 0.373896 0.347245 0.003214 0.007594
0 0.394416 0.327971 0.003836 0.003218
0 0.391539 0.320890 0.004279 0.002253
0 0.391760 0.331913 0.004131 0.003058
0 0.390727 0.335695 0.003541 0.003218
0 0.379735 0.341247 0.004869 0.002414
0 0.377964 0.339959 0.003689 0.001770
0 0.378333 0.338028 0.003836 0.003701
0 0.374349 0.337224 0.003246 0.002736
0 0.375529 0.335614 0.002951 0.002414
0 0.376120 0.333281 0.004427 0.002575
0 0.369185 0.336821 0.003836 0.004828
0 0.365127 0.334327 0.006345 0.003379
0 0.373906 0.322580 0.002951 0.005632
0 0.359078 0.316545 0.005459 0.005793
0 0.354282 0.311557 0.003541 0.004828
0 0.387997 0.308338 0.005164 0.004184
0 0.391539 0.303671 0.003689 0.002897
0 0.392424 0.297798 0.003394 0.004989
0 0.398695 0.299970 0.004427 0.004184
0 0.400687 0.296913 0.005164 0.001931
0 0.399875 0.294579 0.005017 0.003058
0 0.401867 0.292648 0.003984 0.003379
0 0.389949 0.288022 0.004515 0.004147
0 0.388167 0.283875 0.005703 0.004665
0 0.395177 0.280376 0.004040 0.006997
0 0.399811 0.277785 0.003802 0.003369
0 0.401237 0.280895 0.004753 0.001814
0 0.360111 0.279909 0.004695 0.003804
0 0.360446 0.260817 0.003488 0.002487
0 0.361921 0.259354 0.002951 0.003657
0 0.354074 0.260671 0.005231 0.002194
0 0.352398 0.259281 0.004829 0.001756
0 0.348776 0.260744 0.003488 0.002633
0 0.295206 0.276345 0.006038 0.003450
0 0.295637 0.281206 0.005751 0.002509
0 0.292906 0.285753 0.004888 0.004704
0 0.287730 0.286694 0.004313 0.004077
0 0.289886 0.289986 0.005751 0.001882
0 0.286867 0.298140 0.005463 0.003763
0 0.284567 0.303784 0.006038 0.006272
0 0.312020 0.220781 0.003024 0.004241
0 0.320445 0.217365 0.003889 0.005419
0 0.309320 0.218071 0.004537 0.004005
0 0.302947 0.218425 0.004321 0.005183
0 0.304891 0.209118 0.003889 0.007304
0 0.318069 0.195336 0.006049 0.005655
0 0.345288 0.164118 0.005617 0.005890
0 0.271905 0.094156 0.004969 0.008246
0 0.271149 0.087441 0.004753 0.004712
0 0.277846 0.125963 0.005185 0.004948
0 0.272337 0.129025 0.004969 0.004948
0 0.269205 0.145518 0.003889 0.004948
0 0.231508 0.174262 0.003240 0.003534
0 0.234208 0.175793 0.003456 0.003298
0 0.228808 0.169196 0.005185 0.004241
0 0.217790 0.171081 0.004321 0.003770
0 0.217682 0.176147 0.005833 0.004948
0 0.208393 0.166133 0.006697 0.003770
0 0.210877 0.162481 0.005185 0.004005
0 0.214442 0.146931 0.004969 0.004005
0 0.204504 0.132795 0.004969 0.005890
0 0.207313 0.122900 0.006697 0.004948
0 0.188734 0.120426 0.004537 0.004712
0 0.175233 0.132677 0.006913 0.006126
0 0.171344 0.160361 0.005617 0.006361
0 0.176205 0.068239 0.005401 0.009660
0 0.171992 0.055163 0.005617 0.009895
0 0.113968 0.017899 0.004888 0.005331
0 0.253385 0.263887 0.005178 0.005063
0 0.248118 0.256293 0.006070 0.004673
0 0.241512 0.261940 0.004642 0.004673
0 0.230443 0.274596 0.004642 0.005841
0 0.206341 0.255903 0.005356 0.005841
0 0.230800 0.312371 0.005356 0.005452
0 0.220534 0.298157 0.005178 0.005841
0 0.213661 0.317433 0.004642 0.006620
0 0.196253 0.326877 0.005535 0.004478
0 0.229613 0.350128 0.005535 0.004478
0 0.232023 0.362590 0.004642 0.004089
0 0.216491 0.390921 0.004999 0.007010
0 0.209349 0.409419 0.004999 0.007010
0 0.238272 0.406985 0.004642 0.004868
0 0.294957 0.376025 0.005178 0.004868
0 0.285941 0.386053 0.004642 0.003115
0 0.287191 0.388876 0.004642 0.003310
0 0.282549 0.388097 0.003571 0.004089
0 0.246842 0.430253 0.003928 0.004284
0 0.235505 0.424996 0.006249 0.005063
0 0.239343 0.442131 0.005713 0.002726
0 0.239700 0.444176 0.003928 0.004089
0 0.206225 0.431227 0.006249 0.004284
0 0.243717 0.450309 0.004463 0.003115
0 0.258179 0.462187 0.006963 0.003505
0 0.202922 0.453327 0.003571 0.006426
0 0.209260 0.476109 0.004820 0.006036
0 0.179355 0.489642 0.004642 0.005452
0 0.202654 0.507166 0.006249 0.003894
0 0.273393 0.501996 0.003731 0.007711
0 0.265832 0.511099 0.006284 0.008782
0 0.260038 0.535087 0.005695 0.006640
0 0.302949 0.537658 0.006677 0.004498
0 0.307663 0.525663 0.004321 0.006211
0 0.274178 0.493428 0.004517 0.004284
0 0.275160 0.491072 0.004517 0.002999
0 0.197191 0.585724 0.005941 0.004147
0 0.193270 0.595832 0.006178 0.004665
0 0.193389 0.610604 0.004040 0.005183
0 0.195646 0.615787 0.004753 0.005702
0 0.214419 0.657384 0.005703 0.008034
0 0.200755 0.662826 0.006891 0.004406
0 0.195527 0.666325 0.005941 0.004665
0 0.188874 0.664122 0.006891 0.005961
0 0.180913 0.669305 0.007129 0.004406
0 0.211568 0.682912 0.004277 0.004665
0 0.204557 0.678506 0.005466 0.003110
0 0.200636 0.681745 0.003802 0.005961
0 0.194339 0.673711 0.004515 0.003887
0 0.199805 0.672415 0.004040 0.003369
0 0.195646 0.687576 0.003802 0.004665
0 0.195884 0.709087 0.004753 0.006220
0 0.191250 0.723212 0.005466 0.004924
0 0.201587 0.731894 0.003327 0.007257
0 0.205270 0.738503 0.004040 0.004406
0 0.211805 0.736948 0.005228 0.004406
0 0.232717 0.735522 0.006178 0.004665
0 0.227132 0.752368 0.004515 0.005702
0 0.232241 0.754441 0.004277 0.005183
0 0.180913 0.732542 0.004277 0.005442
0 0.185309 0.731505 0.004515 0.003887
0 0.181151 0.746278 0.003327 0.003887
0 0.177586 0.748481 0.003802 0.003628
0 0.174854 0.751202 0.005466 0.004406
0 0.273114 0.749724 0.004537 0.005419
0 0.255400 0.739122 0.005833 0.005419
0 0.257344 0.721333 0.004969 0.004712
0 0.282512 0.749370 0.004753 0.004712
0 0.255400 0.766216 0.006265 0.005890
0 0.257020 0.760444 0.005185 0.004241
0 0.253888 0.756792 0.002376 0.003534
0 0.250431 0.757852 0.004969 0.005183
0 0.227856 0.799437 0.005617 0.005419
0 0.224292 0.801086 0.004969 0.004948
0 0.261233 0.798141 0.005401 0.004241
0 0.258640 0.806858 0.004105 0.002827
0 0.253456 0.810981 0.004969 0.005419
0 0.311729 0.979467 0.005061 0.006899
0 0.306511 0.987056 0.006642 0.006209
0 0.279626 0.949111 0.006009 0.005519
0 0.281366 0.943247 0.006326 0.007589
0 0.282473 0.937211 0.008540 0.009314
0 0.279310 0.920653 0.007275 0.008624
0 0.309832 0.898404 0.008856 0.005519
0 0.358224 0.896507 0.010754 0.015523
0 0.378308 0.884261 0.011070 0.008969
0 0.396020 0.870980 0.007907 0.007934
0 0.389378 0.868393 0.007275 0.007589
0 0.208778 0.979122 0.006642 0.007589
0 0.202136 0.981364 0.006009 0.007244
0 0.193438 0.982744 0.005693 0.007244
0 0.181894 0.978777 0.006009 0.012418
0 0.170982 0.974810 0.006326 0.007244
0 0.191540 0.938246 0.008223 0.010693
0 0.167661 0.871843 0.007907 0.008279
0 0.165605 0.864254 0.006326 0.007589
