0 0.018463 0.626566 0.004765 0.004753
0 0.067367 0.673306 0.004042 0.004726
0 0.425045 0.472760 0.002657 0.004334
0 0.413522 0.487826 0.002061 0.004282
0 0.426346 0.484589 0.002766 0.003969
0 0.423732 0.491772 0.002982 0.003159
0 0.439816 0.471714 0.001927 0.003971
0 0.441407 0.471563 0.001793 0.003927
0 0.453273 0.494724 0.002613 0.003988
0 0.464044 0.500326 0.000986 0.002136
0 0.464636 0.498997 0.000986 0.002421
0 0.463157 0.498712 0.000986 0.002421
0 0.493043 0.513686 0.001085 0.002663
0 0.426182 0.530084 0.001085 0.002663
0 0.424583 0.545097 0.003525 0.002663
0 0.443697 0.551860 0.003254 0.002298
0 0.452292 0.534209 0.003416 0.002820
0 0.450719 0.543609 0.003416 0.002402
0 0.451885 0.547604 0.002386 0.003394
0 0.456820 0.547291 0.002494 0.003394
0 0.457308 0.541259 0.002711 0.003551
0 0.460317 0.545150 0.001898 0.003917
0 0.466147 0.528595 0.001952 0.003812
0 0.469156 0.533687 0.001789 0.004387
0 0.475067 0.536481 0.002006 0.004125
0 0.463490 0.535619 0.002711 0.001097
0 0.463815 0.533556 0.001085 0.002611
0 0.463219 0.532199 0.001085 0.002611
0 0.479405 0.529065 0.002115 0.002977
0 0.482930 0.525358 0.003850 0.001932
0 0.483824 0.526611 0.003254 0.001044
0 0.474281 0.529535 0.001085 0.003133
0 0.476938 0.527812 0.001085 0.003133
0 0.475772 0.530266 0.003091 0.003081
0 0.506057 0.525227 0.002386 0.003447
0 0.501909 0.532669 0.001030 0.003133
0 0.493422 0.542669 0.002711 0.001097
0 0.488190 0.546847 0.003091 0.001097
0 0.495564 0.552017 0.003091 0.001097
0 0.481791 0.551703 0.003091 0.001097
0 0.477995 0.552957 0.003091 0.001097
0 0.474362 0.552278 0.003091 0.001097
0 0.470295 0.555672 0.003091 0.001097
0 0.465957 0.558362 0.002549 0.002663
0 0.468885 0.557134 0.002982 0.002193
0 0.476287 0.559484 0.001735 0.003760
0 0.462188 0.566195 0.003362 0.001723
0 0.496568 0.546847 0.002820 0.003342
0 0.499252 0.545959 0.003308 0.002298
0 0.515980 0.545881 0.002928 0.002663
0 0.497815 0.557448 0.002603 0.002924
0 0.459396 0.560033 0.002766 0.002977
0 0.459992 0.558544 0.002874 0.002820
0 0.453349 0.564628 0.003796 0.001828
0 0.451696 0.565699 0.003416 0.001984
0 0.446924 0.564785 0.003308 0.001932
0 0.445893 0.565908 0.002874 0.001880
0 0.448361 0.567866 0.001735 0.003603
0 0.424393 0.570529 0.002277 0.003812
0 0.437543 0.567788 0.003742 0.001776
0 0.437570 0.566378 0.003470 0.003029
0 0.430195 0.568989 0.002386 0.002924
0 0.429707 0.571417 0.002494 0.002872
0 0.428324 0.570529 0.001789 0.003603
0 0.435943 0.570973 0.003470 0.002402
0 0.441474 0.573297 0.002169 0.003812
0 0.439196 0.572984 0.001735 0.003394
0 0.438790 0.570973 0.001139 0.002663
0 0.416340 0.579146 0.003416 0.003081
0 0.426616 0.575569 0.003362 0.002507
0 0.424718 0.576326 0.003470 0.001723
0 0.420949 0.575804 0.002766 0.001044
0 0.421112 0.574550 0.002766 0.001044
0 0.434940 0.579720 0.002766 0.001044
0 0.441718 0.579720 0.003525 0.003081
0 0.533143 0.542434 0.002766 0.002872
0 0.558412 0.547735 0.003416 0.003133
0 0.574683 0.547431 0.003137 0.002668
0 0.604647 0.545430 0.002444 0.003453
0 0.918397 0.534863 0.001873 0.003608
0 0.924386 0.540109 0.002416 0.003561
0 0.922464 0.549010 0.002021 0.004463
0 0.932545 0.541984 0.002268 0.003133
0 0.933703 0.545568 0.002711 0.003086
0 0.935527 0.555561 0.001725 0.003418
0 0.943267 0.553473 0.002218 0.003703
0 0.949108 0.550624 0.003845 0.002469
0 0.941517 0.549841 0.003451 0.002136
0 0.942922 0.548084 0.001725 0.004130
0 0.938855 0.563228 0.001873 0.003656
0 0.944326 0.564344 0.001873 0.003703
0 0.947186 0.564154 0.000986 0.002421
0 0.948467 0.564012 0.000986 0.002421
0 0.952805 0.568617 0.000986 0.002421
0 0.963897 0.581150 0.000986 0.002421
0 0.972130 0.582479 0.000986 0.002421
0 0.970256 0.580770 0.000986 0.002421
0 0.968876 0.586894 0.000986 0.002421
0 0.970749 0.577305 0.000986 0.002421
0 0.966534 0.573507 0.003007 0.002943
0 0.967274 0.576854 0.003500 0.001946
0 0.969517 0.576877 0.000986 0.002421
