0 0.951402 0.742492 0.009915 0.008739
0 0.949277 0.759297 0.008499 0.006050
0 0.945024 0.790733 0.004295 0.005331
0 0.946015 0.806255 0.004295 0.006272
0 0.957084 0.811743 0.003965 0.005958
0 0.952788 0.825855 0.004625 0.005958
0 0.939077 0.825385 0.003634 0.006272
0 0.898935 0.819897 0.004625 0.005958
0 0.871512 0.805471 0.003304 0.005331
0 0.865235 0.805785 0.003965 0.004704
0 0.847559 0.803433 0.003634 0.004390
0 0.911490 0.837771 0.002643 0.005331
0 0.920575 0.854235 0.004956 0.005017
0 0.931313 0.850315 0.003965 0.004704
0 0.935443 0.848590 0.002974 0.004390
0 0.931643 0.858939 0.003304 0.004390
0 0.931809 0.867249 0.004295 0.005331
0 0.939077 0.874775 0.003634 0.004077
0 0.932139 0.879479 0.004295 0.004077
0 0.601778 0.570896 0.004205 0.005702
0 0.595020 0.577311 0.003905 0.004846
0 0.588863 0.634612 0.003604 0.005417
0 0.558977 0.664689 0.003905 0.005702
0 0.542908 0.675379 0.003604 0.004846
0 0.536751 0.671388 0.003905 0.005417
0 0.486892 0.702747 0.004505 0.004846
0 0.479083 0.722846 0.005707 0.005702
0 0.463314 0.721990 0.006007 0.005702
0 0.454304 0.723701 0.006007 0.006272
0 0.412855 0.662978 0.003604 0.005131
0 0.415408 0.688208 0.004505 0.004846
0 0.416159 0.694622 0.004205 0.005131
0 0.417961 0.702462 0.004806 0.004276
0 0.421565 0.707736 0.003604 0.003991
0 0.417811 0.708021 0.003304 0.003991
0 0.417811 0.710302 0.003905 0.003421
0 0.400240 0.700894 0.004205 0.004561
0 0.403393 0.681081 0.003905 0.005417
0 0.376512 0.682079 0.004806 0.003991
0 0.376662 0.686070 0.004505 0.003991
0 0.388075 0.701322 0.004505 0.004846
0 0.385522 0.709304 0.004205 0.004846
0 0.380867 0.732681 0.003905 0.003706
0 0.358791 0.669393 0.004806 0.005417
0 0.338817 0.670105 0.004505 0.006842
0 0.313888 0.668965 0.004505 0.005702
0 0.281168 0.669774 0.004289 0.004956
0 0.279117 0.667649 0.003170 0.004602
0 0.276226 0.664375 0.002984 0.004425
0 0.269419 0.664021 0.003170 0.003717
0 0.269512 0.658887 0.002611 0.004425
0 0.261400 0.674641 0.002797 0.004071
0 0.254872 0.674022 0.002424 0.004602
0 0.238927 0.679332 0.003730 0.004248
0 0.221676 0.681368 0.002797 0.005133
0 0.208435 0.689688 0.003916 0.004425
0 0.197058 0.675527 0.002797 0.004425
0 0.185309 0.678093 0.003170 0.004956
0 0.183724 0.670836 0.003730 0.005310
0 0.167032 0.670570 0.003543 0.004779
0 0.161064 0.667384 0.003543 0.005133
0 0.132530 0.675969 0.002797 0.004956
0 0.108938 0.673048 0.004103 0.004779
0 0.091967 0.678270 0.004849 0.005664
0 0.116119 0.614457 0.003916 0.004071
0 0.132810 0.599676 0.003357 0.004602
0 0.089356 0.616492 0.003730 0.003540
0 0.074903 0.623484 0.003543 0.005487
0 0.072385 0.619148 0.003357 0.003540
0 0.029025 0.641451 0.002424 0.004248
0 0.028465 0.654993 0.002797 0.004071
0 0.025481 0.670039 0.003170 0.005841
0 0.028335 0.681153 0.003385 0.004926
