0 0.624795 0.338259 0.002038 0.004108
0 0.620210 0.316411 0.003057 0.004108
0 0.635696 0.325001 0.003057 0.004108
0 0.642522 0.318512 0.003872 0.003828
0 0.631621 0.328409 0.003872 0.003828
0 0.611244 0.320192 0.003872 0.003828
0 0.601361 0.322900 0.003872 0.003828
0 0.600139 0.338492 0.003872 0.003828
0 0.539518 0.322153 0.003872 0.003828
0 0.641345 0.341512 0.003240 0.003203
0 0.625233 0.366591 0.003240 0.003203
0 0.625233 0.369169 0.003240 0.003203
0 0.686273 0.415341 0.003240 0.003203
0 0.678430 0.419755 0.004263 0.002656
0 0.689257 0.425380 0.004263 0.002656
0 0.705840 0.445510 0.004263 0.002656
0 0.693819 0.468791 0.004263 0.002656
0 0.763640 0.438947 0.004263 0.002656
0 0.751705 0.444025 0.004263 0.002656
0 0.698082 0.454142 0.004263 0.003672
0 0.699872 0.489416 0.004263 0.002812
0 0.660827 0.494182 0.004263 0.002812
0 0.643436 0.519103 0.004263 0.002812
0 0.637212 0.511994 0.004263 0.002812
0 0.630904 0.533088 0.004263 0.002812
0 0.632950 0.546291 0.004263 0.002812
0 0.622890 0.551994 0.004263 0.002812
0 0.618116 0.551603 0.004263 0.002812
0 0.618372 0.544260 0.004263 0.002812
0 0.619821 0.559416 0.004263 0.002812
0 0.630563 0.572307 0.004263 0.002812
0 0.598508 0.568166 0.004263 0.002812
0 0.594927 0.567307 0.004263 0.002812
0 0.585209 0.586447 0.004263 0.002812
0 0.580690 0.585666 0.004263 0.002812
0 0.563214 0.588635 0.004263 0.002812
0 0.556905 0.589963 0.004263 0.002812
0 0.574126 0.591760 0.004263 0.002812
0 0.569181 0.590978 0.004263 0.002812
0 0.567050 0.609494 0.004263 0.002812
0 0.556138 0.600822 0.004263 0.002812
0 0.550938 0.596838 0.004263 0.002812
0 0.540452 0.594885 0.004263 0.002812
0 0.547869 0.605588 0.004263 0.002812
0 0.542157 0.589963 0.004263 0.002812
0 0.529966 0.589572 0.004263 0.002812
0 0.516155 0.585978 0.004263 0.002812
0 0.534996 0.572775 0.004263 0.002812
0 0.539684 0.569728 0.004263 0.002812
0 0.514962 0.576916 0.004263 0.002812
0 0.511381 0.579650 0.004263 0.002812
0 0.503708 0.579260 0.004263 0.002812
0 0.501748 0.576760 0.004263 0.002812
0 0.498678 0.583010 0.004263 0.002812
0 0.516070 0.569103 0.004263 0.002812
0 0.510273 0.569025 0.004263 0.002812
0 0.516411 0.561994 0.004263 0.002812
0 0.528005 0.558635 0.004263 0.002812
0 0.509676 0.564103 0.004263 0.002812
0 0.522975 0.555666 0.004263 0.002812
0 0.503666 0.563713 0.006223 0.002812
0 0.526726 0.545744 0.004604 0.002812
0 0.536530 0.539338 0.004604 0.002812
0 0.523828 0.539494 0.004604 0.002812
0 0.579846 0.543322 0.004604 0.002812
0 0.570384 0.544026 0.004604 0.002812
0 0.555635 0.562151 0.004604 0.002812
0 0.612413 0.555979 0.004604 0.002812
0 0.607042 0.566604 0.004604 0.002812
0 0.535781 0.513147 0.004604 0.002812
0 0.527256 0.504553 0.004604 0.002812
0 0.571160 0.482522 0.004604 0.002812
0 0.548568 0.486819 0.004604 0.002812
0 0.616514 0.468772 0.004604 0.002812
0 0.597077 0.471272 0.004604 0.002812
0 0.589660 0.474006 0.004604 0.002812
0 0.677579 0.484400 0.004604 0.002812
0 0.777925 0.550842 0.004604 0.002812
0 0.783978 0.543264 0.004604 0.002812
0 0.777584 0.564983 0.004604 0.002812
0 0.762835 0.573342 0.004604 0.002812
0 0.752946 0.595139 0.004604 0.002812
0 0.761642 0.584123 0.004604 0.002812
0 0.756100 0.584983 0.004604 0.002812
0 0.772298 0.621545 0.004604 0.002812
0 0.752520 0.623967 0.004604 0.002812
0 0.756697 0.610764 0.004604 0.002812
0 0.775623 0.622326 0.004604 0.002812
0 0.757891 0.627014 0.004604 0.002812
0 0.792269 0.514462 0.004604 0.002812
0 0.793377 0.507118 0.004604 0.002812
0 0.763965 0.504384 0.004604 0.002812
0 0.742397 0.497821 0.004604 0.002812
0 0.719976 0.495321 0.004604 0.002812
0 0.659462 0.519962 0.004604 0.002812
0 0.646503 0.523869 0.004604 0.002812
0 0.627407 0.542619 0.004604 0.002812
0 0.670118 0.546603 0.004604 0.002812
0 0.652727 0.544103 0.004604 0.002812
0 0.655121 0.566268 0.004604 0.002812
0 0.654354 0.590331 0.004604 0.002812
0 0.638241 0.605487 0.004604 0.002812
0 0.606101 0.603768 0.004604 0.002812
0 0.636792 0.590409 0.004604 0.002812
0 0.608939 0.654693 0.006740 0.004118
0 0.613699 0.644945 0.005064 0.003094
0 0.643426 0.642882 0.005064 0.003094
0 0.603478 0.668320 0.005064 0.003094
0 0.570374 0.661445 0.005064 0.003094
0 0.560997 0.661187 0.005064 0.003094
0 0.623328 0.701531 0.004604 0.002812
0 0.615571 0.702546 0.004604 0.002812
0 0.616423 0.697312 0.004604 0.002812
0 0.611308 0.699734 0.004604 0.002812
0 0.605681 0.704343 0.004604 0.002812
0 0.602783 0.701765 0.004604 0.002812
0 0.597838 0.695984 0.004604 0.002812
0 0.589910 0.701531 0.004604 0.002812
0 0.634496 0.688796 0.004604 0.002812
0 0.609432 0.725749 0.004604 0.002812
0 0.605852 0.736687 0.004604 0.002812
0 0.602271 0.730281 0.004604 0.002812
0 0.614036 0.740124 0.004604 0.002812
0 0.614121 0.743718 0.004604 0.002812
0 0.607898 0.760359 0.004604 0.002812
0 0.608324 0.764265 0.004604 0.002812
0 0.575719 0.973175 0.004604 0.002812
0 0.568302 0.982941 0.004604 0.002812
0 0.574575 0.940376 0.004604 0.002812
0 0.577814 0.926001 0.004604 0.002812
0 0.564686 0.936861 0.004604 0.002812
0 0.521253 0.942808 0.004604 0.002812
0 0.508380 0.940386 0.004604 0.002812
0 0.625791 0.978223 0.004604 0.002812
0 0.589339 0.892104 0.004604 0.002812
0 0.591470 0.887886 0.004604 0.002812
0 0.590106 0.897729 0.004604 0.002812
0 0.575443 0.906636 0.004604 0.002812
0 0.585417 0.889292 0.004604 0.002812
0 0.600507 0.891714 0.004604 0.002812
0 0.599313 0.894917 0.004604 0.002812
0 0.525492 0.863043 0.004604 0.002812
0 0.530096 0.858902 0.004604 0.002812
0 0.518075 0.859839 0.004604 0.002812
0 0.503412 0.877027 0.004604 0.002812
0 0.511084 0.881871 0.004604 0.002812
0 0.515347 0.881793 0.004604 0.002812
0 0.509038 0.883511 0.004604 0.002812
0 0.498552 0.869605 0.004604 0.002812
0 0.606736 0.837816 0.004604 0.002812
0 0.591561 0.833050 0.004604 0.002812
0 0.583377 0.841487 0.004604 0.002812
0 0.592670 0.837581 0.004604 0.002812
0 0.585253 0.847659 0.004604 0.002812
0 0.577665 0.848519 0.004604 0.002812
0 0.615517 0.829378 0.004604 0.002812
0 0.680315 0.759496 0.004604 0.002812
0 0.678183 0.770199 0.004604 0.002812
0 0.705720 0.796449 0.004604 0.002812
0 0.682872 0.795121 0.004604 0.002812
0 0.830665 0.769914 0.004604 0.002812
0 0.830324 0.763039 0.004604 0.002812
0 0.828704 0.756086 0.004604 0.002812
0 0.826573 0.802727 0.004604 0.002812
