0 0.690501 0.330484 0.002432 0.002385
0 0.685029 0.329256 0.002338 0.002455
0 0.678763 0.327502 0.002525 0.002175
0 0.672122 0.329326 0.002525 0.002455
0 0.666604 0.328379 0.002338 0.002666
0 0.641958 0.325223 0.003741 0.002104
0 0.633821 0.328625 0.003928 0.001613
0 0.631436 0.330975 0.002899 0.002385
0 0.618108 0.321891 0.002432 0.002455
0 0.622644 0.332027 0.002899 0.001964
0 0.617594 0.331852 0.003274 0.002736
0 0.610158 0.332588 0.002432 0.001824
0 0.598420 0.329291 0.002712 0.002245
0 0.600992 0.332623 0.002619 0.001754
0 0.604593 0.331606 0.003274 0.002946
0 0.595661 0.336025 0.003367 0.001824
0 0.591265 0.338235 0.002432 0.002455
0 0.584063 0.336657 0.002432 0.001964
0 0.584019 0.338959 0.002993 0.002946
0 0.558204 0.356708 0.002319 0.002783
0 0.552716 0.359490 0.002474 0.002551
0 0.564581 0.369810 0.003633 0.002087
0 0.538918 0.365317 0.002242 0.002609
0 0.544175 0.367723 0.002242 0.002435
0 0.545489 0.363780 0.002551 0.002899
0 0.556890 0.363664 0.002319 0.001855
0 0.557238 0.365491 0.002242 0.002145
0 0.543015 0.366418 0.002087 0.002029
0 0.560544 0.371357 0.003258 0.002539
0 0.495602 0.330053 0.002491 0.002587
0 0.491961 0.333910 0.003002 0.002539
0 0.471454 0.337001 0.003258 0.001916
0 0.419530 0.326211 0.002304 0.002988
0 0.432393 0.327003 0.002976 0.001908
0 0.418072 0.333094 0.002612 0.001860
0 0.428224 0.339357 0.002348 0.002381
0 0.430786 0.338972 0.002315 0.002009
0 0.423792 0.341887 0.001753 0.002083
0 0.423644 0.343920 0.002844 0.001637
0 0.431861 0.343486 0.001885 0.002207
0 0.432886 0.344813 0.002017 0.002331
0 0.427432 0.350225 0.002083 0.002555
0 0.426985 0.352643 0.002315 0.002083
0 0.438841 0.354380 0.002612 0.001984
0 0.431797 0.358286 0.002348 0.002356
0 0.432343 0.360580 0.002579 0.001786
0 0.431880 0.362391 0.002116 0.002282
0 0.421430 0.361175 0.002381 0.002183
0 0.419462 0.359055 0.002414 0.002257
0 0.432800 0.368007 0.001981 0.002575
0 0.435528 0.370615 0.002773 0.001452
0 0.434604 0.368783 0.001717 0.002344
0 0.435859 0.368849 0.001849 0.002608
0 0.417460 0.374196 0.002377 0.002146
0 0.414930 0.378323 0.003037 0.002014
0 0.408041 0.381607 0.002553 0.002377
0 0.421026 0.381327 0.002729 0.002278
0 0.430709 0.377910 0.002641 0.002311
0 0.431633 0.381508 0.002201 0.002311
0 0.441206 0.381640 0.001805 0.002311
0 0.442219 0.379577 0.002245 0.002278
0 0.417211 0.388814 0.001695 0.002288
0 0.418010 0.387707 0.002130 0.001961
0 0.418034 0.390957 0.002372 0.002360
0 0.441903 0.392119 0.002276 0.002506
0 0.440402 0.397475 0.002663 0.002106
0 0.433410 0.411642 0.002285 0.002592
0 0.439825 0.408237 0.002461 0.002900
0 0.395201 0.392933 0.002130 0.002237
0 0.386386 0.384086 0.002397 0.002437
0 0.403242 0.372562 0.003835 0.001278
0 0.404201 0.370545 0.002450 0.002676
0 0.403615 0.365133 0.002769 0.002237
0 0.408781 0.361358 0.003089 0.002277
0 0.404734 0.357883 0.002237 0.002516
0 0.404787 0.354767 0.002130 0.002516
0 0.402763 0.347458 0.002343 0.003076
0 0.405639 0.339749 0.002663 0.003235
0 0.397437 0.346819 0.003195 0.002756
0 0.392644 0.337951 0.003195 0.002277
0 0.386679 0.340528 0.002663 0.002556
0 0.385641 0.339749 0.002929 0.002437
0 0.383324 0.339849 0.002663 0.002796
0 0.387265 0.350194 0.002556 0.002796
0 0.390354 0.354428 0.002663 0.002636
0 0.387425 0.356864 0.002343 0.001997
0 0.387771 0.358582 0.002823 0.001678
0 0.383084 0.354548 0.004207 0.001837
0 0.378131 0.343823 0.003142 0.003076
0 0.369903 0.348217 0.003728 0.002357
0 0.359065 0.343523 0.002823 0.002556
0 0.354565 0.343184 0.003835 0.001877
0 0.351662 0.343903 0.002290 0.002357
0 0.345671 0.337612 0.002769 0.002237
0 0.353526 0.349395 0.002610 0.002876
0 0.346550 0.353549 0.002503 0.002476
0 0.357830 0.367317 0.002921 0.002611
0 0.364352 0.364045 0.002441 0.003091
0 0.377576 0.364180 0.002961 0.001801
0 0.377616 0.370077 0.002241 0.002611
0 0.295912 0.351522 0.003029 0.002320
0 0.305675 0.351256 0.003093 0.002562
0 0.322139 0.352875 0.002900 0.001837
0 0.332579 0.345166 0.002513 0.002948
0 0.327843 0.340986 0.003093 0.002900
0 0.326715 0.337675 0.003158 0.002852
0 0.324524 0.326631 0.002642 0.002803
0 0.332901 0.328830 0.002513 0.002852
0 0.335898 0.326728 0.002707 0.002417
0 0.340119 0.323442 0.002900 0.002513
0 0.255521 0.294026 0.002765 0.002658
0 0.257045 0.287167 0.003828 0.002658
0 0.262042 0.284616 0.003048 0.002446
0 0.265586 0.289241 0.002623 0.002233
0 0.260837 0.296126 0.002339 0.001754
0 0.270690 0.297056 0.003190 0.002233
0 0.274341 0.298385 0.002552 0.002765
0 0.274766 0.291979 0.002410 0.002711
0 0.278948 0.292750 0.002977 0.002658
0 0.275900 0.287460 0.002410 0.002605
0 0.292265 0.292739 0.002321 0.002161
0 0.291125 0.294855 0.002041 0.002371
0 0.293525 0.296850 0.001801 0.002701
0 0.296406 0.295200 0.002601 0.001741
0 0.305289 0.295905 0.002761 0.001891
0 0.291205 0.300256 0.002281 0.001711
0 0.292145 0.302267 0.002721 0.001771
0 0.286203 0.306138 0.002601 0.002431
0 0.314612 0.301922 0.002921 0.002221
0 0.318534 0.302012 0.003481 0.001621
0 0.303129 0.310205 0.003801 0.001681
0 0.310826 0.284178 0.003302 0.001518
0 0.326244 0.287034 0.002290 0.002117
0 0.330611 0.288412 0.002184 0.002796
0 0.327362 0.289251 0.003994 0.001518
0 0.343100 0.288272 0.002663 0.002516
0 0.338280 0.294863 0.002823 0.002357
0 0.350742 0.302512 0.002397 0.002237
0 0.339265 0.309922 0.001917 0.002357
0 0.342008 0.310081 0.003888 0.001718
0 0.352766 0.306367 0.002716 0.002437
0 0.354151 0.311659 0.003675 0.001358
0 0.366081 0.311340 0.003036 0.001758
0 0.364270 0.313037 0.003249 0.001558
0 0.360755 0.317571 0.002716 0.002476
0 0.365016 0.317131 0.002823 0.002556
0 0.354870 0.318729 0.002237 0.002317
0 0.356015 0.319708 0.001864 0.001957
0 0.378277 0.310960 0.003249 0.001718
0 0.383176 0.300954 0.002610 0.002716
0 0.382777 0.308883 0.002556 0.002596
0 0.383017 0.312019 0.003036 0.001997
0 0.387304 0.310241 0.003408 0.001718
0 0.386452 0.312538 0.002769 0.002636
0 0.371220 0.320866 0.003408 0.001478
0 0.364905 0.291007 0.002642 0.002465
