0 0.019153 0.471806 0.002695 0.002315
0 0.021372 0.466580 0.002695 0.002245
0 0.022759 0.469105 0.003091 0.002104
0 0.049114 0.460021 0.002378 0.002455
0 0.065918 0.462336 0.002061 0.002595
0 0.074835 0.467842 0.002299 0.002806
0 0.071863 0.470754 0.002853 0.003016
0 0.089856 0.473665 0.002219 0.002245
0 0.096752 0.470543 0.002378 0.002595
0 0.106065 0.461249 0.003567 0.001684
0 0.066037 0.481486 0.002140 0.002315
0 0.051413 0.483450 0.003646 0.002876
0 0.133939 0.443910 0.002293 0.002899
0 0.151193 0.343720 0.002536 0.002806
0 0.122143 0.365677 0.002616 0.003227
0 0.119963 0.377567 0.002378 0.002876
0 0.118693 0.382870 0.001961 0.002201
0 0.119429 0.385226 0.002382 0.002511
0 0.174857 0.475529 0.002284 0.002723
0 0.181710 0.482089 0.002564 0.002971
0 0.194018 0.480088 0.002751 0.002434
0 0.197859 0.494332 0.002119 0.002663
0 0.211039 0.499620 0.002119 0.002513
0 0.231131 0.490813 0.002196 0.003001
0 0.236756 0.493405 0.002273 0.002728
0 0.236403 0.509935 0.002890 0.002864
0 0.205927 0.515408 0.002427 0.002898
0 0.208008 0.517215 0.002427 0.002898
0 0.206447 0.520659 0.002543 0.002421
0 0.198009 0.525023 0.003853 0.002353
0 0.207102 0.525211 0.002312 0.002660
0 0.217197 0.525722 0.003005 0.001773
0 0.225057 0.520318 0.002466 0.002694
0 0.230605 0.523472 0.002158 0.003001
0 0.257663 0.530058 0.002312 0.002932
0 0.260957 0.533468 0.002196 0.002864
0 0.263539 0.533775 0.002273 0.002387
0 0.263866 0.517357 0.002466 0.003239
0 0.281848 0.538922 0.003730 0.001898
0 0.287536 0.535560 0.002424 0.003177
0 0.290100 0.533909 0.002145 0.003012
0 0.288065 0.540958 0.002032 0.002387
0 0.297172 0.535642 0.001961 0.002790
0 0.303109 0.536897 0.001996 0.002945
0 0.307943 0.536169 0.003888 0.001736
0 0.316366 0.536355 0.002382 0.002542
0 0.322093 0.540307 0.002137 0.002759
0 0.327032 0.540431 0.002627 0.002697
0 0.334405 0.537641 0.002242 0.002387
0 0.341533 0.530496 0.002277 0.002666
0 0.343196 0.533348 0.002732 0.002542
0 0.347837 0.523537 0.002207 0.002945
0 0.350412 0.536510 0.002382 0.001860
0 0.349606 0.531225 0.002382 0.001829
0 0.359519 0.531659 0.002242 0.002945
0 0.352373 0.530961 0.002242 0.003038
0 0.353494 0.532589 0.002312 0.002201
0 0.354510 0.530140 0.001961 0.002015
0 0.362718 0.538063 0.003506 0.001807
0 0.339466 0.541660 0.002081 0.002591
0 0.341084 0.541729 0.002543 0.002864
0 0.353807 0.525689 0.001949 0.002814
0 0.353884 0.514002 0.002410 0.003041
0 0.369909 0.516249 0.002564 0.001906
0 0.349105 0.509580 0.002137 0.002573
0 0.330751 0.507410 0.003748 0.002077
0 0.322309 0.505999 0.002067 0.003162
0 0.321661 0.497490 0.002242 0.002635
0 0.334831 0.491709 0.002942 0.002914
0 0.342887 0.494948 0.002172 0.003007
0 0.351241 0.491678 0.002067 0.002542
0 0.352450 0.499598 0.002522 0.002821
0 0.367073 0.501334 0.003538 0.002015
0 0.340279 0.477499 0.002751 0.002806
0 0.336736 0.458479 0.002471 0.003136
0 0.346899 0.449939 0.002657 0.002971
0 0.355384 0.485091 0.002191 0.002641
0 0.370489 0.484802 0.002844 0.002476
0 0.380699 0.483296 0.003030 0.003094
0 0.391042 0.510013 0.002935 0.002779
0 0.404182 0.512913 0.002867 0.003262
0 0.394169 0.519538 0.002331 0.002558
0 0.395777 0.519600 0.001911 0.002682
0 0.394533 0.524597 0.003643 0.001984
0 0.413069 0.522836 0.002119 0.002591
0 0.399758 0.541369 0.002081 0.003035
0 0.409467 0.537379 0.002851 0.001875
0 0.423241 0.524439 0.001888 0.002728
0 0.425110 0.518046 0.002851 0.001671
0 0.426497 0.518915 0.003082 0.001569
0 0.427325 0.523979 0.002581 0.002353
0 0.427518 0.529724 0.002658 0.003069
0 0.435436 0.529162 0.003005 0.002967
0 0.440425 0.520978 0.002350 0.002762
0 0.429483 0.517295 0.002504 0.003580
0 0.454573 0.501389 0.002942 0.002046
0 0.469092 0.498072 0.002907 0.002542
0 0.465011 0.512316 0.002592 0.002759
0 0.470738 0.507589 0.001996 0.002480
0 0.475414 0.502505 0.002382 0.002604
0 0.476482 0.504582 0.002697 0.002356
0 0.474713 0.510363 0.002102 0.002263
0 0.480160 0.504458 0.001996 0.002666
0 0.491403 0.497204 0.002487 0.003224
0 0.494013 0.494089 0.002732 0.003007
0 0.471909 0.485989 0.002077 0.002438
0 0.208960 0.404072 0.002725 0.003859
0 0.219589 0.414002 0.004361 0.002653
0 0.236850 0.431328 0.002544 0.002894
0 0.257019 0.423529 0.003452 0.002412
0 0.266104 0.414283 0.003271 0.003216
0 0.195595 0.333958 0.002527 0.003531
0 0.280177 0.376493 0.002378 0.002971
0 0.307537 0.370936 0.002564 0.003218
0 0.319821 0.363675 0.003077 0.002971
0 0.309285 0.381478 0.002890 0.003012
0 0.322595 0.384510 0.002844 0.003218
0 0.346503 0.386519 0.003078 0.003389
0 0.358329 0.393098 0.002703 0.002857
0 0.363697 0.392998 0.002177 0.003057
0 0.364448 0.397417 0.002328 0.002857
0 0.373910 0.401513 0.002308 0.002905
0 0.373756 0.416354 0.002000 0.002905
0 0.392848 0.426944 0.002595 0.003345
0 0.383568 0.445515 0.002877 0.003644
0 0.411548 0.442869 0.002538 0.002846
0 0.434055 0.438576 0.002877 0.002746
0 0.411556 0.481810 0.002273 0.002694
0 0.424733 0.485936 0.002350 0.002353
0 0.433209 0.469518 0.002581 0.002387
0 0.437987 0.464352 0.002581 0.002967
0 0.497761 0.516997 0.002703 0.002857
0 0.507447 0.516598 0.002703 0.002990
0 0.520061 0.516632 0.003153 0.003455
0 0.524903 0.503076 0.003229 0.003322
0 0.516382 0.496631 0.002703 0.002924
0 0.502957 0.473365 0.003231 0.002905
0 0.495316 0.469916 0.003641 0.001997
0 0.497393 0.449743 0.002359 0.003041
0 0.471752 0.445522 0.002769 0.002587
0 0.349400 0.343186 0.002539 0.003210
0 0.398639 0.334424 0.002615 0.002814
0 0.406152 0.329454 0.002462 0.002950
0 0.414358 0.321443 0.001926 0.002790
0 0.511447 0.521686 0.003208 0.003624
0 0.518716 0.540684 0.002594 0.002839
0 0.533016 0.533616 0.002662 0.002597
0 0.534210 0.534885 0.002184 0.002477
0 0.536190 0.533647 0.003413 0.001812
0 0.548100 0.542224 0.002116 0.003262
0 0.553390 0.537362 0.002594 0.003443
0 0.553800 0.545849 0.003003 0.003020
0 0.534313 0.549020 0.002935 0.002597
0 0.563663 0.553913 0.003208 0.002718
0 0.560148 0.555755 0.002321 0.002658
0 0.563288 0.560769 0.002184 0.002779
0 0.539432 0.569347 0.003618 0.002054
0 0.560762 0.575146 0.003003 0.002416
0 0.553766 0.581066 0.002116 0.002658
0 0.568641 0.580796 0.002471 0.003136
0 0.556544 0.588842 0.001958 0.002723
0 0.569457 0.588945 0.002145 0.002682
0 0.571112 0.591400 0.002378 0.003218
0 0.574236 0.592844 0.001911 0.002393
0 0.589760 0.568646 0.002005 0.002682
0 0.578035 0.560683 0.002611 0.002517
0 0.570297 0.547604 0.003357 0.001939
0 0.578572 0.544798 0.002657 0.002847
0 0.585728 0.544633 0.002517 0.002847
0 0.583979 0.553566 0.003124 0.002971
0 0.559512 0.525802 0.003128 0.002451
0 0.571717 0.532450 0.002205 0.002950
0 0.564768 0.520446 0.002154 0.002542
0 0.564922 0.522557 0.002359 0.002315
0 0.567165 0.511972 0.002137 0.002666
0 0.575677 0.514126 0.003257 0.002015
0 0.577883 0.510128 0.003327 0.001705
0 0.567498 0.503804 0.002312 0.002759
0 0.570948 0.499790 0.002907 0.001860
0 0.565554 0.504471 0.002067 0.002356
0 0.557936 0.495559 0.002452 0.003007
0 0.567872 0.489152 0.001818 0.002558
0 0.584912 0.498600 0.002145 0.002971
0 0.595215 0.496950 0.002238 0.002641
0 0.583528 0.510322 0.002312 0.001953
0 0.585559 0.508385 0.002172 0.002542
0 0.585542 0.516770 0.002487 0.002511
0 0.584995 0.519593 0.001992 0.002551
0 0.584126 0.523475 0.001950 0.002513
0 0.603855 0.525125 0.002161 0.002888
0 0.598557 0.529832 0.001992 0.002400
0 0.599956 0.530132 0.001907 0.002626
0 0.585313 0.534558 0.002034 0.002776
0 0.602181 0.536940 0.002289 0.002588
0 0.597716 0.550501 0.003413 0.002416
0 0.602494 0.545778 0.002048 0.002087
0 0.602835 0.544323 0.001862 0.002252
0 0.628073 0.532093 0.002256 0.002746
0 0.602673 0.506369 0.001911 0.002558
0 0.604025 0.506204 0.001818 0.002393
0 0.605424 0.505379 0.002098 0.002723
0 0.617195 0.508308 0.003730 0.001733
0 0.581154 0.608732 0.001965 0.002250
0 0.583100 0.607181 0.001926 0.002285
0 0.583408 0.609909 0.002466 0.002148
0 0.583254 0.619218 0.001926 0.002353
0 0.583541 0.612038 0.001772 0.002250
0 0.602883 0.602252 0.002004 0.002250
0 0.603730 0.602764 0.002235 0.002114
0 0.602748 0.607077 0.002119 0.002489
0 0.612911 0.604661 0.002067 0.002480
0 0.621912 0.610116 0.003888 0.001612
0 0.638105 0.615925 0.002246 0.003376
0 0.602758 0.636685 0.002670 0.002738
0 0.662623 0.625534 0.002145 0.002599
0 0.668101 0.645400 0.002751 0.002641
0 0.696055 0.629079 0.003272 0.001697
0 0.706888 0.625297 0.002119 0.002888
0 0.716742 0.633398 0.001907 0.002888
0 0.737340 0.638631 0.002416 0.003301
0 0.738060 0.642363 0.002331 0.003113
0 0.769847 0.641388 0.002755 0.003188
0 0.797501 0.643230 0.001856 0.002263
0 0.795785 0.642719 0.001996 0.002480
0 0.803141 0.648066 0.001786 0.002697
0 0.801232 0.653444 0.001961 0.002728
0 0.803246 0.653459 0.002557 0.002077
0 0.815400 0.653103 0.002627 0.001612
0 0.813018 0.656931 0.002067 0.002387
0 0.816013 0.659396 0.002172 0.002542
0 0.829160 0.661834 0.002627 0.002976
0 0.836691 0.668948 0.002277 0.002573
0 0.845255 0.674342 0.002312 0.002325
0 0.840946 0.679069 0.002032 0.001612
0 0.843118 0.677271 0.002242 0.002232
0 0.854956 0.687554 0.001926 0.003171
0 0.854802 0.690640 0.002312 0.002455
0 0.857210 0.695021 0.002350 0.002694
0 0.861294 0.696760 0.002581 0.002830
0 0.871765 0.706176 0.002417 0.003100
0 0.884883 0.704084 0.002522 0.002945
0 0.871012 0.709756 0.002382 0.002387
0 0.898228 0.703309 0.002872 0.001643
0 0.895443 0.715739 0.002417 0.002821
0 0.893096 0.724822 0.002207 0.002697
0 0.893482 0.733857 0.003327 0.003534
0 0.893307 0.738042 0.003257 0.001736
0 0.940253 0.709517 0.002284 0.003012
0 0.941092 0.715294 0.002471 0.002517
0 0.946267 0.713292 0.002937 0.003301
0 0.955684 0.716263 0.002751 0.002476
0 0.975888 0.713040 0.002389 0.002839
0 0.987527 0.631641 0.003541 0.003134
0 0.936633 0.727595 0.002928 0.003057
