0 0.846506 0.134109 0.006869 0.006071
0 0.837819 0.138662 0.006465 0.009107
0 0.807920 0.150994 0.004848 0.004933
0 0.807516 0.154599 0.004040 0.003036
0 0.803880 0.153840 0.003232 0.003794
0 0.805092 0.150994 0.003232 0.004933
0 0.802465 0.158773 0.005253 0.005312
0 0.794991 0.152132 0.004848 0.007968
0 0.794789 0.160290 0.005253 0.005312
0 0.791960 0.169207 0.002828 0.006451
0 0.789536 0.170156 0.004444 0.006071
0 0.823677 0.177366 0.004040 0.006830
0 0.784082 0.159911 0.005657 0.005312
0 0.779637 0.181160 0.006465 0.006071
0 0.768728 0.176986 0.005657 0.006830
0 0.762264 0.168449 0.005657 0.007209
0 0.753577 0.172243 0.004444 0.006451
0 0.760849 0.182488 0.004444 0.007209
0 0.781657 0.192543 0.004040 0.007589
0 0.839141 0.262308 0.004561 0.004868
0 0.838726 0.272726 0.003317 0.007399
0 0.835202 0.265911 0.003732 0.004673
0 0.826597 0.266105 0.002695 0.005841
0 0.820895 0.274867 0.004561 0.006620
0 0.815401 0.271947 0.003939 0.004673
0 0.814468 0.273991 0.003317 0.004478
0 0.809285 0.277496 0.003317 0.006815
0 0.808766 0.289471 0.003525 0.005063
0 0.808974 0.298525 0.003525 0.002531
0 0.812602 0.298428 0.003317 0.004673
0 0.816023 0.303393 0.003939 0.003700
0 0.828360 0.314881 0.004561 0.006036
0 0.817267 0.311279 0.003525 0.006231
0 0.823591 0.325493 0.002903 0.005452
0 0.814468 0.311863 0.002488 0.005063
0 0.811980 0.316439 0.003317 0.005257
0 0.809492 0.319555 0.003317 0.004868
0 0.806486 0.317900 0.003525 0.003505
0 0.805345 0.319847 0.002488 0.004673
0 0.803376 0.319555 0.002695 0.004868
0 0.799747 0.320626 0.002903 0.003505
0 0.790210 0.322767 0.002903 0.005063
0 0.787307 0.323741 0.002488 0.004284
0 0.785130 0.319847 0.002281 0.005452
0 0.783471 0.327343 0.002695 0.004868
0 0.764189 0.330556 0.001866 0.005063
0 0.761494 0.332016 0.002695 0.004868
0 0.899994 0.285869 0.003939 0.003700
0 0.802028 0.268539 0.003317 0.004478
0 0.795808 0.246828 0.003732 0.005063
0 0.783264 0.252865 0.003525 0.005841
0 0.780672 0.246828 0.002903 0.004284
0 0.786685 0.261335 0.003317 0.004089
0 0.792905 0.264645 0.004147 0.004478
0 0.788655 0.269026 0.003110 0.004284
0 0.796015 0.272531 0.003732 0.003505
0 0.795497 0.277107 0.004354 0.004868
0 0.793216 0.283630 0.003525 0.004284
0 0.790002 0.278859 0.002073 0.004868
0 0.788655 0.276912 0.002695 0.005647
0 0.786478 0.280222 0.003317 0.004478
0 0.789277 0.287913 0.003525 0.003894
0 0.783679 0.286064 0.003525 0.004478
0 0.780776 0.294047 0.003110 0.004089
0 0.780776 0.300862 0.003939 0.004478
0 0.774763 0.297552 0.003939 0.004478
0 0.774349 0.287816 0.003525 0.005257
0 0.777044 0.276620 0.002695 0.005063
0 0.783368 0.266592 0.002903 0.006815
0 0.779843 0.266397 0.004561 0.006815
0 0.769372 0.256662 0.004769 0.004089
0 0.774349 0.227941 0.003110 0.006620
0 0.781605 0.215382 0.006013 0.003700
0 0.780361 0.212948 0.004769 0.003505
0 0.764085 0.210709 0.004147 0.006036
0 0.757658 0.213240 0.004147 0.004478
0 0.754652 0.213727 0.002695 0.003505
0 0.751542 0.211682 0.003110 0.004868
0 0.754237 0.216063 0.001866 0.003115
0 0.757554 0.226286 0.002695 0.004478
0 0.750920 0.223268 0.005598 0.004284
0 0.751334 0.228038 0.002695 0.004089
0 0.748846 0.229109 0.003110 0.004284
0 0.743559 0.228720 0.003317 0.005063
0 0.740864 0.233296 0.003732 0.006036
0 0.748224 0.263379 0.005183 0.004673
0 0.749365 0.271265 0.002903 0.005257
0 0.754652 0.275062 0.004354 0.005452
0 0.744285 0.272628 0.003939 0.004868
0 0.742315 0.266884 0.004147 0.004284
0 0.754548 0.311279 0.003317 0.004673
0 0.750194 0.304951 0.004561 0.006426
0 0.742522 0.299888 0.003317 0.004868
0 0.738479 0.300375 0.003110 0.005452
0 0.745218 0.317997 0.003732 0.006815
0 0.735266 0.331432 0.003317 0.006815
0 0.723137 0.303685 0.002695 0.003894
0 0.749676 0.294047 0.002281 0.004089
0 0.751231 0.295605 0.002073 0.004478
0 0.750194 0.297454 0.003317 0.003115
0 0.728527 0.274965 0.004769 0.004089
0 0.752279 0.203149 0.001714 0.004828
0 0.751080 0.200736 0.002056 0.004184
0 0.750394 0.197919 0.002399 0.002414
0 0.754850 0.199609 0.001714 0.004506
0 0.754507 0.203552 0.002056 0.004023
0 0.748938 0.192689 0.002570 0.005149
0 0.747139 0.192287 0.003427 0.003379
0 0.745082 0.183436 0.003084 0.005632
0 0.748081 0.184482 0.001885 0.003862
0 0.751251 0.189310 0.002056 0.004828
0 0.751337 0.183034 0.003598 0.001931
0 0.751337 0.184402 0.002570 0.003058
0 0.739085 0.181908 0.004455 0.004184
0 0.734801 0.169114 0.002399 0.004023
0 0.741141 0.193575 0.004112 0.005310
0 0.735829 0.192368 0.004112 0.002575
0 0.736258 0.194621 0.004284 0.001931
0 0.735487 0.196632 0.004455 0.002414
0 0.732574 0.197759 0.003770 0.004667
0 0.728376 0.197437 0.005655 0.004345
0 0.726662 0.188345 0.002228 0.004828
0 0.719979 0.177000 0.005655 0.003379
0 0.712440 0.181425 0.005312 0.004184
0 0.720322 0.193816 0.003941 0.004184
0 0.720065 0.202023 0.003427 0.005149
0 0.714667 0.199046 0.002570 0.003701
0 0.730175 0.214173 0.005141 0.003058
0 0.728204 0.229058 0.003598 0.003862
0 0.729832 0.230908 0.004455 0.002736
0 0.721864 0.228656 0.003598 0.004023
0 0.721179 0.225678 0.002570 0.002897
0 0.715267 0.231150 0.004112 0.003218
0 0.707042 0.226081 0.004112 0.004023
0 0.707642 0.215701 0.002570 0.002575
0 0.708070 0.218517 0.001714 0.003379
0 0.709441 0.218276 0.002056 0.004184
0 0.698475 0.196793 0.003084 0.004667
0 0.694962 0.201782 0.003256 0.004023
0 0.695305 0.206529 0.003941 0.004506
0 0.687080 0.201299 0.003256 0.005310
0 0.697961 0.221253 0.006511 0.003379
0 0.694020 0.226885 0.003427 0.004345
0 0.689907 0.230506 0.004112 0.004506
0 0.695390 0.224150 0.003084 0.003058
0 0.697532 0.225437 0.002913 0.004667
0 0.724499 0.243531 0.005519 0.006126
0 0.723119 0.251895 0.004265 0.002120
0 0.722743 0.254369 0.005519 0.003770
0 0.715468 0.249186 0.005018 0.002827
0 0.715217 0.247065 0.007025 0.002356
0 0.709948 0.255429 0.003512 0.004005
0 0.707063 0.254840 0.003763 0.004712
0 0.710074 0.269566 0.005268 0.005419
0 0.692011 0.250953 0.005268 0.007775
0 0.678714 0.243649 0.004265 0.004948
0 0.673320 0.239762 0.006523 0.006126
0 0.663536 0.229159 0.004516 0.007068
0 0.676205 0.209486 0.004767 0.006361
0 0.691258 0.284880 0.004767 0.007304
0 0.691509 0.295247 0.005268 0.005890
0 0.692136 0.303022 0.005018 0.005890
0 0.679341 0.293597 0.004014 0.007304
0 0.675829 0.291241 0.003512 0.005419
0 0.669933 0.294893 0.004767 0.006126
0 0.654128 0.301608 0.006774 0.007304
0 0.645975 0.294658 0.004516 0.005655
0 0.620134 0.215965 0.003512 0.004241
0 0.617249 0.213374 0.003763 0.005655
0 0.611856 0.222209 0.002007 0.007304
0 0.610099 0.223151 0.003011 0.008246
0 0.597681 0.204303 0.004265 0.005419
0 0.593667 0.210193 0.005268 0.006361
0 0.576733 0.202182 0.004516 0.004477
0 0.577235 0.212667 0.003011 0.007539
0 0.608343 0.210664 0.006523 0.003534
0 0.609221 0.207955 0.005268 0.003770
0 0.597054 0.191580 0.003512 0.005890
0 0.599563 0.194054 0.002509 0.003770
0 0.575353 0.249186 0.003763 0.010367
0 0.558168 0.254723 0.005018 0.006361
0 0.556286 0.245534 0.004265 0.005890
0 0.552398 0.249539 0.003512 0.004005
0 0.554279 0.252484 0.003261 0.004712
0 0.539979 0.258963 0.004265 0.004948
0 0.536593 0.256490 0.005519 0.004712
0 0.536593 0.268623 0.005519 0.007775
0 0.506989 0.263558 0.004014 0.005183
0 0.505609 0.268034 0.003261 0.005655
0 0.495449 0.226214 0.004516 0.007304
0 0.497330 0.219853 0.003763 0.005419
0 0.507993 0.221149 0.005519 0.008011
0 0.522293 0.218321 0.004516 0.007068
0 0.530697 0.221502 0.003763 0.006833
0 0.537722 0.218793 0.005770 0.007068
0 0.514051 0.197940 0.004250 0.005131
0 0.509650 0.200791 0.003946 0.007982
0 0.479294 0.207918 0.004553 0.007982
0 0.478990 0.225736 0.005768 0.007697
0 0.472615 0.220034 0.005161 0.004846
0 0.450000 0.233861 0.005464 0.007412
0 0.441045 0.251108 0.005768 0.011118
0 0.455768 0.186252 0.006071 0.008552
0 0.435733 0.198083 0.006071 0.007127
0 0.427081 0.197940 0.004553 0.006842
0 0.391565 0.204212 0.005161 0.007982
0 0.373048 0.193949 0.004553 0.008552
0 0.367432 0.192524 0.003036 0.007412
0 0.364548 0.193807 0.004553 0.006557
0 0.361057 0.196372 0.006071 0.007697
0 0.347093 0.205780 0.004857 0.007127
0 0.335102 0.258805 0.004553 0.007697
0 0.350281 0.264935 0.005161 0.009123
0 0.317800 0.247117 0.004553 0.004846
0 0.313398 0.253246 0.004250 0.007412
0 0.302318 0.226306 0.002732 0.007127
0 0.302166 0.229727 0.004250 0.005987
0 0.297157 0.229727 0.003339 0.005417
0 0.297157 0.233861 0.003946 0.005131
0 0.299889 0.258378 0.003339 0.006842
0 0.287140 0.256525 0.003339 0.007127
0 0.283801 0.267500 0.004553 0.009123
0 0.276364 0.273060 0.005464 0.007127
0 0.269837 0.271064 0.003946 0.006557
0 0.276667 0.254957 0.004857 0.006272
0 0.283497 0.247972 0.003946 0.005987
0 0.276364 0.245264 0.004857 0.005702
0 0.286836 0.225023 0.002732 0.005702
0 0.278944 0.227161 0.002732 0.008838
0 0.274846 0.224596 0.003643 0.005417
0 0.267257 0.219036 0.004250 0.005702
0 0.263310 0.222030 0.007285 0.008267
0 0.254507 0.222030 0.004250 0.004276
0 0.263007 0.254529 0.004250 0.005417
0 0.260882 0.257380 0.003036 0.005417
0 0.221571 0.249113 0.005768 0.006557
0 0.208821 0.244836 0.006375 0.006557
0 0.381390 0.313389 0.004265 0.006833
0 0.380889 0.320221 0.006272 0.007775
0 0.350658 0.333533 0.005018 0.004712
0 0.348526 0.334947 0.004767 0.004712
0 0.349655 0.341897 0.004014 0.006361
0 0.348776 0.347434 0.002760 0.003770
0 0.343383 0.338481 0.004014 0.007539
0 0.337612 0.345549 0.004014 0.005183
0 0.329710 0.344724 0.005268 0.005419
0 0.330337 0.356740 0.004516 0.006833
0 0.325696 0.360981 0.003763 0.004477
0 0.321180 0.359921 0.004265 0.004712
0 0.322936 0.364398 0.002258 0.003298
0 0.325320 0.317041 0.004014 0.006126
0 0.321055 0.314920 0.004516 0.005183
0 0.310643 0.292656 0.006272 0.008717
0 0.304371 0.295365 0.004767 0.005655
0 0.303870 0.301491 0.003763 0.006597
0 0.298476 0.299370 0.005018 0.006126
0 0.292831 0.303847 0.002760 0.007068
0 0.290949 0.304436 0.003011 0.008246
0 0.283925 0.301020 0.006021 0.008011
0 0.278656 0.304200 0.003011 0.005890
0 0.268747 0.311857 0.004265 0.007068
0 0.298601 0.370877 0.004265 0.005419
0 0.311898 0.376885 0.004767 0.006597
0 0.324692 0.368521 0.003261 0.004477
0 0.326574 0.372644 0.003011 0.005183
0 0.320177 0.283585 0.004265 0.009424
0 0.317668 0.283467 0.003763 0.006833
0 0.248928 0.316923 0.003763 0.005890
0 0.242781 0.319397 0.004516 0.004712
0 0.242530 0.297368 0.005018 0.008717
0 0.248050 0.291124 0.005018 0.005655
0 0.230990 0.294305 0.005519 0.006833
0 0.224091 0.286412 0.004265 0.005655
0 0.212801 0.286648 0.002258 0.004241
0 0.211923 0.289946 0.004014 0.004712
0 0.210669 0.305261 0.005519 0.008011
0 0.236008 0.368521 0.003512 0.004005
0 0.237262 0.372997 0.003512 0.004005
0 0.233875 0.379005 0.003763 0.007068
0 0.241025 0.376178 0.003512 0.004712
0 0.243032 0.370641 0.005018 0.005890
0 0.257081 0.372055 0.004516 0.004477
0 0.250057 0.374646 0.003512 0.004948
0 0.252189 0.376178 0.002760 0.004712
0 0.256203 0.382068 0.003261 0.004241
0 0.258963 0.387133 0.003763 0.006833
0 0.267869 0.389843 0.007025 0.005655
0 0.273137 0.384071 0.003512 0.004477
0 0.276148 0.385013 0.003512 0.005419
0 0.270503 0.376413 0.002760 0.004712
0 0.268621 0.374529 0.003011 0.003770
0 0.266740 0.376649 0.003763 0.006126
0 0.283674 0.373822 0.005519 0.004241
0 0.286183 0.376767 0.005018 0.004005
0 0.289068 0.384306 0.002760 0.004948
0 0.286183 0.382421 0.003512 0.004477
0 0.282796 0.381243 0.004265 0.004477
0 0.256203 0.397736 0.003763 0.004948
0 0.222711 0.407396 0.005519 0.004948
0 0.215436 0.403861 0.005519 0.004948
0 0.222711 0.383128 0.004014 0.005419
0 0.212927 0.384071 0.005018 0.004948
0 0.212049 0.390079 0.005770 0.005655
0 0.210544 0.379241 0.005770 0.003770
0 0.210293 0.374882 0.005268 0.004005
0 0.210669 0.369816 0.004516 0.005183
0 0.195759 0.250084 0.003427 0.004828
0 0.192098 0.254034 0.003583 0.004535
0 0.185400 0.266030 0.003894 0.004828
0 0.157538 0.213397 0.003193 0.006640
0 0.159134 0.207400 0.004105 0.004926
0 0.106450 0.217038 0.003193 0.007068
0 0.110327 0.216610 0.002737 0.005355
0 0.113634 0.214789 0.002509 0.003855
0 0.115117 0.219394 0.004561 0.006211
0 0.091968 0.212755 0.004333 0.006211
0 0.093564 0.198190 0.005702 0.006640
0 0.076480 0.316523 0.003588 0.008293
0 0.071374 0.311470 0.004415 0.006479
0 0.056748 0.355917 0.003863 0.007775
0 0.054265 0.357990 0.004415 0.008293
0 0.047917 0.350993 0.005519 0.010367
0 0.038535 0.348660 0.003312 0.006220
0 0.037707 0.352807 0.002760 0.005702
0 0.038535 0.324687 0.004967 0.006479
0 0.030256 0.331166 0.004967 0.008552
0 0.025702 0.326242 0.007451 0.008034
0 0.022391 0.314839 0.006347 0.008552
0 0.295374 0.430238 0.004014 0.006833
0 0.249966 0.442961 0.004516 0.004948
0 0.246203 0.441665 0.002509 0.004712
0 0.247833 0.444021 0.002760 0.004712
0 0.244196 0.448027 0.004516 0.004712
0 0.244948 0.454506 0.005519 0.006833
0 0.237837 0.457888 0.005333 0.008348
0 0.317952 0.221951 0.003339 0.006842
0 0.314764 0.221524 0.004857 0.007127
0 0.652693 0.329074 0.004415 0.004924
0 0.652417 0.334387 0.004415 0.005702
0 0.664560 0.335942 0.004415 0.006220
0 0.672701 0.336460 0.005795 0.007775
0 0.679738 0.331925 0.003863 0.008034
0 0.674081 0.322465 0.004691 0.008293
0 0.685257 0.312746 0.004415 0.006479
0 0.691328 0.327130 0.004415 0.006220
0 0.701263 0.329074 0.004415 0.006997
0 0.683325 0.342809 0.005519 0.006479
0 0.695744 0.345272 0.003312 0.005702
0 0.695054 0.349937 0.005243 0.005183
0 0.692432 0.353694 0.004967 0.004924
0 0.695054 0.359267 0.003036 0.004665
0 0.697952 0.360433 0.004415 0.006997
0 0.704575 0.353565 0.004967 0.006738
0 0.707334 0.351751 0.002760 0.007257
0 0.712026 0.357582 0.004967 0.007516
0 0.717407 0.354731 0.003588 0.005961
0 0.718373 0.361340 0.003863 0.007257
0 0.713544 0.363024 0.003588 0.004406
0 0.705403 0.368078 0.006623 0.006738
0 0.704989 0.380259 0.005243 0.006738
0 0.698090 0.384017 0.005795 0.004406
0 0.731895 0.377927 0.002760 0.006738
0 0.729825 0.360303 0.003036 0.006738
0 0.738242 0.373909 0.004415 0.005442
0 0.735897 0.368078 0.003036 0.007257
0 0.737690 0.366394 0.003312 0.005961
0 0.738518 0.355768 0.003863 0.004924
0 0.745141 0.350973 0.004415 0.005702
0 0.739622 0.360044 0.003312 0.004665
0 0.726238 0.340347 0.005243 0.007775
0 0.772738 0.350844 0.003863 0.005961
0 0.785984 0.346697 0.005519 0.006997
0 0.777291 0.356675 0.003036 0.007257
0 0.716017 0.225604 0.002760 0.004924
0 0.713671 0.224567 0.001932 0.003887
0 0.802807 0.202020 0.003036 0.004924
0 0.811914 0.206814 0.003588 0.005702
0 0.799634 0.202149 0.003312 0.005183
0 0.651708 0.214295 0.006244 0.003794
