0 0.960310 0.633102 0.006465 0.006887
0 0.959813 0.612212 0.007459 0.006428
0 0.949868 0.611983 0.006465 0.008723
0 0.945641 0.624149 0.005967 0.007346
0 0.946387 0.652386 0.005470 0.008723
0 0.934908 0.645533 0.005333 0.005702
0 0.924662 0.624800 0.003368 0.005702
0 0.922557 0.624022 0.003649 0.004665
0 0.935610 0.624411 0.005053 0.005961
0 0.937575 0.628298 0.006175 0.004924
0 0.923680 0.654215 0.004210 0.006479
0 0.971967 0.570347 0.002784 0.004926
0 0.969531 0.569705 0.003480 0.005783
0 0.890396 0.463532 0.003088 0.004406
0 0.887308 0.471178 0.002526 0.006738
0 0.895589 0.528972 0.005614 0.006738
0 0.858256 0.500593 0.004491 0.006997
0 0.855449 0.468845 0.006175 0.005183
0 0.859660 0.525473 0.003930 0.005961
0 0.846046 0.535322 0.003649 0.005442
0 0.859098 0.540894 0.003368 0.005702
0 0.856011 0.546207 0.003368 0.004406
0 0.856151 0.553334 0.003088 0.005183
0 0.861344 0.557480 0.002807 0.005702
0 0.867800 0.560331 0.002807 0.007257
0 0.857835 0.564866 0.002526 0.004924
0 0.860361 0.567069 0.002526 0.006220
0 0.854888 0.568754 0.003930 0.005442
0 0.873712 0.607209 0.004848 0.005419
0 0.860060 0.583767 0.003573 0.004712
0 0.854573 0.605324 0.003317 0.006833
0 0.848832 0.599317 0.004083 0.005655
0 0.846152 0.604029 0.004848 0.004241
0 0.827396 0.592131 0.005104 0.007304
0 0.816934 0.575520 0.005104 0.007068
0 0.779350 0.564081 0.003834 0.004779
0 0.776666 0.564523 0.003451 0.005664
0 0.770818 0.584526 0.004410 0.006373
0 0.760082 0.586561 0.003259 0.004779
0 0.761328 0.592403 0.004601 0.004071
0 0.754618 0.596563 0.003834 0.007081
0 0.744361 0.582048 0.003643 0.005310
0 0.744553 0.577091 0.004793 0.005310
0 0.726819 0.574967 0.004218 0.004602
0 0.728161 0.581251 0.004985 0.003717
0 0.713111 0.571427 0.004026 0.006018
0 0.679579 0.585152 0.004338 0.004712
0 0.670776 0.589040 0.004083 0.007775
0 0.652658 0.586919 0.004083 0.004005
0 0.647554 0.589040 0.005104 0.004005
0 0.649723 0.592691 0.004848 0.005183
0 0.640154 0.593634 0.005104 0.005183
0 0.633812 0.582370 0.004437 0.004974
0 0.627871 0.576957 0.003961 0.004974
0 0.622325 0.578274 0.002694 0.004389
0 0.622167 0.573812 0.003010 0.004242
0 0.615512 0.572202 0.003961 0.004828
0 0.612977 0.577688 0.004278 0.004389
0 0.609332 0.570959 0.004595 0.004681
0 0.603945 0.564010 0.003327 0.005705
0 0.531683 0.484613 0.003643 0.005310
0 0.528328 0.483109 0.003068 0.005841
0 0.501487 0.502757 0.003451 0.005841
0 0.499666 0.493995 0.004410 0.006727
0 0.455570 0.489304 0.004410 0.005841
0 0.437100 0.475163 0.003259 0.006018
0 0.428185 0.476845 0.004218 0.006550
0 0.433074 0.487643 0.003259 0.005841
0 0.439785 0.490121 0.004410 0.007612
0 0.353329 0.533777 0.003451 0.006550
0 0.349303 0.525723 0.005368 0.004248
0 0.355726 0.526520 0.002876 0.005841
0 0.328501 0.527228 0.007094 0.004071
0 0.321791 0.534751 0.007094 0.004602
0 0.310192 0.539176 0.007285 0.006373
0 0.300989 0.531299 0.006135 0.006904
0 0.259546 0.516855 0.008831 0.008153
0 0.203259 0.508448 0.004410 0.006550
0 0.197699 0.508979 0.003643 0.006904
0 0.154082 0.503314 0.004601 0.004425
0 0.148235 0.509952 0.003643 0.006018
0 0.105265 0.503458 0.006175 0.006220
0 0.061476 0.512399 0.005614 0.005961
0 0.049125 0.495942 0.007298 0.008293
0 0.035090 0.501773 0.005053 0.006997
0 0.029476 0.510196 0.004491 0.005702
0 0.028634 0.515120 0.006737 0.004147
0 0.015301 0.520952 0.004772 0.004924
0 0.017827 0.527042 0.004772 0.005183
0 0.031301 0.535594 0.004772 0.005702
0 0.027792 0.539352 0.003930 0.005961
0 0.028353 0.544017 0.004491 0.005442
0 0.018950 0.536631 0.005333 0.006738
0 0.015301 0.538964 0.003088 0.006738
0 0.012073 0.538445 0.003368 0.005702
0 0.009125 0.535206 0.003649 0.006479
0 0.006038 0.530800 0.003649 0.004406
0 0.010950 0.525357 0.003930 0.006997
0 0.004354 0.515768 0.003649 0.005442
0 0.001827 0.512788 0.001965 0.004147
0 0.005055 0.484409 0.004491 0.008034
0 0.666154 0.442444 0.004408 0.004926
0 0.655019 0.440302 0.003480 0.002356
0 0.653163 0.454545 0.003480 0.005997
0 0.655715 0.442979 0.003480 0.002570
0 0.660007 0.438588 0.002784 0.005355
0 0.657223 0.440088 0.003248 0.005783
0 0.192221 0.479190 0.004014 0.005702
0 0.245329 0.462655 0.002779 0.006842
