0 0.135221 0.635657 0.002461 0.004219
0 0.129643 0.636282 0.002461 0.004219
0 0.125213 0.639407 0.002461 0.004219
0 0.125213 0.643431 0.002461 0.003828
0 0.160488 0.629837 0.002461 0.003828
0 0.200439 0.610775 0.002461 0.003828
0 0.189774 0.606947 0.002461 0.003828
0 0.180751 0.603743 0.002461 0.003828
0 0.204376 0.610618 0.002461 0.003828
0 0.207576 0.609056 0.002461 0.003828
0 0.211021 0.605775 0.002461 0.003828
0 0.192399 0.604993 0.002461 0.003828
0 0.214467 0.608665 0.002461 0.003828
0 0.175254 0.616087 0.002461 0.003828
0 0.183786 0.615228 0.002461 0.003828
0 0.172793 0.617025 0.002461 0.003828
0 0.170660 0.618509 0.002461 0.003828
0 0.186247 0.603509 0.002461 0.003828
0 0.221316 0.606114 0.002461 0.003828
0 0.234851 0.601661 0.002461 0.003828
0 0.239035 0.601817 0.002461 0.003828
0 0.245926 0.604629 0.002461 0.003828
0 0.253309 0.604473 0.002461 0.003828
0 0.259708 0.603770 0.002461 0.003828
0 0.267993 0.610098 0.002461 0.003828
0 0.317939 0.611307 0.002461 0.003828
0 0.323927 0.606541 0.002461 0.003828
0 0.326060 0.602401 0.002461 0.003828
0 0.314740 0.610057 0.002461 0.003828
0 0.310392 0.602791 0.002461 0.003828
0 0.335412 0.595291 0.002461 0.003828
0 0.336889 0.591229 0.002461 0.003828
0 0.390047 0.598338 0.002461 0.003828
0 0.376183 0.601619 0.002461 0.003828
0 0.394559 0.605604 0.002461 0.003828
0 0.411212 0.596385 0.002461 0.003828
0 0.370523 0.603260 0.002461 0.003828
0 0.373394 0.602713 0.002461 0.003828
0 0.390622 0.618104 0.002461 0.003828
0 0.393575 0.617713 0.002461 0.003828
0 0.394723 0.619276 0.002461 0.003828
0 0.398907 0.599979 0.002461 0.003828
0 0.406536 0.598416 0.002461 0.003828
0 0.401286 0.599510 0.002461 0.003828
0 0.379383 0.605604 0.002461 0.003828
0 0.559428 0.557226 0.002461 0.003828
0 0.592242 0.589648 0.002461 0.003828
0 0.573456 0.579257 0.002461 0.003828
0 0.577147 0.581445 0.002461 0.003828
0 0.587894 0.596757 0.002461 0.003828
0 0.580347 0.606288 0.002461 0.003828
0 0.566483 0.614413 0.002461 0.003828
0 0.565088 0.606913 0.002461 0.003828
0 0.564268 0.613554 0.002461 0.003828
0 0.562873 0.614960 0.002461 0.003828
0 0.611674 0.604181 0.002461 0.003828
0 0.614956 0.611524 0.002461 0.003828
0 0.620780 0.610821 0.002461 0.003828
0 0.625702 0.612853 0.002461 0.003828
0 0.625374 0.607853 0.002461 0.003828
0 0.652856 0.602149 0.002461 0.003828
0 0.654660 0.607540 0.002461 0.003828
0 0.679353 0.598009 0.002461 0.003828
0 0.666802 0.589649 0.002461 0.003828
0 0.692478 0.589415 0.002461 0.003828
0 0.642847 0.606056 0.002461 0.003828
0 0.665161 0.599884 0.002461 0.003828
0 0.665325 0.616759 0.002461 0.003828
0 0.686818 0.586759 0.002461 0.003828
0 0.701748 0.582774 0.002461 0.003828
0 0.705850 0.586993 0.002461 0.003828
0 0.706178 0.600587 0.002461 0.003828
0 0.708393 0.603165 0.002461 0.003828
0 0.709541 0.582149 0.002461 0.003828
0 0.715694 0.587306 0.002461 0.003828
0 0.718811 0.600118 0.002461 0.003828
0 0.710526 0.609884 0.002461 0.003828
0 0.715366 0.607384 0.002461 0.003828
0 0.720452 0.613946 0.002461 0.003828
0 0.722913 0.615196 0.002461 0.003828
0 0.725620 0.627149 0.002461 0.003828
0 0.726441 0.632462 0.002461 0.003828
0 0.728081 0.625431 0.002461 0.003828
0 0.724308 0.621681 0.002461 0.003828
0 0.725210 0.623946 0.002461 0.003828
0 0.721601 0.618790 0.002461 0.003828
0 0.733331 0.635978 0.002461 0.003828
0 0.691986 0.639571 0.002461 0.003828
0 0.681814 0.626915 0.002461 0.003828
0 0.659582 0.648243 0.002461 0.003828
0 0.724338 0.570019 0.002461 0.003828
0 0.730245 0.565488 0.002461 0.003828
0 0.709982 0.545332 0.002461 0.003828
0 0.764029 0.505401 0.002461 0.003828
0 0.744095 0.516183 0.002461 0.003828
0 0.824571 0.660998 0.002461 0.003828
0 0.840076 0.679123 0.002461 0.003828
0 0.854432 0.695295 0.002461 0.003828
0 0.747459 0.660998 0.002461 0.003828
0 0.741224 0.676701 0.002461 0.003828
0 0.736876 0.639357 0.002461 0.003828
0 0.675022 0.666154 0.002461 0.003828
0 0.528424 0.686994 0.002461 0.003828
0 0.632445 0.900517 0.003276 0.005095
0 0.131027 0.592856 0.002461 0.003828
0 0.180250 0.607424 0.002461 0.003828
0 0.183778 0.605393 0.002461 0.003828
0 0.188290 0.596526 0.004430 0.002344
0 0.180168 0.614963 0.004430 0.002344
0 0.218698 0.615205 0.004430 0.002344
0 0.399977 0.605654 0.004430 0.002344
0 0.383242 0.603154 0.004430 0.003125
0 0.679988 0.653813 0.004430 0.003125
0 0.674491 0.651938 0.004430 0.003125
0 0.690951 0.631532 0.004873 0.003438
0 0.716760 0.589766 0.004873 0.003438
0 0.733999 0.633790 0.004430 0.003125
0 0.747945 0.656759 0.004430 0.003125
0 0.829919 0.671947 0.004430 0.003125
0 0.809001 0.671244 0.004430 0.003125
0 0.808344 0.674681 0.004430 0.003125
0 0.810067 0.666791 0.004430 0.003125
0 0.397422 0.615862 0.005360 0.003781
0 0.407894 0.612222 0.003077 0.004821
0 0.307838 0.605903 0.002543 0.003984
0 0.312268 0.615747 0.003199 0.003984
0 0.265386 0.610903 0.002625 0.003984
0 0.266042 0.607232 0.002625 0.003984
0 0.277855 0.609810 0.002625 0.003984
0 0.270308 0.611060 0.002625 0.003984
0 0.274409 0.609497 0.002625 0.003984
0 0.131385 0.638197 0.003692 0.002266
0 0.388790 0.596795 0.003692 0.002266
0 0.377469 0.607147 0.003692 0.003125
0 0.951413 0.732090 0.005505 0.003438
0 0.848601 0.447909 0.005004 0.003125
0 0.168721 0.615935 0.005004 0.003125
0 0.655196 0.163834 0.004922 0.007656
