0 0.027921 0.681204 0.006991 0.009732
0 0.025358 0.669261 0.005593 0.009732
0 0.028853 0.654663 0.006991 0.010617
0 0.029552 0.641835 0.010253 0.011501
0 0.072662 0.619053 0.006991 0.008405
0 0.074760 0.623919 0.003728 0.006635
0 0.088741 0.615736 0.007457 0.006193
0 0.090838 0.610870 0.006059 0.007078
0 0.117403 0.613082 0.006059 0.008847
0 0.131851 0.599369 0.005127 0.007962
0 0.089906 0.676117 0.006059 0.009289
0 0.108781 0.673905 0.009321 0.007520
0 0.132783 0.675675 0.006991 0.011059
0 0.159581 0.666828 0.004661 0.008405
0 0.167271 0.669482 0.006059 0.011059
0 0.182418 0.669703 0.005593 0.008847
0 0.186379 0.677002 0.004194 0.007520
0 0.198496 0.675896 0.006991 0.008847
0 0.209216 0.690715 0.007923 0.011059
0 0.222032 0.679656 0.005593 0.007520
0 0.239975 0.679656 0.007923 0.008405
0 0.254889 0.674790 0.004194 0.010174
0 0.261647 0.673905 0.003728 0.012828
0 0.269802 0.663731 0.003262 0.007520
0 0.267938 0.657096 0.005127 0.008405
0 0.276327 0.664395 0.003262 0.007078
0 0.278657 0.666828 0.002330 0.006635
0 0.281920 0.670367 0.004194 0.010174
0 0.315243 0.670367 0.009321 0.011059
0 0.338778 0.671030 0.005127 0.010617
0 0.359751 0.669703 0.005127 0.009732
0 0.376062 0.681425 0.004194 0.006635
0 0.377461 0.685628 0.004194 0.005308
0 0.385150 0.710400 0.005593 0.006193
0 0.389578 0.700889 0.006991 0.007520
0 0.380723 0.732517 0.005127 0.007078
0 0.382354 0.738932 0.005593 0.004866
0 0.400763 0.699783 0.005127 0.005308
0 0.404026 0.681425 0.004194 0.011944
0 0.414978 0.662183 0.009321 0.007078
0 0.415444 0.687176 0.003728 0.007520
0 0.414279 0.694917 0.006059 0.007078
0 0.418939 0.701553 0.005127 0.006193
0 0.422668 0.708188 0.004194 0.006193
0 0.418939 0.708630 0.004194 0.005308
0 0.417774 0.711063 0.005593 0.009289
0 0.453194 0.723670 0.006525 0.010617
0 0.463680 0.722786 0.006991 0.009732
0 0.481856 0.724776 0.010719 0.011944
0 0.487682 0.703543 0.005593 0.008405
0 0.542676 0.676781 0.004661 0.007962
0 0.536151 0.672136 0.004661 0.008405
0 0.558522 0.664616 0.006525 0.011059
0 0.587883 0.635863 0.008389 0.011059
0 0.951404 0.742249 0.005593 0.007078
0 0.948608 0.761713 0.003728 0.010617
0 0.944646 0.791351 0.003262 0.007962
0 0.946044 0.806170 0.006059 0.011059
0 0.957696 0.813247 0.006991 0.009289
0 0.953035 0.828287 0.006059 0.013713
0 0.938588 0.824306 0.007923 0.008405
0 0.936490 0.847530 0.006525 0.006193
0 0.931597 0.850626 0.005127 0.009732
0 0.932063 0.859694 0.005127 0.006635
0 0.932063 0.867657 0.006059 0.006635
0 0.930898 0.879158 0.008389 0.011944
0 0.939054 0.874735 0.006991 0.006635
0 0.919946 0.855492 0.005127 0.008847
0 0.911557 0.836913 0.006059 0.008847
0 0.898973 0.820988 0.005127 0.009732
0 0.872641 0.807497 0.006525 0.009289
0 0.865184 0.807718 0.005593 0.009732
0 0.847474 0.805948 0.006525 0.013271
0 0.601568 0.570468 0.004661 0.010858
0 0.595425 0.577505 0.005084 0.012869
