0 0.975964 0.772285 0.007006 0.006451
0 0.969930 0.765265 0.002725 0.005312
0 0.944241 0.750467 0.005060 0.005312
0 0.961173 0.786135 0.003892 0.007589
0 0.973434 0.794672 0.003503 0.007209
0 0.966817 0.795241 0.005060 0.006071
0 0.966817 0.801312 0.003503 0.004553
0 0.976937 0.815731 0.003503 0.004553
0 0.972655 0.815731 0.003503 0.006071
0 0.977715 0.826166 0.004282 0.005692
0 0.983943 0.831478 0.002725 0.004933
0 0.981218 0.842103 0.004282 0.008727
0 0.972460 0.824269 0.003114 0.004933
0 0.942490 0.824838 0.005449 0.003036
0 0.940933 0.784427 0.003114 0.005692
0 0.939765 0.779115 0.004671 0.006451
0 0.939181 0.774941 0.003503 0.006451
0 0.939960 0.770957 0.003503 0.006071
0 0.940738 0.767542 0.008174 0.002277
0 0.972681 0.750107 0.001758 0.003641
0 0.971583 0.749679 0.001758 0.004070
0 0.906826 0.685313 0.004358 0.004828
0 0.903557 0.682706 0.002971 0.003862
0 0.906033 0.693231 0.003566 0.004828
0 0.903161 0.689465 0.004160 0.002703
0 0.903161 0.687051 0.002575 0.004055
0 0.894049 0.681934 0.003367 0.004248
0 0.902468 0.693231 0.001981 0.004055
0 0.865723 0.678072 0.004160 0.003862
0 0.866713 0.671603 0.002971 0.004441
0 0.863346 0.672086 0.003367 0.005021
0 0.858493 0.679906 0.004358 0.003669
0 0.857502 0.681934 0.003566 0.004635
0 0.855323 0.680679 0.003169 0.004441
0 0.805608 0.662498 0.004184 0.006882
0 0.759850 0.654978 0.004707 0.004588
0 0.754228 0.656125 0.003922 0.004843
0 0.758412 0.695762 0.002353 0.004588
0 0.728211 0.668361 0.003661 0.006373
0 0.724158 0.667851 0.004445 0.005353
0 0.709875 0.667207 0.003480 0.005552
0 0.704655 0.667052 0.003797 0.004626
0 0.682824 0.667515 0.003797 0.004935
0 0.663152 0.570757 0.003661 0.005098
0 0.670735 0.616129 0.004707 0.003569
0 0.666826 0.644283 0.004314 0.006449
0 0.661073 0.648209 0.003164 0.003645
0 0.665100 0.661808 0.003739 0.006169
0 0.611797 0.679698 0.004516 0.005561
0 0.608350 0.676454 0.004279 0.004635
0 0.599555 0.665099 0.004754 0.005098
0 0.594207 0.672283 0.003566 0.005098
0 0.601457 0.680509 0.003328 0.005330
0 0.603477 0.687809 0.003090 0.004635
0 0.596346 0.693022 0.003566 0.004403
0 0.593612 0.699858 0.005230 0.005098
0 0.588145 0.715616 0.004754 0.004635
0 0.588264 0.694529 0.002615 0.004171
0 0.587789 0.691169 0.002139 0.003476
0 0.587432 0.685260 0.003328 0.004635
0 0.576260 0.688851 0.004279 0.004866
0 0.573883 0.699743 0.003803 0.005793
0 0.595768 0.506896 0.002809 0.004845
0 0.593931 0.507422 0.003025 0.004635
0 0.606681 0.536494 0.003458 0.004213
0 0.592419 0.496257 0.004754 0.003792
0 0.592202 0.488463 0.003458 0.004213
0 0.586692 0.484776 0.004538 0.002317
0 0.591338 0.491939 0.003025 0.003160
0 0.601062 0.472137 0.002593 0.006109
0 0.597929 0.473611 0.004106 0.005688
0 0.597389 0.469293 0.003458 0.004635
0 0.595012 0.462762 0.002593 0.004635
0 0.593175 0.462236 0.001945 0.004003
0 0.592202 0.462236 0.003025 0.004845
0 0.589069 0.464342 0.003674 0.004424
0 0.589393 0.467713 0.002593 0.003581
0 0.577508 0.468661 0.004754 0.002949
0 0.574699 0.463184 0.003025 0.004213
0 0.574699 0.466554 0.002593 0.001685
0 0.560437 0.462025 0.003025 0.004003
0 0.557627 0.459602 0.003890 0.004213
0 0.545742 0.458338 0.003025 0.005477
0 0.540772 0.447384 0.003890 0.004635
0 0.536882 0.447279 0.002593 0.003581
0 0.537963 0.450123 0.003458 0.003792
0 0.546282 0.473611 0.002377 0.004424
0 0.546498 0.469293 0.002809 0.004213
0 0.540988 0.468766 0.003890 0.005267
0 0.537638 0.460656 0.002377 0.005056
0 0.537098 0.457706 0.003025 0.004213
0 0.535694 0.457812 0.003241 0.004424
0 0.529751 0.450123 0.002593 0.005899
0 0.528454 0.446331 0.003458 0.005477
0 0.535369 0.440853 0.001729 0.005056
0 0.533749 0.438747 0.002377 0.004635
0 0.531696 0.435798 0.003458 0.005056
0 0.520243 0.443697 0.003458 0.004845
0 0.530183 0.459918 0.003458 0.004845
0 0.526104 0.460314 0.002111 0.003482
0 0.532436 0.473055 0.001786 0.003007
0 0.535439 0.481602 0.004546 0.002691
0 0.534790 0.482472 0.002922 0.003165
0 0.531624 0.478674 0.002111 0.004115
0 0.522289 0.462609 0.002598 0.005223
0 0.523669 0.461817 0.002111 0.005856
0 0.328374 0.611364 0.004027 0.006449
0 0.324778 0.606738 0.005465 0.005608
0 0.252441 0.519536 0.005177 0.008412
0 0.288825 0.555286 0.004314 0.006449
0 0.286668 0.552903 0.003451 0.006169
0 0.250083 0.770477 0.005916 0.006785
0 0.231638 0.727559 0.005916 0.005768
0 0.197009 0.734175 0.008353 0.008143
0 0.154899 0.711783 0.005568 0.005428
0 0.122184 0.721961 0.006960 0.008821
0 0.157857 0.704489 0.005916 0.005089
0 0.159075 0.701096 0.005568 0.003053
0 0.218761 0.690918 0.004524 0.007125
0 0.211278 0.685829 0.003480 0.005768
0 0.205536 0.680400 0.005220 0.005089
0 0.198749 0.667338 0.004872 0.005428
0 0.205014 0.646304 0.007657 0.006107
0 0.085179 0.674161 0.002615 0.004588
0 0.057724 0.728072 0.005230 0.005863
0 0.046088 0.738650 0.007583 0.008157
0 0.015496 0.733552 0.006537 0.008157
0 0.008305 0.724249 0.004707 0.006882
0 0.182259 0.593225 0.005379 0.007711
0 0.168180 0.591375 0.005062 0.010178
0 0.158689 0.573023 0.006960 0.006785
0 0.217784 0.494686 0.005379 0.006477
0 0.243569 0.482195 0.004429 0.007402
0 0.236767 0.477414 0.003480 0.006477
0 0.262236 0.460913 0.003797 0.006785
