0 0.021591 0.466648 0.002172 0.002325
0 0.019209 0.471763 0.001891 0.002821
0 0.022730 0.469051 0.002767 0.001798
0 0.071535 0.470659 0.002184 0.003141
0 0.074436 0.467880 0.001979 0.003020
0 0.065904 0.462353 0.001979 0.003443
0 0.049079 0.459725 0.002457 0.003383
0 0.089794 0.473770 0.002525 0.002960
0 0.096585 0.470417 0.001775 0.002779
0 0.119841 0.377639 0.001950 0.003376
0 0.119375 0.385234 0.000848 0.002250
0 0.118612 0.383096 0.000848 0.002250
0 0.122104 0.365573 0.001706 0.003020
0 0.151250 0.343706 0.001706 0.003020
0 0.195685 0.333738 0.001706 0.003020
0 0.307420 0.371012 0.001877 0.002658
0 0.309072 0.381577 0.001877 0.002658
0 0.280316 0.376461 0.001877 0.002658
0 0.322662 0.384567 0.001877 0.002658
0 0.319659 0.363902 0.001877 0.002658
0 0.398826 0.334432 0.003023 0.004281
0 0.406081 0.329081 0.003023 0.004281
0 0.349425 0.343334 0.001706 0.002416
0 0.414541 0.321830 0.001706 0.002416
0 0.346582 0.386500 0.001652 0.002924
0 0.363926 0.393078 0.001652 0.002924
0 0.364504 0.397244 0.001652 0.002924
0 0.374002 0.401411 0.001652 0.002924
0 0.358268 0.393224 0.002560 0.002997
0 0.373754 0.416395 0.001652 0.002924
0 0.392750 0.426920 0.001652 0.002924
0 0.497298 0.449811 0.003298 0.003600
0 0.471989 0.445469 0.002853 0.003256
0 0.433847 0.438658 0.002553 0.002924
0 0.411736 0.442944 0.002328 0.002990
0 0.383843 0.445568 0.001952 0.003588
0 0.346844 0.450082 0.002394 0.003178
0 0.336685 0.458650 0.002144 0.003245
0 0.340458 0.477526 0.002065 0.003070
0 0.355282 0.485054 0.001817 0.003655
0 0.370644 0.484725 0.002808 0.002997
0 0.380762 0.483556 0.001900 0.003728
0 0.351277 0.491596 0.001900 0.003435
0 0.334924 0.491742 0.002891 0.003143
0 0.342605 0.495141 0.002560 0.003508
0 0.321503 0.497370 0.001982 0.003728
0 0.322123 0.506068 0.002230 0.003582
0 0.348882 0.509540 0.002560 0.003508
0 0.352598 0.499709 0.002065 0.003582
0 0.367010 0.501390 0.004625 0.002412
0 0.330299 0.507092 0.003551 0.001973
0 0.353837 0.513816 0.002725 0.003289
0 0.369777 0.516082 0.003056 0.002704
0 0.391127 0.509869 0.002808 0.003143
0 0.404093 0.512720 0.002478 0.003728
0 0.394182 0.524743 0.003799 0.002193
0 0.393976 0.519627 0.002230 0.003216
0 0.395512 0.519479 0.001241 0.002197
0 0.413196 0.522939 0.001241 0.002746
0 0.423125 0.524366 0.001241 0.002746
0 0.427468 0.529803 0.001241 0.002746
0 0.435162 0.529144 0.001241 0.002746
0 0.440282 0.520962 0.001924 0.002911
0 0.425234 0.518024 0.003475 0.001647
0 0.426506 0.519342 0.003289 0.001867
0 0.427313 0.523955 0.003165 0.002087
0 0.399762 0.541280 0.001799 0.003350
0 0.362749 0.537931 0.003971 0.001702
0 0.359429 0.531423 0.002420 0.003185
0 0.347608 0.523268 0.001986 0.003240
0 0.341248 0.530490 0.002048 0.003295
0 0.343420 0.533345 0.003661 0.002965
0 0.334236 0.537958 0.002048 0.003624
0 0.339790 0.541775 0.001241 0.002746
0 0.341217 0.541445 0.001241 0.002746
0 0.350370 0.536832 0.002172 0.001702
0 0.353627 0.532604 0.001241 0.001647
0 0.354124 0.531341 0.001241 0.001647
0 0.354620 0.529968 0.001241 0.001647
0 0.354434 0.528430 0.001241 0.001647
0 0.354806 0.526838 0.001241 0.001647
0 0.353875 0.525794 0.001241 0.001647
0 0.355303 0.524916 0.001241 0.001647
0 0.352293 0.531203 0.002048 0.002856
0 0.322229 0.540127 0.001241 0.002746
0 0.327007 0.540127 0.001241 0.002746
0 0.316893 0.536448 0.001241 0.002746
0 0.302993 0.536942 0.001241 0.002746
0 0.297347 0.535954 0.001241 0.002746
0 0.289777 0.533977 0.001241 0.002746
0 0.308020 0.536201 0.003971 0.001757
0 0.287915 0.540896 0.001241 0.002746
0 0.281679 0.539139 0.003785 0.001702
0 0.287139 0.535761 0.002792 0.003295
0 0.263808 0.533977 0.002544 0.003569
0 0.260830 0.533318 0.002048 0.003240
0 0.257448 0.530270 0.002358 0.003624
0 0.263839 0.517365 0.001986 0.003295
0 0.236382 0.509787 0.001924 0.003295
0 0.236909 0.493696 0.002110 0.003844
0 0.230952 0.490621 0.001986 0.003515
0 0.211127 0.499765 0.002172 0.003130
0 0.198003 0.494273 0.001986 0.003350
0 0.205728 0.515470 0.002792 0.003460
0 0.208055 0.517282 0.002110 0.003350
0 0.206380 0.520660 0.002358 0.003185
0 0.207311 0.524943 0.001862 0.003624
0 0.217456 0.525465 0.003661 0.002361
0 0.225088 0.520275 0.003413 0.003734
0 0.198965 0.524531 0.003165 0.002581
0 0.197786 0.525218 0.002916 0.002306
0 0.230642 0.523570 0.002730 0.003624
0 0.298867 0.495948 0.002296 0.003624
0 0.301752 0.506794 0.003847 0.002691
0 0.302559 0.494959 0.004095 0.002087
0 0.181831 0.482201 0.002453 0.003457
0 0.194232 0.480111 0.002725 0.003136
0 0.175199 0.475206 0.002816 0.003779
0 0.208869 0.404100 0.002498 0.003626
0 0.219312 0.413917 0.003598 0.002742
0 0.236751 0.431472 0.002898 0.003715
0 0.256637 0.423380 0.003098 0.002742
0 0.266381 0.414315 0.002598 0.003715
0 0.411484 0.481968 0.002808 0.003289
0 0.432833 0.469944 0.003386 0.003508
0 0.437995 0.464645 0.002808 0.003289
0 0.424739 0.485988 0.002065 0.003435
0 0.454554 0.501410 0.004212 0.002704
0 0.471940 0.485878 0.002478 0.003801
0 0.491389 0.497061 0.001900 0.003655
0 0.493785 0.493882 0.002725 0.003728
0 0.468595 0.498231 0.003056 0.003070
0 0.464680 0.512372 0.002594 0.003624
0 0.497580 0.517265 0.004095 0.002537
0 0.507033 0.516328 0.001979 0.003806
0 0.475192 0.502042 0.002730 0.003262
0 0.476352 0.504610 0.001365 0.003020
0 0.478605 0.507509 0.001365 0.003020
0 0.479833 0.506845 0.001365 0.003020
0 0.480175 0.504610 0.001365 0.003020
0 0.470414 0.507872 0.001365 0.003020
0 0.474851 0.510771 0.001365 0.003020
0 0.475601 0.508294 0.001365 0.003020
0 0.474441 0.507026 0.001365 0.003020
0 0.478059 0.505425 0.004368 0.001691
0 0.516180 0.496696 0.002525 0.003564
0 0.519832 0.516963 0.002457 0.003504
0 0.557782 0.495398 0.002048 0.004108
0 0.524644 0.502918 0.001979 0.003564
0 0.495202 0.469790 0.003077 0.002178
0 0.502843 0.473398 0.003795 0.003222
0 0.534228 0.548985 0.002564 0.002995
0 0.518843 0.540748 0.002462 0.002950
0 0.547946 0.542246 0.001795 0.003313
0 0.553100 0.537185 0.002154 0.002995
0 0.553715 0.545922 0.002872 0.003041
0 0.532843 0.533555 0.002359 0.002905
0 0.534100 0.535007 0.002103 0.002995
0 0.536074 0.533646 0.003897 0.001725
0 0.470639 0.536912 0.001865 0.004238
0 0.460764 0.538712 0.002289 0.003413
0 0.454894 0.547207 0.004365 0.001875
0 0.328550 0.559825 0.003179 0.003767
0 0.218348 0.584037 0.004219 0.003899
0 0.975862 0.712913 0.003408 0.004281
0 0.955360 0.716318 0.003298 0.003697
0 0.946126 0.713302 0.002638 0.003697
0 0.940080 0.709800 0.003078 0.004086
0 0.940630 0.715102 0.003078 0.003600
0 0.936233 0.727457 0.002638 0.003794
0 0.893196 0.738207 0.004287 0.002335
0 0.892702 0.733586 0.002199 0.002919
0 0.894461 0.734754 0.002199 0.002919
0 0.893251 0.724733 0.002199 0.002919
0 0.895450 0.715588 0.002199 0.002919
0 0.871706 0.706152 0.002199 0.002919
0 0.870716 0.709654 0.002199 0.002919
0 0.884677 0.704595 0.002199 0.002919
0 0.861372 0.696715 0.002199 0.002919
0 0.857525 0.694769 0.002199 0.002919
0 0.854447 0.690489 0.002199 0.002919
0 0.855107 0.687473 0.002199 0.002919
0 0.867638 0.707903 0.002199 0.002919
0 0.865330 0.708487 0.002199 0.002919
0 0.845323 0.674242 0.002199 0.002919
0 0.836749 0.669086 0.002199 0.002919
0 0.829164 0.662081 0.002199 0.002919
0 0.843454 0.677647 0.002199 0.002919
0 0.841244 0.678844 0.003078 0.002126
0 0.813201 0.657017 0.001502 0.001993
0 0.815941 0.659542 0.001877 0.002857
0 0.802990 0.648212 0.002102 0.003189
0 0.815566 0.653096 0.003679 0.002326
0 0.801000 0.653428 0.001877 0.003522
0 0.803478 0.653163 0.003529 0.002990
0 0.797509 0.643063 0.002252 0.002857
0 0.795857 0.642897 0.001502 0.002857
0 0.796232 0.644691 0.001502 0.002857
0 0.769691 0.641235 0.003229 0.002791
0 0.737180 0.638544 0.002027 0.003787
0 0.737969 0.642398 0.001952 0.003920
0 0.716533 0.633461 0.002177 0.003189
0 0.706622 0.625321 0.002177 0.003787
0 0.695960 0.628909 0.003679 0.002060
0 0.662849 0.625521 0.002027 0.003787
0 0.668293 0.645056 0.002102 0.003522
0 0.637885 0.615620 0.002252 0.004319
0 0.622155 0.610072 0.003829 0.001993
0 0.612882 0.604723 0.002102 0.003389
0 0.602634 0.606982 0.002778 0.004053
0 0.987231 0.631573 0.002928 0.003256
0 0.898234 0.703156 0.003904 0.002924
0 0.602219 0.636795 0.003023 0.003745
0 0.583020 0.619085 0.003304 0.003070
0 0.583086 0.607228 0.001996 0.002790
0 0.580915 0.608871 0.002207 0.002852
0 0.583349 0.609987 0.002242 0.002480
0 0.583314 0.611878 0.000701 0.002015
0 0.574448 0.592515 0.001846 0.003495
0 0.569320 0.588930 0.002256 0.003676
0 0.556320 0.588748 0.002103 0.003222
0 0.571140 0.591267 0.001385 0.002496
0 0.553634 0.581321 0.001780 0.003001
0 0.568425 0.580927 0.002204 0.002813
0 0.560924 0.575170 0.002458 0.002776
0 0.539372 0.569356 0.003772 0.002100
0 0.500735 0.592344 0.001843 0.003443
0 0.511534 0.521722 0.002482 0.003395
0 0.563121 0.560911 0.002087 0.002896
0 0.560244 0.555719 0.001862 0.003295
0 0.563318 0.554022 0.002821 0.002496
0 0.570285 0.547757 0.003441 0.001647
0 0.559454 0.525641 0.002764 0.002646
0 0.567239 0.512137 0.001523 0.002746
0 0.564644 0.520274 0.001523 0.002746
0 0.565434 0.522321 0.001523 0.002746
0 0.584613 0.498857 0.001523 0.002746
0 0.595218 0.497010 0.001523 0.002746
0 0.568141 0.489072 0.001523 0.002746
0 0.567408 0.503650 0.001523 0.002746
0 0.566731 0.506346 0.001523 0.002746
0 0.565659 0.504498 0.001523 0.002746
0 0.585403 0.508342 0.001523 0.002746
0 0.602552 0.506445 0.001523 0.002746
0 0.604131 0.506246 0.001523 0.002746
0 0.605598 0.505647 0.001523 0.002746
0 0.585685 0.517029 0.001523 0.002746
0 0.585065 0.519575 0.001523 0.002746
0 0.584218 0.523369 0.001523 0.002746
0 0.603567 0.525216 0.001523 0.002746
0 0.598603 0.529660 0.001523 0.002746
0 0.599788 0.530159 0.001523 0.002746
0 0.571470 0.532455 0.001523 0.002746
0 0.602044 0.536948 0.001523 0.002746
0 0.585347 0.534552 0.001523 0.002746
0 0.577788 0.510065 0.004118 0.002047
0 0.575531 0.514009 0.003667 0.002646
0 0.583682 0.510215 0.002369 0.002846
0 0.570934 0.499631 0.003046 0.002346
0 0.617105 0.508342 0.003779 0.002197
0 0.577985 0.560587 0.002482 0.002746
0 0.578549 0.544711 0.002144 0.002846
0 0.583908 0.553647 0.002031 0.003045
0 0.585318 0.544487 0.001918 0.003195
0 0.597334 0.550377 0.003497 0.002596
0 0.602862 0.544062 0.002821 0.003045
0 0.602411 0.545810 0.003046 0.002546
0 0.585403 0.541416 0.002426 0.002446
0 0.589752 0.568632 0.002256 0.003195
0 0.603657 0.568482 0.002426 0.002896
0 0.603375 0.570604 0.002538 0.002846
0 0.603686 0.602723 0.000946 0.001705
0 0.602916 0.602382 0.000946 0.001705
