0 0.014953 0.164431 0.002081 0.003231
0 0.015278 0.146660 0.003252 0.002485
0 0.021196 0.152066 0.002341 0.002858
0 0.026985 0.147778 0.004293 0.002485
0 0.028741 0.155359 0.002862 0.003231
0 0.039863 0.152190 0.002732 0.003107
0 0.045326 0.151507 0.002732 0.002237
0 0.060493 0.159609 0.002443 0.002988
0 0.062790 0.166238 0.002150 0.003174
0 0.082238 0.160963 0.002346 0.002521
0 0.089128 0.165398 0.002834 0.002428
0 0.087858 0.172307 0.002443 0.002988
0 0.095823 0.175248 0.002150 0.002521
0 0.099048 0.181550 0.002541 0.002428
0 0.101784 0.182484 0.002541 0.002988
0 0.106182 0.181410 0.002541 0.002894
0 0.111557 0.184258 0.002736 0.002988
0 0.119229 0.187106 0.002248 0.002708
0 0.142049 0.182344 0.003127 0.003081
0 0.146495 0.186826 0.002834 0.003268
0 0.144932 0.191821 0.002639 0.002801
0 0.148157 0.192474 0.002834 0.002614
0 0.145518 0.202931 0.002443 0.002988
0 0.140778 0.203538 0.002541 0.002894
0 0.136625 0.211755 0.002834 0.002708
0 0.132667 0.211801 0.003127 0.002614
0 0.131738 0.218430 0.002834 0.003174
0 0.135113 0.073999 0.003863 0.002461
0 0.130749 0.089719 0.003148 0.002187
0 0.126456 0.090745 0.003148 0.002050
0 0.167365 0.122208 0.002346 0.002988
0 0.175721 0.117073 0.002248 0.002988
0 0.178604 0.116232 0.001955 0.002054
0 0.186423 0.117026 0.002150 0.003268
0 0.191407 0.119874 0.002150 0.002801
0 0.198150 0.115532 0.002541 0.002708
0 0.208119 0.109417 0.002346 0.002428
0 0.214324 0.108810 0.002248 0.003455
0 0.215497 0.102881 0.002052 0.003921
0 0.223853 0.095598 0.002932 0.002801
0 0.231826 0.088609 0.003137 0.002104
0 0.233762 0.088673 0.002336 0.002487
0 0.371403 0.193962 0.002262 0.003164
0 0.370636 0.190682 0.002827 0.002161
0 0.372009 0.184201 0.002504 0.002778
0 0.376249 0.179841 0.002262 0.003472
0 0.382630 0.176639 0.002423 0.003087
0 0.387396 0.173514 0.002423 0.003472
0 0.378349 0.186207 0.002423 0.002778
0 0.405891 0.177179 0.002423 0.003395
0 0.414857 0.177565 0.002585 0.002624
0 0.415826 0.184278 0.002585 0.003241
0 0.424105 0.178876 0.002342 0.003395
0 0.438118 0.183661 0.002585 0.003549
0 0.441995 0.183082 0.002908 0.002238
0 0.459966 0.176176 0.002665 0.003549
0 0.468689 0.184625 0.002665 0.001775
0 0.476362 0.187827 0.002504 0.003087
0 0.499987 0.196933 0.002908 0.002624
0 0.503217 0.200173 0.002423 0.003241
0 0.508508 0.198051 0.003796 0.002546
0 0.430755 0.224115 0.002423 0.003297
0 0.437070 0.218678 0.002570 0.003227
0 0.435565 0.226640 0.002496 0.003157
0 0.427047 0.232533 0.002056 0.002876
0 0.427194 0.235303 0.002496 0.002666
0 0.446909 0.228709 0.002864 0.002806
0 0.448855 0.227833 0.001762 0.002455
0 0.451902 0.231621 0.003010 0.002175
0 0.457849 0.225763 0.003304 0.002525
0 0.462145 0.220502 0.002496 0.002946
0 0.468239 0.224711 0.002790 0.003367
0 0.488762 0.240600 0.002423 0.003437
0 0.492213 0.239126 0.002864 0.003157
0 0.507522 0.248982 0.002937 0.002245
0 0.513653 0.248667 0.002717 0.002455
0 0.525144 0.249543 0.002350 0.002666
0 0.529623 0.250701 0.002350 0.003016
0 0.539169 0.253717 0.002496 0.002736
0 0.551871 0.256488 0.002056 0.003227
0 0.556717 0.252349 0.002790 0.003227
0 0.569452 0.255438 0.002280 0.002574
0 0.576415 0.250013 0.002528 0.002970
0 0.585119 0.254824 0.002362 0.003247
0 0.591212 0.253240 0.002528 0.003089
0 0.588953 0.246727 0.003067 0.002574
0 0.594321 0.245044 0.002528 0.002851
0 0.614526 0.246073 0.002404 0.002376
0 0.613656 0.249063 0.002072 0.002495
0 0.624245 0.242787 0.003689 0.003564
0 0.646946 0.247677 0.003231 0.003395
0 0.650702 0.246674 0.002342 0.002315
0 0.660111 0.248526 0.002746 0.002932
0 0.666169 0.247484 0.002423 0.002546
0 0.673926 0.259801 0.002367 0.002551
0 0.673744 0.262236 0.002609 0.001855
0 0.679539 0.258062 0.002306 0.003015
0 0.681420 0.245192 0.004005 0.003362
0 0.684697 0.248728 0.002306 0.002783
0 0.685850 0.249888 0.001942 0.002551
0 0.681116 0.235510 0.002913 0.002203
0 0.685395 0.233858 0.002488 0.002841
0 0.692919 0.236901 0.003338 0.002435
0 0.680934 0.263076 0.002791 0.002261
0 0.679235 0.265077 0.002427 0.002899
0 0.702355 0.254815 0.002427 0.002087
0 0.712277 0.254844 0.002245 0.002725
0 0.721926 0.239667 0.002959 0.002300
0 0.724208 0.242733 0.002307 0.002971
0 0.726439 0.246878 0.002558 0.002444
0 0.731329 0.247189 0.002307 0.002396
0 0.731780 0.249848 0.002608 0.002444
0 0.726414 0.255238 0.002708 0.002300
0 0.882573 0.230542 0.002483 0.003389
0 0.881035 0.240879 0.002483 0.003502
0 0.883046 0.248504 0.002956 0.003615
0 0.889372 0.247262 0.002602 0.002937
0 0.892033 0.250933 0.002720 0.003728
0 0.908352 0.239749 0.003193 0.003954
0 0.914445 0.244516 0.002504 0.003009
0 0.919210 0.240928 0.002342 0.002932
0 0.938756 0.247487 0.002504 0.002624
0 0.945218 0.241160 0.002827 0.002778
0 0.944854 0.235025 0.003231 0.003781
0 0.940695 0.233559 0.002019 0.002701
0 0.949418 0.246291 0.002665 0.003164
0 0.908710 0.266739 0.002504 0.002701
0 0.906247 0.267588 0.002585 0.002855
0 0.972194 0.277002 0.002342 0.003009
0 0.978979 0.257480 0.003312 0.002083
0 0.986167 0.253159 0.002827 0.003164
0 0.985279 0.261839 0.002827 0.002778
0 0.981602 0.288604 0.002399 0.002546
0 0.925008 0.296328 0.003110 0.003565
0 0.931509 0.218862 0.002843 0.002716
0 0.928399 0.204729 0.002132 0.002631
0 0.928310 0.198066 0.002665 0.002716
0 0.916726 0.159026 0.002367 0.002319
0 0.912569 0.155229 0.002427 0.002957
0 0.892119 0.150562 0.003520 0.002899
0 0.884261 0.148272 0.002973 0.002841
0 0.876797 0.149982 0.003338 0.002319
0 0.954640 0.105042 0.003118 0.002568
