0 0.217249 0.594477 0.002358 0.003906
0 0.207894 0.600570 0.002358 0.003906
0 0.279727 0.621267 0.002358 0.003906
0 0.280513 0.625486 0.002358 0.003906
0 0.313611 0.613298 0.002358 0.003906
0 0.305435 0.619314 0.002358 0.003906
0 0.300954 0.613611 0.002987 0.003906
0 0.335309 0.616345 0.002987 0.003906
0 0.361213 0.633845 0.001808 0.003906
0 0.370726 0.635330 0.001808 0.003906
0 0.384798 0.633181 0.001808 0.003203
0 0.383147 0.631306 0.001808 0.003203
0 0.391009 0.642322 0.001808 0.003203
0 0.377880 0.634353 0.001808 0.003203
0 0.378194 0.638650 0.001808 0.003203
0 0.377015 0.636775 0.001808 0.003203
0 0.372219 0.640212 0.001808 0.003203
0 0.374342 0.636931 0.001808 0.003203
0 0.383147 0.644666 0.001808 0.003203
0 0.339908 0.629431 0.001808 0.003203
0 0.340301 0.632009 0.001808 0.003203
0 0.405317 0.642478 0.001808 0.003203
0 0.414672 0.638962 0.001808 0.003203
0 0.415144 0.642478 0.001808 0.003203
0 0.396826 0.641072 0.001808 0.003203
0 0.395490 0.642634 0.001808 0.003203
0 0.447927 0.668884 0.001808 0.003203
0 0.442502 0.667087 0.001808 0.003203
0 0.444939 0.667791 0.001808 0.003203
0 0.436763 0.666931 0.001808 0.003203
0 0.439358 0.666306 0.001808 0.003203
0 0.438021 0.667791 0.001808 0.003203
0 0.425521 0.666072 0.001808 0.003203
0 0.462707 0.672556 0.001808 0.003203
0 0.461763 0.668962 0.001808 0.003203
0 0.448163 0.664587 0.001808 0.003203
0 0.449814 0.662009 0.003852 0.002109
0 0.450443 0.663806 0.003852 0.002109
0 0.488021 0.664041 0.001965 0.003828
0 0.487864 0.667556 0.001965 0.003203
0 0.480081 0.670134 0.001965 0.003203
0 0.479373 0.664275 0.001965 0.003203
0 0.476858 0.663650 0.001965 0.003203
0 0.475128 0.663494 0.001965 0.003203
0 0.466323 0.666072 0.001965 0.003203
0 0.518288 0.679900 0.001965 0.003203
0 0.533855 0.672166 0.001965 0.003203
0 0.550207 0.668728 0.001965 0.003203
0 0.549185 0.664041 0.001965 0.003203
0 0.541795 0.666072 0.001965 0.003203
0 0.515616 0.675837 0.001965 0.003203
0 0.513807 0.671931 0.001965 0.003203
0 0.523556 0.673181 0.001965 0.003203
0 0.522534 0.671462 0.001965 0.003203
0 0.518210 0.673337 0.001965 0.003203
0 0.519546 0.672009 0.001965 0.003203
0 0.506024 0.666306 0.001965 0.003203
0 0.505081 0.667556 0.001965 0.003203
0 0.509090 0.672478 0.003381 0.002109
0 0.509877 0.670837 0.003381 0.002109
0 0.577172 0.678494 0.003381 0.002109
0 0.594468 0.690056 0.003381 0.002109
0 0.607439 0.697478 0.003381 0.002109
0 0.559326 0.663259 0.003381 0.002109
0 0.567424 0.667791 0.003381 0.002109
0 0.579766 0.678494 0.001965 0.003672
0 0.597848 0.690212 0.001965 0.003672
0 0.571748 0.673337 0.001965 0.003672
0 0.566638 0.669666 0.001965 0.003672
0 0.928769 0.671277 0.001965 0.003672
0 0.924053 0.674793 0.001965 0.003672
0 0.825886 0.632756 0.003616 0.003672
0 0.819204 0.635178 0.003616 0.003672
0 0.584627 0.671769 0.003223 0.003047
0 0.580932 0.675284 0.003223 0.003047
0 0.607033 0.691222 0.003223 0.003047
0 0.588165 0.682784 0.003223 0.003047
0 0.611357 0.705050 0.003223 0.003047
0 0.608369 0.706378 0.003223 0.003047
0 0.605775 0.708097 0.003223 0.003047
0 0.607819 0.703097 0.003223 0.003047
0 0.605775 0.705050 0.003223 0.003047
0 0.602866 0.689191 0.003223 0.003047
0 0.491078 0.670629 0.003223 0.003047
0 0.426220 0.669301 0.003223 0.003047
0 0.447929 0.635846 0.003223 0.003047
0 0.199520 0.611090 0.003223 0.003047
0 0.607913 0.627118 0.003223 0.003047
