0 0.094253 0.311822 0.003693 0.003087
0 0.062817 0.321853 0.003078 0.002315
0 0.168643 0.305340 0.003341 0.002932
0 0.371667 0.369984 0.002418 0.003225
0 0.432410 0.337305 0.002418 0.002886
0 0.418966 0.327417 0.002225 0.003141
0 0.407649 0.320287 0.002612 0.002631
0 0.460025 0.328902 0.002708 0.003056
0 0.478935 0.348212 0.002418 0.003141
0 0.525992 0.333698 0.002515 0.003141
0 0.536535 0.305051 0.002902 0.002886
0 0.558221 0.322350 0.001962 0.003189
0 0.572755 0.318619 0.002980 0.002615
0 0.573700 0.322286 0.002543 0.002806
0 0.581040 0.307619 0.002253 0.002678
0 0.583474 0.301593 0.002471 0.003125
0 0.613589 0.322780 0.002346 0.002613
0 0.685580 0.329119 0.001759 0.002525
0 0.706604 0.308987 0.002238 0.002806
0 0.728707 0.323157 0.002478 0.002525
0 0.667741 0.317665 0.002402 0.003215
0 0.666210 0.313238 0.002462 0.003004
0 0.619989 0.289953 0.002478 0.003087
0 0.614369 0.279397 0.002342 0.003162
0 0.586712 0.275076 0.002402 0.002635
0 0.587343 0.280689 0.002102 0.002055
0 0.589144 0.280794 0.002583 0.001845
0 0.693033 0.321831 0.002444 0.002087
