0 0.934901 0.716822 0.004344 0.005647
0 0.931535 0.709033 0.004995 0.007204
0 0.919263 0.719061 0.006516 0.005452
0 0.940005 0.759756 0.003258 0.003894
0 0.940548 0.756154 0.003041 0.004478
0 0.938268 0.755375 0.003692 0.003700
0 0.919915 0.758977 0.006081 0.003505
0 0.906774 0.769492 0.005430 0.005841
0 0.900150 0.800062 0.006950 0.005452
0 0.915788 0.754402 0.003041 0.003700
0 0.914702 0.751773 0.003910 0.005452
0 0.921435 0.738240 0.003475 0.006036
0 0.913182 0.732399 0.006950 0.005257
0 0.908729 0.729381 0.002824 0.003505
0 0.905797 0.733178 0.005647 0.004478
0 0.905145 0.741356 0.005647 0.004089
0 0.910901 0.741940 0.003258 0.003700
0 0.911336 0.746905 0.005430 0.002726
0 0.911010 0.749923 0.003041 0.003700
0 0.907969 0.725681 0.003910 0.005452
0 0.905471 0.724805 0.002824 0.004868
0 0.906666 0.719353 0.003475 0.006036
0 0.901345 0.718477 0.005430 0.005452
0 0.901453 0.711564 0.005647 0.003310
0 0.903625 0.706404 0.003475 0.004284
0 0.908295 0.709130 0.002389 0.003894
0 0.905688 0.709130 0.002389 0.004284
0 0.892222 0.699200 0.004561 0.004284
0 0.887661 0.701342 0.004561 0.004673
0 0.876367 0.704068 0.004995 0.005452
0 0.877779 0.697934 0.004344 0.004089
0 0.873869 0.698226 0.003910 0.003505
0 0.868331 0.692969 0.004995 0.005452
0 0.879625 0.693456 0.003258 0.003310
0 0.876910 0.693066 0.002172 0.003700
0 0.863987 0.681870 0.004561 0.003894
0 0.859643 0.682552 0.003692 0.005257
0 0.848023 0.673303 0.003475 0.003505
0 0.847480 0.677489 0.002824 0.003700
0 0.844657 0.673205 0.002824 0.002142
0 0.844874 0.675639 0.003258 0.002726
0 0.833797 0.671648 0.004561 0.004868
0 0.965955 0.959461 0.003106 0.002570
0 0.968105 0.961924 0.003106 0.003641
0 0.955562 0.949073 0.004778 0.003641
0 0.956040 0.952714 0.003345 0.002356
0 0.956876 0.955392 0.003584 0.002570
0 0.934060 0.949930 0.003823 0.005355
0 0.931312 0.945539 0.005017 0.005569
0 0.888546 0.928832 0.004539 0.006854
0 0.848887 0.915231 0.005973 0.005355
0 0.822845 0.899917 0.004062 0.005569
0 0.808749 0.888030 0.005017 0.005355
0 0.806718 0.881497 0.006212 0.006854
0 0.844467 0.980344 0.007167 0.007497
0 0.893707 0.842644 0.007314 0.007697
0 0.842192 0.828105 0.006678 0.004276
0 0.834401 0.838938 0.008904 0.006557
0 0.789246 0.895100 0.003816 0.004846
0 0.786384 0.893246 0.003816 0.004561
0 0.781773 0.888543 0.005406 0.004846
0 0.723898 0.874431 0.007950 0.005702
0 0.698140 0.866591 0.007314 0.008267
0 0.680173 0.836515 0.007632 0.008552
0 0.685381 0.824216 0.004778 0.004498
0 0.689203 0.826358 0.004778 0.006211
0 0.638195 0.824109 0.004539 0.003855
0 0.634014 0.824216 0.005734 0.005355
0 0.635686 0.834818 0.004300 0.003855
0 0.632103 0.830534 0.003345 0.003855
0 0.628877 0.830106 0.003584 0.004712
0 0.624577 0.834175 0.004539 0.005140
0 0.616334 0.846812 0.004778 0.005997
0 0.598177 0.831712 0.005256 0.005783
0 0.593160 0.833212 0.004300 0.004926
0 0.591487 0.836317 0.004300 0.005140
0 0.586828 0.837388 0.006451 0.005997
0 0.579422 0.835782 0.006451 0.004498
0 0.581094 0.844135 0.004539 0.007068
0 0.578347 0.849383 0.004300 0.004284
0 0.578108 0.856772 0.005256 0.004070
0 0.575122 0.859557 0.002628 0.004498
0 0.577033 0.861056 0.003106 0.004498
0 0.573330 0.860842 0.003823 0.005783
0 0.586828 0.826250 0.004062 0.005569
0 0.587067 0.820467 0.003584 0.004712
0 0.581811 0.820575 0.005017 0.006640
0 0.603911 0.792195 0.004300 0.007282
0 0.606658 0.786519 0.004062 0.005783
0 0.564691 0.814769 0.003753 0.003804
0 0.561183 0.811770 0.003590 0.003950
0 0.563467 0.808112 0.003264 0.005120
0 0.566078 0.797360 0.004243 0.005267
0 0.549841 0.805625 0.004406 0.006291
0 0.546659 0.787778 0.005875 0.007168
0 0.541111 0.775343 0.005548 0.007461
0 0.531157 0.793044 0.004243 0.004535
0 0.538256 0.806064 0.004080 0.006291
0 0.534665 0.805625 0.003427 0.005413
0 0.530096 0.800139 0.004732 0.005852
0 0.512473 0.801456 0.003753 0.004681
0 0.511412 0.814695 0.003916 0.004828
0 0.507985 0.813086 0.003916 0.004535
0 0.502845 0.814622 0.003100 0.006144
0 0.497297 0.807381 0.001795 0.006291
0 0.495257 0.806284 0.002611 0.005852
0 0.508964 0.778561 0.004243 0.006291
0 0.518510 0.778415 0.004080 0.005705
0 0.499500 0.776294 0.003264 0.006144
0 0.507088 0.759543 0.004406 0.006291
0 0.513941 0.753765 0.006038 0.005559
0 0.508964 0.742354 0.004895 0.005559
0 0.461152 0.734454 0.003916 0.004681
0 0.460091 0.728748 0.006038 0.004389
0 0.440346 0.731967 0.005385 0.005559
0 0.483263 0.766126 0.005059 0.003950
0 0.473309 0.763127 0.005059 0.005852
0 0.462457 0.774319 0.003264 0.005998
0 0.458541 0.768247 0.004243 0.005852
0 0.453156 0.789460 0.002937 0.005267
0 0.451279 0.786095 0.002774 0.004681
0 0.450219 0.793117 0.003916 0.005852
0 0.435696 0.792971 0.005222 0.007022
0 0.429658 0.790265 0.003916 0.005413
0 0.410892 0.785217 0.005222 0.004681
0 0.402406 0.789899 0.004569 0.007315
0 0.420928 0.762981 0.002774 0.007315
0 0.421988 0.742646 0.003916 0.003218
0 0.422967 0.733064 0.002285 0.004535
0 0.409831 0.766711 0.002121 0.003657
0 0.411463 0.767809 0.002774 0.004389
0 0.466573 0.686595 0.003679 0.004948
0 0.485233 0.675403 0.004205 0.006126
0 0.607569 0.702263 0.005519 0.006126
0 0.614402 0.712747 0.004468 0.005419
0 0.591144 0.687419 0.004205 0.007539
0 0.472881 0.808521 0.003154 0.003770
0 0.471829 0.814293 0.004205 0.005419
0 0.465391 0.830785 0.004468 0.004948
0 0.459477 0.838443 0.007359 0.006597
0 0.377710 0.773322 0.003475 0.005647
0 0.375864 0.776535 0.002824 0.004673
0 0.368479 0.786465 0.005864 0.005841
0 0.356316 0.795909 0.004127 0.004868
0 0.352950 0.796785 0.003910 0.005452
0 0.346108 0.802821 0.003692 0.006620
0 0.244569 0.823753 0.004344 0.005647
0 0.225890 0.813336 0.004344 0.005452
0 0.224804 0.823072 0.004344 0.004673
0 0.227628 0.824629 0.003910 0.003894
0 0.231103 0.843517 0.002606 0.006231
0 0.221655 0.821125 0.004127 0.004673
0 0.218288 0.818496 0.002172 0.002921
0 0.219157 0.821806 0.003041 0.005257
0 0.216225 0.819567 0.003692 0.005063
0 0.215031 0.814699 0.004778 0.004673
0 0.209166 0.806521 0.005647 0.005452
0 0.181800 0.810318 0.003041 0.005647
0 0.179628 0.811389 0.003910 0.006620
0 0.167791 0.802432 0.007167 0.005841
0 0.151654 0.816597 0.005256 0.008011
0 0.125110 0.819542 0.004731 0.008246
0 0.109736 0.820720 0.004993 0.010131
0 0.143176 0.724721 0.004062 0.005569
0 0.130274 0.722044 0.005495 0.006640
0 0.100051 0.721080 0.005256 0.005569
0 0.146401 0.708443 0.005734 0.005997
0 0.149148 0.700732 0.004539 0.006426
0 0.158227 0.698376 0.005495 0.007282
0 0.160139 0.711977 0.007406 0.007497
0 0.133977 0.686167 0.004778 0.006854
0 0.136605 0.674922 0.005256 0.006640
0 0.142339 0.659822 0.005256 0.005140
0 0.147595 0.656609 0.006212 0.008139
0 0.156435 0.653075 0.004300 0.005355
0 0.162408 0.654360 0.005256 0.007925
0 0.181163 0.645793 0.005495 0.007925
0 0.207563 0.661857 0.007167 0.004926
0 0.177221 0.681348 0.006212 0.006640
0 0.179371 0.689273 0.005256 0.007497
0 0.187972 0.686488 0.006212 0.005355
0 0.200635 0.673744 0.004778 0.006426
0 0.214014 0.675886 0.007645 0.005997
0 0.202188 0.687666 0.002150 0.006854
0 0.200157 0.684132 0.004778 0.005355
0 0.196931 0.692272 0.003106 0.005783
0 0.210191 0.687559 0.003823 0.004926
0 0.211147 0.684561 0.002867 0.006211
0 0.217478 0.689487 0.003106 0.007497
0 0.223332 0.646543 0.003823 0.005140
0 0.217239 0.645900 0.004539 0.005997
0 0.230499 0.640867 0.004300 0.007925
0 0.250448 0.646221 0.006929 0.007068
0 0.937701 0.762574 0.002942 0.002638
0 0.936230 0.764167 0.002452 0.004506
0 0.935004 0.764332 0.002452 0.004616
0 0.935188 0.761694 0.002084 0.003737
0 0.912568 0.738613 0.002452 0.004177
0 0.910913 0.738448 0.001839 0.003847
