0 0.004752 0.649030 0.003379 0.004269
0 0.010824 0.652439 0.001320 0.003127
0 0.017296 0.652795 0.001320 0.003127
0 0.043501 0.647667 0.003432 0.003690
0 0.041520 0.651919 0.001320 0.003127
0 0.063303 0.635347 0.001320 0.003127
0 0.057032 0.648855 0.001320 0.003127
0 0.051751 0.643226 0.001320 0.003127
0 0.029771 0.647292 0.001320 0.003127
0 0.032873 0.651544 0.001320 0.003127
0 0.033072 0.646854 0.001320 0.003127
0 0.037296 0.650356 0.001320 0.003127
0 0.090915 0.601870 0.001933 0.004578
0 0.081928 0.597108 0.001933 0.004578
0 0.104058 0.621006 0.001933 0.004578
0 0.098260 0.609561 0.001933 0.004578
0 0.098743 0.607160 0.001757 0.004162
0 0.155497 0.626638 0.001757 0.004162
0 0.153125 0.634129 0.001757 0.004162
0 0.127999 0.623807 0.001757 0.004162
0 0.114733 0.628053 0.001757 0.004162
0 0.106123 0.634129 0.001757 0.004162
0 0.121322 0.637209 0.001757 0.004162
0 0.127999 0.631882 0.001757 0.004162
0 0.122552 0.629967 0.001757 0.004162
0 0.121673 0.626887 0.001757 0.004162
0 0.130283 0.636293 0.001757 0.004162
0 0.112624 0.619312 0.001757 0.004162
0 0.133929 0.639956 0.002723 0.004994
0 0.114952 0.619312 0.002723 0.004994
0 0.179530 0.629497 0.001320 0.003127
0 0.189147 0.643589 0.001597 0.003784
0 0.185952 0.625806 0.001597 0.003784
0 0.195217 0.624898 0.001597 0.003784
0 0.204082 0.620963 0.001597 0.003784
0 0.214944 0.618541 0.001597 0.003784
0 0.212548 0.628152 0.001597 0.003784
0 0.248329 0.620055 0.001597 0.003784
0 0.233314 0.628909 0.001597 0.003784
0 0.284350 0.620358 0.001597 0.003784
0 0.302639 0.614228 0.001597 0.003784
0 0.266220 0.615439 0.001597 0.003784
0 0.273647 0.616120 0.001597 0.003784
0 0.274486 0.626676 0.003754 0.003330
0 0.259031 0.624368 0.001597 0.003784
0 0.325162 0.609763 0.001597 0.003784
0 0.320210 0.608628 0.001597 0.003784
0 0.402085 0.605527 0.002339 0.005540
0 0.427846 0.587675 0.001597 0.003784
0 0.408423 0.585521 0.001597 0.003784
0 0.397808 0.585181 0.001452 0.003440
0 0.375372 0.603480 0.001452 0.003440
0 0.435346 0.594055 0.001452 0.003440
0 0.402237 0.596669 0.001452 0.003440
0 0.406521 0.601416 0.001452 0.003440
0 0.401366 0.615106 0.002178 0.004128
0 0.450231 0.605544 0.002178 0.004128
0 0.464752 0.604649 0.002178 0.004128
0 0.462138 0.608089 0.002178 0.004128
0 0.470851 0.609465 0.002178 0.004128
0 0.491617 0.607607 0.002178 0.004128
0 0.489511 0.606232 0.002178 0.004128
0 0.524726 0.606851 0.002178 0.004128
0 0.542514 0.608983 0.002178 0.004128
0 0.507445 0.602792 0.002178 0.004128
0 0.595808 0.613386 0.002178 0.004128
0 0.582594 0.614143 0.002178 0.004128
0 0.572864 0.614900 0.002178 0.004128
0 0.570178 0.613111 0.002178 0.004128
0 0.559069 0.611804 0.002178 0.004128
0 0.561537 0.606163 0.002178 0.004128
0 0.558415 0.603136 0.002178 0.004128
0 0.614831 0.612354 0.002178 0.004128
0 0.674590 0.581933 0.002636 0.004994
0 0.701122 0.609485 0.002636 0.004994
0 0.668089 0.609319 0.002636 0.004994
0 0.653944 0.613564 0.002636 0.004994
0 0.762445 0.621722 0.002636 0.004994
0 0.780104 0.622720 0.002636 0.004994
0 0.725985 0.612732 0.002636 0.004994
0 0.839480 0.613901 0.001980 0.003752
0 0.834397 0.610649 0.001980 0.003752
0 0.841592 0.648109 0.001980 0.003752
0 0.878280 0.674860 0.002178 0.004128
0 0.899409 0.708844 0.002178 0.004128
0 0.896577 0.714760 0.002178 0.004128
0 0.890841 0.713177 0.002178 0.004128
0 0.881765 0.712490 0.002178 0.004128
0 0.873561 0.708844 0.002178 0.004128
0 0.854828 0.713659 0.002178 0.004128
0 0.845171 0.717649 0.002178 0.004128
0 0.571625 0.668019 0.001980 0.003752
0 0.582450 0.663203 0.001980 0.003752
0 0.586015 0.662578 0.001980 0.003752
0 0.582648 0.658200 0.001980 0.003752
0 0.563308 0.666643 0.001980 0.003752
0 0.557434 0.666580 0.001980 0.003752
0 0.543176 0.669394 0.001980 0.003752
0 0.599381 0.673178 0.003762 0.003877
0 0.594101 0.682184 0.004818 0.003627
0 0.578853 0.675617 0.004026 0.003502
0 0.567401 0.672959 0.004752 0.003815
0 0.562252 0.671458 0.003564 0.003940
0 0.593969 0.675930 0.003762 0.004253
0 0.705560 0.661578 0.005215 0.003440
0 0.720775 0.668207 0.001980 0.003752
0 0.735494 0.665518 0.001980 0.003752
0 0.716484 0.667707 0.001980 0.003752
0 0.698861 0.658263 0.001980 0.003752
0 0.714273 0.670146 0.003762 0.004315
0 0.741765 0.670083 0.004884 0.003189
0 0.747771 0.668364 0.004620 0.003752
0 0.754042 0.663329 0.001980 0.003752
0 0.759521 0.663267 0.001980 0.003752
0 0.773976 0.669583 0.001980 0.003752
0 0.787111 0.672272 0.001980 0.003752
0 0.797144 0.663204 0.001980 0.003752
0 0.783811 0.676212 0.001980 0.003752
0 0.771138 0.674836 0.001980 0.003752
0 0.767837 0.680465 0.001980 0.003752
0 0.765857 0.674586 0.001980 0.003752
0 0.773052 0.678213 0.001980 0.003752
0 0.763646 0.676118 0.004026 0.003502
0 0.777375 0.675556 0.004290 0.005003
0 0.801327 0.656821 0.003498 0.004128
0 0.824488 0.635761 0.004153 0.003330
0 0.813546 0.623313 0.004153 0.003557
0 0.822696 0.616213 0.003828 0.004503
0 0.192545 0.635723 0.004574 0.003646
0 0.220898 0.618628 0.004647 0.003715
0 0.239849 0.622412 0.005954 0.003440
0 0.265842 0.625370 0.004937 0.003440
