0 0.096114 0.662767 0.006418 0.007968
0 0.095900 0.677945 0.006846 0.006451
0 0.102319 0.682498 0.003423 0.008727
0 0.109807 0.687051 0.003851 0.007968
0 0.130346 0.697866 0.005563 0.006071
0 0.296367 0.711715 0.004707 0.004933
0 0.297009 0.715700 0.003423 0.006071
0 0.301716 0.720822 0.004279 0.007968
0 0.316264 0.717407 0.004279 0.007209
0 0.315622 0.702798 0.004707 0.008348
0 0.323966 0.712474 0.005135 0.008727
0 0.329529 0.714561 0.003423 0.008348
0 0.335519 0.714182 0.003423 0.009107
0 0.329529 0.753075 0.005990 0.007968
0 0.315409 0.758387 0.005135 0.005692
0 0.314767 0.763320 0.007274 0.006451
0 0.308348 0.768253 0.008130 0.009486
0 0.376169 0.708680 0.005990 0.010245
0 0.380234 0.704885 0.004707 0.010245
0 0.427944 0.697486 0.005135 0.009107
0 0.445915 0.699004 0.005990 0.007589
0 0.488062 0.677945 0.004707 0.006451
0 0.492341 0.683257 0.003851 0.005692
0 0.492947 0.692465 0.006368 0.004089
0 0.490531 0.696944 0.003294 0.005257
0 0.506121 0.692173 0.003733 0.005841
0 0.522919 0.684482 0.006148 0.003310
0 0.531812 0.692271 0.005929 0.003310
0 0.532361 0.694413 0.005709 0.002531
0 0.882926 0.718553 0.005787 0.006272
0 0.868138 0.722544 0.005787 0.006272
0 0.856725 0.712709 0.003536 0.005987
0 0.853993 0.707862 0.003858 0.003706
0 0.871192 0.736228 0.004822 0.004561
0 0.869906 0.752763 0.005465 0.005131
0 0.882444 0.761173 0.006108 0.005987
0 0.889838 0.755614 0.003536 0.007412
0 0.895464 0.750340 0.003858 0.005417
0 0.903983 0.759035 0.004822 0.005131
0 0.909127 0.769725 0.003536 0.005987
0 0.904626 0.777138 0.005465 0.005987
0 0.900768 0.796381 0.005465 0.006272
0 0.917967 0.797093 0.004501 0.007697
0 0.927933 0.793815 0.006430 0.007412
0 0.962975 0.774999 0.005144 0.008552
0 0.952366 0.769298 0.003858 0.006842
0 0.962653 0.760603 0.003858 0.007697
0 0.938060 0.750482 0.006751 0.008552
0 0.942882 0.735230 0.006108 0.005987
0 0.905108 0.728959 0.003215 0.005987
0 0.902536 0.729244 0.005144 0.006557
0 0.902858 0.720549 0.007073 0.007412
0 0.942239 0.713707 0.004822 0.006272
0 0.958795 0.748772 0.005787 0.009693
0 0.955902 0.746349 0.005144 0.006557
0 0.925040 0.693181 0.003858 0.007982
0 0.920218 0.691043 0.007716 0.005417
0 0.578090 0.689453 0.002415 0.005783
0 0.576520 0.692451 0.002657 0.006211
0 0.574950 0.690845 0.002415 0.005569
0 0.575675 0.687739 0.002415 0.004498
