0 0.111549 0.843154 0.002453 0.003977
0 0.109232 0.849056 0.002453 0.003107
0 0.121351 0.841988 0.002215 0.003128
0 0.124999 0.841770 0.002302 0.002851
0 0.126258 0.843334 0.002476 0.002732
0 0.114402 0.842938 0.003170 0.002336
0 0.115162 0.845274 0.002519 0.002970
0 0.136595 0.834286 0.003431 0.002297
0 0.140807 0.836464 0.003170 0.001980
0 0.143652 0.835929 0.002432 0.002019
0 0.143174 0.838008 0.002345 0.002772
0 0.144260 0.840226 0.001824 0.002693
0 0.169573 0.836732 0.002926 0.001877
0 0.173872 0.834624 0.002276 0.003524
0 0.165238 0.834805 0.002348 0.002701
0 0.162293 0.831248 0.002673 0.002635
0 0.162456 0.840141 0.002276 0.003689
0 0.158735 0.837226 0.002710 0.002339
0 0.160559 0.836930 0.002457 0.002800
0 0.180553 0.828102 0.002095 0.002404
0 0.184057 0.827180 0.002095 0.002734
0 0.184617 0.824561 0.002421 0.002108
0 0.184545 0.823112 0.002059 0.002569
0 0.187525 0.821613 0.002384 0.002602
0 0.182522 0.821350 0.002276 0.002997
0 0.178728 0.821827 0.002926 0.002767
0 0.176416 0.820477 0.001915 0.002569
0 0.175296 0.822618 0.002710 0.002240
0 0.183317 0.816360 0.002132 0.003360
0 0.179939 0.814351 0.002312 0.003623
0 0.205137 0.814927 0.001915 0.002734
0 0.208461 0.812951 0.002421 0.003393
0 0.200429 0.808222 0.002493 0.002734
0 0.202236 0.813888 0.002132 0.002339
0 0.201947 0.800416 0.002059 0.002866
0 0.191885 0.818515 0.002095 0.003162
0 0.194324 0.817840 0.002348 0.002866
0 0.193186 0.817132 0.001951 0.002833
0 0.201639 0.791309 0.002023 0.003030
0 0.206751 0.788361 0.002421 0.003261
0 0.218673 0.786071 0.002421 0.002635
0 0.206517 0.794487 0.002168 0.002800
0 0.207600 0.794487 0.002384 0.002931
0 0.198442 0.785001 0.002421 0.002931
0 0.198533 0.778743 0.002529 0.003129
0 0.194360 0.781625 0.002204 0.003426
0 0.192246 0.784622 0.002312 0.002701
0 0.225491 0.770898 0.002312 0.002767
0 0.212557 0.773072 0.001951 0.002767
0 0.222239 0.775097 0.002312 0.002800
0 0.217236 0.778029 0.001987 0.002800
0 0.217615 0.779495 0.002818 0.002108
0 0.208384 0.731145 0.002345 0.002790
0 0.209139 0.726000 0.002106 0.002790
0 0.213968 0.722178 0.001987 0.003551
0 0.208007 0.718917 0.002066 0.003188
0 0.204013 0.724134 0.002186 0.002319
0 0.181301 0.720457 0.002066 0.002790
0 0.213823 0.692021 0.002023 0.002767
0 0.216316 0.690094 0.002673 0.002075
0 0.216298 0.691922 0.002132 0.002372
0 0.218303 0.694343 0.002023 0.002734
0 0.220597 0.690704 0.002276 0.002964
0 0.224119 0.690177 0.001879 0.002964
0 0.226919 0.694277 0.001915 0.001943
0 0.227100 0.695529 0.003504 0.001680
0 0.232392 0.699712 0.002312 0.002800
0 0.240738 0.706695 0.002673 0.002602
0 0.255694 0.703204 0.003107 0.001746
0 0.279856 0.696910 0.002637 0.002931
0 0.295643 0.693946 0.002348 0.003129
0 0.297973 0.694012 0.002168 0.002536
0 0.310076 0.691591 0.002890 0.002964
0 0.327602 0.689642 0.004020 0.003424
0 0.344449 0.703965 0.002063 0.003231
0 0.349183 0.701988 0.002116 0.003713
0 0.341078 0.732520 0.002229 0.003188
0 0.339920 0.738020 0.002535 0.003109
0 0.329275 0.749040 0.002142 0.002670
0 0.330106 0.754042 0.002317 0.003428
0 0.339592 0.757131 0.002229 0.003228
0 0.337110 0.773850 0.003328 0.002976
0 0.347052 0.777412 0.003974 0.001812
0 0.372160 0.789681 0.002384 0.002899
0 0.375123 0.788248 0.002457 0.003920
0 0.351802 0.798887 0.002348 0.003063
0 0.356391 0.799925 0.002276 0.003821
0 0.332628 0.827884 0.002048 0.003034
0 0.338740 0.823216 0.003648 0.002684
0 0.341172 0.821699 0.002368 0.002684
0 0.342964 0.829226 0.002112 0.003268
0 0.375639 0.849678 0.001951 0.003030
0 0.383858 0.839237 0.002348 0.002833
0 0.383569 0.842020 0.002059 0.002470
0 0.396224 0.835304 0.002095 0.003024
0 0.396748 0.833899 0.002444 0.002971
0 0.402333 0.833633 0.002676 0.003395
0 0.404195 0.830398 0.002211 0.003183
0 0.411214 0.834226 0.001987 0.002997
0 0.419812 0.832267 0.002132 0.003096
0 0.414086 0.830686 0.002095 0.002437
0 0.415062 0.828578 0.001879 0.002964
0 0.418060 0.826058 0.001951 0.002536
0 0.431391 0.826585 0.002384 0.003063
0 0.426008 0.838212 0.002168 0.003129
0 0.434227 0.841078 0.002348 0.002866
0 0.440712 0.845063 0.002312 0.003458
0 0.447576 0.841802 0.002673 0.003327
0 0.452670 0.841950 0.002384 0.003096
0 0.329418 0.665328 0.002276 0.002734
0 0.335560 0.662363 0.002421 0.002866
0 0.334675 0.660206 0.002023 0.002767
0 0.342334 0.651280 0.002384 0.003030
0 0.335885 0.646471 0.002276 0.003228
0 0.336680 0.644066 0.002059 0.002569
0 0.354707 0.641645 0.002059 0.002866
0 0.354238 0.643622 0.002421 0.002273
0 0.354039 0.650489 0.002095 0.002306
0 0.376055 0.625802 0.002225 0.003188
0 0.360278 0.632596 0.002464 0.002283
0 0.309049 0.615135 0.002095 0.003129
0 0.309898 0.608400 0.002421 0.003096
0 0.339964 0.601116 0.002500 0.003157
0 0.351147 0.594414 0.002457 0.002339
0 0.357470 0.592339 0.002023 0.002075
0 0.360974 0.587266 0.002312 0.002536
0 0.402818 0.550374 0.002967 0.002971
0 0.433111 0.548086 0.002448 0.002351
0 0.433067 0.564088 0.002535 0.003109
0 0.424171 0.570624 0.002229 0.002710
0 0.430086 0.573193 0.002637 0.002899
0 0.450903 0.578455 0.003107 0.002273
0 0.482664 0.586746 0.002204 0.002800
0 0.503853 0.592428 0.002240 0.002964
0 0.508315 0.589102 0.002782 0.002964
0 0.520002 0.585429 0.002168 0.002997
0 0.519911 0.577672 0.002637 0.002635
0 0.483444 0.656088 0.001923 0.002949
0 0.481717 0.658141 0.002055 0.002511
0 0.482373 0.660891 0.002142 0.002670
0 0.499356 0.640824 0.001923 0.002710
0 0.512776 0.626217 0.002186 0.002670
0 0.524535 0.615615 0.002448 0.002830
0 0.533780 0.604735 0.002055 0.003388
0 0.541299 0.592898 0.002579 0.002511
0 0.545212 0.587756 0.002710 0.003308
0 0.563495 0.581194 0.001967 0.003228
0 0.569855 0.585858 0.002186 0.003149
0 0.573855 0.586017 0.002229 0.002909
0 0.578358 0.580796 0.002055 0.003388
0 0.581308 0.586615 0.002098 0.003467
0 0.589308 0.590800 0.002098 0.002431
0 0.563779 0.567704 0.002273 0.003348
0 0.570424 0.566388 0.002273 0.002630
0 0.576937 0.563519 0.003060 0.001993
0 0.573768 0.554950 0.002229 0.003029
0 0.591188 0.564934 0.002098 0.002989
0 0.604892 0.569637 0.002492 0.002909
0 0.614815 0.564615 0.003016 0.002192
0 0.623601 0.560231 0.002841 0.002989
0 0.633525 0.558816 0.002317 0.002790
0 0.635667 0.567584 0.002579 0.002790
0 0.647775 0.583666 0.002404 0.002351
0 0.617853 0.587113 0.001836 0.003109
0 0.607712 0.586256 0.002273 0.003149
0 0.600499 0.589903 0.002361 0.003188
0 0.626816 0.589088 0.001842 0.002701
0 0.628478 0.588775 0.001915 0.002602
0 0.650678 0.597009 0.002818 0.002734
0 0.659240 0.608900 0.002312 0.003129
0 0.673275 0.605952 0.002710 0.002899
0 0.681928 0.604783 0.002312 0.002931
0 0.689352 0.602181 0.001842 0.003129
0 0.699088 0.601473 0.002457 0.002437
0 0.698528 0.599529 0.002204 0.002372
0 0.659660 0.624972 0.002502 0.003342
0 0.658176 0.636722 0.003142 0.002440
0 0.757407 0.617546 0.003200 0.002387
0 0.765741 0.604202 0.002623 0.003188
0 0.778440 0.603903 0.002841 0.003149
0 0.784342 0.600017 0.002929 0.003268
0 0.789850 0.598682 0.002317 0.002989
0 0.781041 0.588140 0.003672 0.003348
0 0.765916 0.587243 0.002361 0.003149
0 0.768626 0.593022 0.003060 0.002431
0 0.807554 0.593361 0.002579 0.003188
0 0.836069 0.615044 0.001879 0.002503
0 0.838164 0.615884 0.002023 0.002800
0 0.836683 0.621335 0.002095 0.003162
0 0.838164 0.622093 0.002023 0.003096
0 0.826188 0.695039 0.002044 0.003184
0 0.784444 0.665300 0.002380 0.002749
0 0.777832 0.652882 0.002486 0.002604
0 0.812582 0.695644 0.001923 0.003025
0 0.805682 0.694088 0.002164 0.002981
0 0.794935 0.693693 0.002500 0.003157
0 0.799166 0.697858 0.002500 0.003157
0 0.768920 0.694789 0.002308 0.003244
0 0.757452 0.689682 0.002452 0.003288
0 0.753581 0.686262 0.002020 0.002937
0 0.752499 0.688673 0.002260 0.002587
0 0.748460 0.691150 0.002549 0.003244
0 0.746753 0.692838 0.002308 0.002587
0 0.771733 0.700708 0.002645 0.002104
0 0.780203 0.724447 0.002095 0.003063
0 0.780330 0.728499 0.002276 0.003458
0 0.768160 0.753559 0.002222 0.002797
0 0.767831 0.755811 0.003139 0.001920
0 0.765308 0.756554 0.003338 0.003913
0 0.761453 0.747822 0.001987 0.003333
0 0.757598 0.740956 0.001828 0.003152
0 0.761294 0.741517 0.002782 0.001884
0 0.760249 0.742701 0.003904 0.002101
0 0.695863 0.671955 0.002323 0.003723
0 0.693539 0.675517 0.002605 0.003530
0 0.625272 0.704571 0.002999 0.003674
0 0.323091 0.863875 0.002502 0.002546
0 0.323585 0.856157 0.003026 0.002281
0 0.325185 0.859950 0.001920 0.003183
0 0.327920 0.859764 0.002967 0.003130
0 0.332487 0.862602 0.002211 0.002971
0 0.334902 0.864353 0.002036 0.003183
0 0.329142 0.852842 0.002269 0.003289
0 0.330887 0.845468 0.002036 0.003713
0 0.375811 0.766155 0.002474 0.003101
0 0.103276 0.627482 0.002577 0.003101
0 0.125746 0.640403 0.002577 0.003007
0 0.133683 0.644914 0.002989 0.003759
0 0.145279 0.637678 0.002474 0.003195
0 0.133683 0.693500 0.002783 0.003383
0 0.140744 0.680860 0.002474 0.002913
0 0.122345 0.685747 0.002577 0.002913
0 0.109667 0.690117 0.002783 0.003571
0 0.101421 0.691620 0.002577 0.002631
0 0.116160 0.690540 0.002783 0.002725
0 0.116212 0.692701 0.002268 0.001973
0 0.088897 0.698011 0.002680 0.003195
0 0.081939 0.725452 0.002989 0.002443
0 0.078280 0.732453 0.003092 0.002725
0 0.064777 0.737340 0.002886 0.002537
0 0.101008 0.731231 0.002783 0.002725
0 0.054315 0.754115 0.002989 0.003195
0 0.048646 0.754772 0.002989 0.003383
