0 0.106656 0.303555 0.001781 0.002946
0 0.110374 0.299697 0.002091 0.003087
0 0.114633 0.305625 0.002246 0.003016
0 0.104991 0.304362 0.002168 0.003157
0 0.105494 0.307308 0.001936 0.002876
0 0.122145 0.308396 0.002711 0.003367
0 0.125669 0.307238 0.003098 0.001613
0 0.127683 0.305555 0.004337 0.001894
0 0.140732 0.310851 0.002246 0.002946
0 0.145340 0.308115 0.002788 0.002385
0 0.148283 0.297347 0.003717 0.003157
0 0.156919 0.299943 0.002401 0.003437
0 0.171517 0.310886 0.003098 0.003157
0 0.171672 0.306256 0.002633 0.003578
0 0.184296 0.313306 0.003098 0.002385
0 0.192466 0.307659 0.003175 0.002034
0 0.192931 0.309272 0.002556 0.003016
0 0.199359 0.306221 0.002091 0.002666
0 0.209349 0.304993 0.002556 0.002175
0 0.226116 0.304432 0.003253 0.003016
0 0.232738 0.305029 0.003485 0.001964
0 0.239244 0.301837 0.002556 0.002455
0 0.239476 0.299136 0.003795 0.002104
0 0.247685 0.301872 0.001936 0.002806
0 0.250783 0.299171 0.003330 0.002315
0 0.255817 0.298645 0.002091 0.002946
0 0.262797 0.292555 0.003264 0.001739
0 0.264109 0.289743 0.002048 0.003420
0 0.269037 0.287772 0.003072 0.002029
0 0.268269 0.291019 0.003584 0.001681
0 0.280782 0.293135 0.003520 0.002667
0 0.286350 0.296990 0.001984 0.003189
0 0.291119 0.298004 0.002688 0.002551
0 0.302512 0.298062 0.002048 0.003015
0 0.308688 0.305251 0.002752 0.002783
0 0.314897 0.312846 0.001984 0.002899
0 0.315569 0.314846 0.002176 0.002725
0 0.323409 0.321745 0.002368 0.002377
0 0.327922 0.322643 0.002048 0.002435
0 0.328178 0.325165 0.002304 0.002493
0 0.332178 0.326295 0.004672 0.002551
0 0.319452 0.263337 0.002323 0.003444
0 0.600983 0.240020 0.002486 0.002300
0 0.602596 0.241625 0.002010 0.002923
0 0.599766 0.246800 0.002486 0.004168
0 0.595772 0.244620 0.002856 0.003354
0 0.669574 0.138103 0.003628 0.002568
0 0.682501 0.130606 0.004309 0.002157
0 0.686356 0.125419 0.002721 0.003081
0 0.691515 0.128551 0.003288 0.001951
0 0.693896 0.127011 0.002154 0.003184
0 0.694293 0.152533 0.002268 0.002876
0 0.748606 0.168760 0.003175 0.001849
0 0.750386 0.130444 0.002091 0.002946
0 0.753290 0.143562 0.002168 0.003087
0 0.750850 0.146157 0.002865 0.002385
0 0.752206 0.146403 0.002478 0.003016
0 0.149625 0.199649 0.004116 0.002237
0 0.027105 0.309381 0.003842 0.002485
0 0.728294 0.227917 0.002371 0.003268
0 0.732417 0.235760 0.002783 0.003455
0 0.702369 0.227404 0.003505 0.003548
