0 0.913167 0.667070 0.004892 0.004924
0 0.917652 0.678603 0.004076 0.005702
0 0.926620 0.685341 0.004076 0.004665
0 0.930832 0.686119 0.003261 0.007257
0 0.971597 0.707241 0.002718 0.005442
0 0.969966 0.706463 0.002174 0.004406
0 0.968200 0.707111 0.001902 0.005702
0 0.966841 0.704390 0.002446 0.006479
0 0.969423 0.716960 0.002718 0.007775
0 0.973499 0.726549 0.003261 0.005183
0 0.971189 0.724346 0.002446 0.004924
0 0.971461 0.726419 0.004076 0.006479
0 0.907189 0.678603 0.004892 0.007775
0 0.899307 0.672901 0.003805 0.005702
0 0.893193 0.670569 0.003533 0.006738
0 0.900802 0.681583 0.005164 0.007516
0 0.898492 0.665515 0.004348 0.006997
0 0.860989 0.666293 0.005435 0.005961
0 0.833948 0.676659 0.006794 0.005442
0 0.835307 0.668496 0.005707 0.006220
0 0.826746 0.670051 0.004348 0.007775
0 0.922566 0.623349 0.006248 0.008153
0 0.917634 0.628366 0.004275 0.008153
0 0.811585 0.628053 0.005261 0.008153
0 0.962729 0.790462 0.004267 0.005355
0 0.956777 0.799029 0.004941 0.004926
0 0.977216 0.817235 0.004043 0.006640
0 0.949590 0.792711 0.004043 0.005997
0 0.950264 0.786392 0.003594 0.004926
0 0.936788 0.793139 0.004941 0.004712
0 0.938585 0.803206 0.005840 0.005140
0 0.926905 0.781573 0.003144 0.005997
0 0.922077 0.784036 0.002920 0.006211
0 0.920729 0.785214 0.002920 0.006426
0 0.917360 0.787570 0.002920 0.006426
0 0.930274 0.786821 0.003594 0.003213
0 0.931285 0.788749 0.004717 0.003213
0 0.907141 0.765081 0.004492 0.004712
0 0.892991 0.785536 0.004492 0.004498
0 0.904221 0.807169 0.004043 0.005783
0 0.927579 0.836084 0.004492 0.004926
0 0.947344 0.856646 0.003144 0.004926
0 0.977216 0.848292 0.004043 0.004926
0 0.989793 0.850220 0.004492 0.004926
0 0.984740 0.841974 0.004267 0.005997
0 0.975756 0.842295 0.004267 0.004926
0 0.972611 0.843580 0.004267 0.005783
0 0.959585 0.841331 0.003369 0.006854
0 0.952622 0.835977 0.004267 0.005997
0 0.956328 0.838761 0.004043 0.005997
0 0.990242 0.843902 0.004043 0.006426
0 0.987996 0.844330 0.003144 0.005997
0 0.982494 0.894557 0.005166 0.007068
0 0.974633 0.915976 0.003818 0.007925
0 0.978208 0.785295 0.003805 0.005961
0 0.976306 0.791386 0.004348 0.006738
0 0.995193 0.977467 0.004620 0.008293
0 0.991524 0.983816 0.003805 0.006997
0 0.987584 0.976949 0.004620 0.006220
0 0.983507 0.975523 0.005164 0.006479
0 0.961902 0.962306 0.004892 0.008552
0 0.956059 0.958029 0.005707 0.006738
0 0.973452 0.943387 0.004620 0.009071
0 0.983100 0.932890 0.003805 0.004665
0 0.903880 0.883130 0.006794 0.005702
0 0.870046 0.879632 0.007066 0.005442
0 0.882411 0.897644 0.006251 0.007257
0 0.862028 0.900235 0.005164 0.006738
0 0.887031 0.836480 0.004620 0.007257
0 0.873035 0.854104 0.004892 0.008812
0 0.875073 0.828835 0.004076 0.010107
0 0.877791 0.825725 0.003533 0.008034
0 0.879693 0.823393 0.002446 0.007516
0 0.881731 0.820801 0.004348 0.007516
0 0.859583 0.809009 0.006251 0.006738
0 0.854011 0.812508 0.003261 0.008034
0 0.854419 0.859546 0.004620 0.006738
0 0.849935 0.860194 0.004892 0.007516
0 0.847625 0.848920 0.005707 0.007257
0 0.841918 0.849180 0.005164 0.004665
0 0.844364 0.853197 0.004620 0.004924
0 0.835124 0.850735 0.004620 0.006220
0 0.830504 0.853974 0.006251 0.006479
0 0.837434 0.858769 0.005979 0.005183
0 0.848217 0.888674 0.005261 0.006272
0 0.846573 0.880991 0.003288 0.006585
0 0.834406 0.875190 0.004604 0.005017
0 0.839668 0.892907 0.004604 0.004704
0 0.829309 0.893535 0.006248 0.005958
0 0.831303 0.909705 0.004447 0.005183
0 0.826856 0.909823 0.003459 0.004005
0 0.822285 0.906995 0.005682 0.005419
0 0.823150 0.916773 0.004447 0.005183
0 0.816850 0.918893 0.005188 0.005655
0 0.803138 0.921367 0.005435 0.003534
0 0.799309 0.913592 0.003706 0.005890
0 0.806226 0.905228 0.005188 0.006126
0 0.791526 0.911943 0.004941 0.003534
0 0.768179 0.915831 0.006176 0.007068
0 0.786585 0.908056 0.003459 0.003298
0 0.792391 0.896511 0.005188 0.004712
0 0.778803 0.897807 0.004694 0.005890
0 0.767809 0.889443 0.004447 0.006597
0 0.760150 0.902637 0.004941 0.004712
0 0.764226 0.908762 0.004200 0.004712
0 0.761879 0.894273 0.003459 0.004948
0 0.748662 0.875660 0.003212 0.003534
0 0.751132 0.878016 0.004694 0.003063
0 0.726056 0.873539 0.005435 0.005890
0 0.839389 0.828207 0.004900 0.005841
0 0.835611 0.818666 0.005513 0.004673
0 0.830813 0.818569 0.004900 0.004868
0 0.835101 0.809417 0.003675 0.006815
0 0.833672 0.839598 0.002859 0.006426
0 0.831017 0.839111 0.003675 0.007010
0 0.815806 0.824410 0.003063 0.004478
0 0.813764 0.818277 0.004696 0.005452
0 0.807638 0.803576 0.005513 0.006036
0 0.851844 0.793061 0.004084 0.004868
0 0.863890 0.790919 0.003267 0.004868
0 0.875529 0.787998 0.003267 0.005257
0 0.864197 0.751587 0.003471 0.005257
0 0.873078 0.741072 0.003267 0.006036
0 0.859602 0.760641 0.006125 0.004673
0 0.851639 0.748666 0.005717 0.003700
0 0.851027 0.745356 0.005717 0.004478
0 0.862665 0.740293 0.004492 0.006815
0 0.861440 0.721893 0.004492 0.004284
0 0.807536 0.722963 0.004900 0.005257
0 0.797532 0.738151 0.003675 0.005647
0 0.790487 0.747498 0.004696 0.005647
0 0.795898 0.771350 0.004084 0.007010
0 0.820196 0.778457 0.004492 0.005257
0 0.821931 0.786927 0.004288 0.005841
0 0.837755 0.794327 0.003675 0.005452
0 0.785281 0.748958 0.004900 0.005063
0 0.782014 0.743603 0.004900 0.006036
0 0.760166 0.750029 0.005717 0.003700
0 0.759248 0.781768 0.005513 0.004868
0 0.753837 0.786149 0.004900 0.005452
0 0.778441 0.799876 0.004288 0.004478
0 0.791712 0.806010 0.005105 0.005452
0 0.773234 0.787609 0.004900 0.005647
0 0.787833 0.823437 0.004696 0.005647
0 0.774255 0.814090 0.004900 0.004868
0 0.768640 0.819153 0.004696 0.008762
0 0.755981 0.915050 0.005513 0.006620
0 0.715349 0.888374 0.003471 0.004284
0 0.718309 0.895676 0.004084 0.006036
0 0.700750 0.864229 0.003267 0.005452
0 0.689622 0.858972 0.003471 0.005841
0 0.674921 0.877178 0.005921 0.007594
0 0.671144 0.862088 0.004900 0.003505
0 0.699729 0.843687 0.003675 0.006036
0 0.700239 0.836288 0.004696 0.004478
0 0.699933 0.839501 0.005309 0.003894
0 0.695645 0.836969 0.003267 0.004673
0 0.693093 0.837067 0.003063 0.005647
0 0.756389 0.898305 0.005513 0.004284
0 0.787118 0.875620 0.003675 0.005647
0 0.818358 0.859556 0.004084 0.005063
0 0.669603 0.934362 0.004288 0.005841
0 0.641222 0.916740 0.005513 0.006036
0 0.610493 0.900384 0.005717 0.004868
0 0.606103 0.908659 0.005105 0.005452
0 0.611003 0.894640 0.005513 0.005841
0 0.590074 0.899313 0.004900 0.005452
0 0.590687 0.908367 0.005717 0.005257
0 0.584868 0.899703 0.004696 0.002726
0 0.570779 0.904278 0.005921 0.004868
0 0.583439 0.886754 0.004696 0.007204
0 0.651737 0.850926 0.006125 0.004478
0 0.638261 0.848492 0.005309 0.006231
0 0.616924 0.872248 0.003879 0.004673
0 0.612024 0.875168 0.004696 0.005841
0 0.610390 0.869035 0.004288 0.005257
0 0.613759 0.862122 0.003675 0.003894
0 0.612432 0.859591 0.002654 0.004673
0 0.614066 0.841677 0.003879 0.005063
0 0.625908 0.832526 0.004696 0.005063
0 0.642243 0.829021 0.002654 0.004673
0 0.655412 0.830189 0.003267 0.004673
0 0.616210 0.826392 0.002450 0.006426
0 0.603755 0.833694 0.006942 0.003505
0 0.602427 0.836128 0.002654 0.003700
0 0.600079 0.836323 0.002859 0.004089
0 0.706253 0.812567 0.002859 0.005647
0 0.678587 0.826003 0.004696 0.004089
0 0.678178 0.819772 0.003879 0.004868
0 0.675218 0.815585 0.004084 0.005452
0 0.653983 0.797380 0.005717 0.006036
0 0.638465 0.788033 0.006942 0.006036
0 0.674095 0.754055 0.005921 0.005841
0 0.671440 0.748117 0.004696 0.004478
0 0.745150 0.759605 0.003471 0.006815
0 0.738003 0.757852 0.005921 0.004478
0 0.743925 0.733610 0.003471 0.006620
0 0.743312 0.721830 0.007963 0.005647
0 0.707580 0.733124 0.003471 0.004868
0 0.719015 0.747338 0.006330 0.004478
0 0.716871 0.739354 0.006534 0.007204
0 0.706355 0.743833 0.002654 0.005257
0 0.673380 0.739744 0.005309 0.005647
0 0.663988 0.739646 0.004492 0.004673
0 0.646633 0.721149 0.003267 0.004673
0 0.658781 0.719591 0.004696 0.004284
0 0.654391 0.698659 0.004084 0.005257
0 0.651839 0.700314 0.003879 0.005841
0 0.645510 0.697004 0.005513 0.004673
0 0.632034 0.678798 0.003471 0.006815
0 0.633361 0.688047 0.003675 0.005063
0 0.635403 0.715404 0.004492 0.004089
0 0.628563 0.710537 0.003471 0.004868
0 0.612739 0.720662 0.004084 0.004868
0 0.622131 0.708979 0.003675 0.005257
0 0.619476 0.702748 0.003675 0.005647
0 0.617026 0.706058 0.002859 0.006426
0 0.603142 0.691941 0.005309 0.005063
0 0.594362 0.688242 0.005717 0.005452
0 0.592525 0.692817 0.005309 0.004478
0 0.596915 0.696128 0.004288 0.004868
0 0.601611 0.701288 0.003471 0.005841
0 0.603040 0.710439 0.003471 0.005452
0 0.599875 0.712094 0.004900 0.006426
0 0.596710 0.705766 0.004288 0.007399
0 0.587420 0.705182 0.002859 0.005063
0 0.587828 0.710537 0.002450 0.005647
0 0.586910 0.723485 0.002654 0.005452
0 0.584357 0.722219 0.004084 0.005257
0 0.589156 0.743638 0.005105 0.005257
0 0.590687 0.747532 0.002859 0.004868
0 0.596608 0.754834 0.004084 0.005841
0 0.672768 0.640273 0.006289 0.007925
0 0.568105 0.630742 0.006738 0.006426
0 0.518019 0.631170 0.006289 0.008139
0 0.517570 0.615856 0.004941 0.007068
0 0.451044 0.563544 0.004892 0.009589
0 0.441668 0.580131 0.006251 0.005442
0 0.446288 0.596588 0.004620 0.007775
0 0.455120 0.602549 0.004892 0.004665
0 0.449005 0.606955 0.005164 0.008812
0 0.437863 0.606566 0.004620 0.007516
0 0.423595 0.615507 0.004348 0.008812
0 0.508599 0.653744 0.004941 0.004712
0 0.487262 0.642285 0.004941 0.006640
0 0.486701 0.636395 0.006513 0.007282
0 0.481535 0.641963 0.005166 0.005140
0 0.477829 0.645926 0.004941 0.004926
0 0.476931 0.649353 0.005390 0.008353
0 0.483220 0.654065 0.003594 0.004926
0 0.500626 0.659420 0.005615 0.006211
0 0.501075 0.674734 0.004717 0.005569
0 0.571599 0.681481 0.003818 0.006211
0 0.562054 0.714144 0.004492 0.006854
0 0.576653 0.727638 0.004941 0.007282
0 0.571262 0.730851 0.004492 0.006854
0 0.562840 0.729137 0.003818 0.005569
0 0.560033 0.726032 0.003594 0.006640
0 0.567332 0.729459 0.003369 0.006211
0 0.542177 0.693047 0.004717 0.005355
0 0.547455 0.680303 0.004043 0.006854
0 0.528926 0.690155 0.002920 0.004284
0 0.528364 0.694332 0.002695 0.005355
0 0.533754 0.690584 0.004492 0.005140
0 0.528701 0.685979 0.003369 0.004926
0 0.531172 0.684372 0.003369 0.006854
0 0.516460 0.674948 0.003594 0.005997
0 0.514214 0.677518 0.002695 0.006854
0 0.509161 0.681053 0.003818 0.007497
0 0.511295 0.689941 0.003144 0.005569
0 0.523086 0.697652 0.004267 0.005569
0 0.517022 0.703756 0.004717 0.004926
0 0.524434 0.716286 0.004267 0.005569
0 0.519380 0.719499 0.004043 0.005997
0 0.515225 0.714144 0.004717 0.007282
0 0.506578 0.714894 0.006289 0.004926
0 0.501075 0.711360 0.004717 0.006854
0 0.497257 0.703328 0.005166 0.005355
0 0.522525 0.733743 0.004941 0.006211
0 0.535439 0.716500 0.005615 0.005997
0 0.535664 0.696902 0.003369 0.004926
0 0.620899 0.782470 0.003144 0.006426
0 0.619888 0.774759 0.003818 0.004712
0 0.611241 0.777972 0.005840 0.007282
0 0.578450 0.775081 0.003144 0.005783
0 0.574295 0.775402 0.003818 0.004712
0 0.585861 0.808708 0.003144 0.007068
0 0.548915 0.836766 0.003818 0.005355
0 0.542514 0.831947 0.004492 0.005569
0 0.539594 0.838801 0.004043 0.004712
0 0.540717 0.844263 0.004492 0.004070
0 0.544760 0.842335 0.003144 0.005355
0 0.542738 0.841264 0.003144 0.004926
0 0.542738 0.822095 0.003144 0.004712
0 0.539033 0.813206 0.002920 0.007497
0 0.542851 0.813206 0.004717 0.009638
0 0.529712 0.805174 0.004941 0.006854
0 0.553519 0.786968 0.004043 0.006426
0 0.558797 0.781185 0.004717 0.005997
0 0.561043 0.777544 0.005166 0.005997
0 0.556776 0.775295 0.002471 0.008782
0 0.563402 0.771439 0.003144 0.006211
0 0.558910 0.760516 0.004492 0.007497
0 0.519942 0.825629 0.003818 0.005355
0 0.511070 0.824022 0.002695 0.004284
0 0.513204 0.819310 0.004267 0.005569
0 0.511070 0.813527 0.004941 0.005997
0 0.500963 0.809672 0.005840 0.006426
0 0.510621 0.800569 0.004492 0.007068
0 0.506803 0.791252 0.004492 0.007282
0 0.497482 0.791252 0.005166 0.006854
0 0.509947 0.777865 0.004492 0.004498
0 0.506241 0.775616 0.004267 0.004284
0 0.506129 0.762551 0.002246 0.004712
0 0.506466 0.759659 0.003818 0.004498
0 0.501637 0.751092 0.004492 0.003213
0 0.507139 0.745737 0.003818 0.003213
0 0.506690 0.741132 0.005615 0.004284
0 0.496246 0.735028 0.004941 0.006640
0 0.490631 0.729137 0.004492 0.005140
0 0.488610 0.724425 0.005390 0.006426
0 0.491530 0.720463 0.006289 0.004498
0 0.494113 0.717786 0.003369 0.005997
0 0.495460 0.713716 0.003369 0.005569
0 0.483894 0.716393 0.006289 0.004926
0 0.484567 0.785897 0.006738 0.005569
0 0.461434 0.772510 0.004043 0.004926
0 0.454022 0.769619 0.004492 0.003855
0 0.466263 0.765335 0.003818 0.004712
0 0.464466 0.754412 0.003818 0.005997
0 0.468621 0.752163 0.003144 0.004926
0 0.479514 0.747236 0.003369 0.004070
0 0.459188 0.779043 0.003594 0.005569
0 0.473000 0.785790 0.004717 0.004498
0 0.464129 0.699901 0.003144 0.004926
0 0.472102 0.694760 0.004267 0.004926
0 0.483444 0.695938 0.003144 0.004284
0 0.488049 0.693904 0.002920 0.006640
0 0.484792 0.691762 0.004043 0.003641
0 0.505346 0.687335 0.002608 0.004096
0 0.502738 0.685872 0.001994 0.003218
0 0.501434 0.683092 0.002761 0.003804
0 0.498212 0.682873 0.002454 0.003072
0 0.496678 0.684921 0.003682 0.004535
0 0.492613 0.685725 0.003528 0.004096
0 0.469986 0.668682 0.002761 0.005413
0 0.473438 0.685067 0.004449 0.004535
0 0.473284 0.659539 0.002608 0.004096
0 0.472824 0.656028 0.001994 0.004389
0 0.469679 0.650761 0.003068 0.003804
0 0.469219 0.643227 0.003068 0.004535
0 0.467148 0.639863 0.002608 0.005705
0 0.460552 0.632621 0.004142 0.004974
0 0.458864 0.626623 0.004142 0.004681
0 0.458327 0.648348 0.003068 0.004242
0 0.457407 0.653029 0.003682 0.004535
0 0.457253 0.660490 0.002148 0.005705
0 0.459478 0.661221 0.002915 0.005120
0 0.453112 0.649445 0.003682 0.005852
0 0.447436 0.659100 0.003068 0.003804
0 0.446132 0.652810 0.003528 0.004389
0 0.439152 0.654346 0.005829 0.003950
0 0.438461 0.661075 0.004756 0.005413
0 0.434243 0.657418 0.004295 0.003365
0 0.434396 0.667293 0.003989 0.004974
0 0.431251 0.672413 0.002915 0.005267
0 0.428567 0.672047 0.003068 0.005413
0 0.447436 0.697648 0.003375 0.005705
0 0.454339 0.693625 0.003375 0.004681
0 0.456333 0.695673 0.003068 0.006144
0 0.455029 0.686530 0.001994 0.003365
0 0.453955 0.680239 0.002915 0.003657
0 0.448126 0.675924 0.002915 0.003218
0 0.446285 0.676363 0.002301 0.003511
0 0.428950 0.663928 0.002608 0.003218
0 0.418826 0.666707 0.002915 0.004096
0 0.408087 0.673437 0.003221 0.003804
0 0.398346 0.661953 0.003375 0.006291
0 0.437353 0.757706 0.003068 0.005120
0 0.445330 0.775041 0.002761 0.004096
0 0.411120 0.765020 0.002454 0.005120
0 0.402913 0.750391 0.002608 0.005120
0 0.381283 0.782210 0.004142 0.004096
0 0.377295 0.785209 0.003835 0.004828
0 0.404294 0.739200 0.003528 0.003511
0 0.395473 0.734226 0.004295 0.005559
0 0.407669 0.722449 0.002301 0.006583
0 0.379903 0.728008 0.004756 0.004828
0 0.386422 0.738907 0.003375 0.003804
0 0.388340 0.749440 0.002915 0.005267
0 0.379673 0.744905 0.005216 0.002341
0 0.370929 0.737591 0.004295 0.004681
0 0.364869 0.730056 0.005369 0.004535
0 0.359883 0.726765 0.004295 0.003804
0 0.358503 0.723108 0.002148 0.005559
0 0.355358 0.758218 0.002301 0.005267
0 0.410353 0.747612 0.004295 0.003072
0 0.407976 0.745856 0.003835 0.002487
0 0.414881 0.714295 0.004288 0.006231
0 0.587690 0.951038 0.005921 0.007594
0 0.561045 0.891553 0.004084 0.003894
0 0.555940 0.896907 0.003267 0.004478
0 0.552367 0.903138 0.004288 0.004478
0 0.563188 0.899633 0.002246 0.005257
0 0.561453 0.899147 0.003675 0.005452
0 0.536339 0.902359 0.003267 0.004478
0 0.535114 0.905572 0.002042 0.006231
0 0.533072 0.903528 0.003675 0.004478
0 0.531234 0.905085 0.003675 0.006036
0 0.525007 0.903430 0.003063 0.006231
0 0.522659 0.902651 0.004492 0.003894
0 0.516329 0.900412 0.006125 0.006815
0 0.494584 0.921149 0.003471 0.006620
0 0.491725 0.918618 0.003879 0.005841
0 0.488050 0.912971 0.004696 0.005452
0 0.490398 0.902651 0.005309 0.006231
0 0.487131 0.903430 0.003675 0.005063
0 0.483252 0.923486 0.003267 0.005841
0 0.489377 0.925920 0.007759 0.005257
0 0.506018 0.925336 0.004696 0.004868
0 0.591810 0.835115 0.005570 0.008348
0 0.576690 0.804570 0.005570 0.010245
0 0.431702 0.835566 0.005840 0.004926
0 0.420248 0.826570 0.004492 0.004926
0 0.411713 0.821429 0.003144 0.004070
0 0.408120 0.820251 0.003594 0.006426
0 0.405537 0.820787 0.005166 0.004498
0 0.387457 0.831282 0.004941 0.007925
0 0.378136 0.831496 0.004267 0.007497
0 0.348938 0.810292 0.006513 0.007068
0 0.334339 0.801617 0.002471 0.005569
0 0.334002 0.806008 0.003144 0.004070
0 0.331531 0.808471 0.003594 0.005140
0 0.328612 0.806436 0.003594 0.003213
0 0.307949 0.730400 0.005840 0.004926
0 0.276392 0.720012 0.005615 0.005140
0 0.272350 0.771096 0.005615 0.007068
0 0.259098 0.779235 0.004267 0.005783
0 0.264938 0.778699 0.004717 0.006854
0 0.283355 0.788873 0.006513 0.006211
0 0.308285 0.773344 0.006513 0.005997
0 0.252136 0.773559 0.005615 0.006426
0 0.241804 0.763813 0.004717 0.006640
0 0.236526 0.774415 0.004941 0.005140
0 0.238211 0.778592 0.005615 0.004498
0 0.231922 0.779877 0.004267 0.006640
0 0.225633 0.777949 0.004267 0.006640
0 0.216537 0.770560 0.004941 0.004284
0 0.210810 0.771417 0.003818 0.006426
0 0.188462 0.765527 0.006289 0.007068
0 0.190483 0.757173 0.004941 0.006211
0 0.251350 0.760922 0.004043 0.007711
0 0.249665 0.748177 0.005615 0.008353
0 0.257189 0.758458 0.005840 0.006211
0 0.163133 0.762590 0.002970 0.006727
0 0.161462 0.744888 0.004826 0.005310
0 0.150232 0.753916 0.003898 0.003894
0 0.140951 0.760997 0.006125 0.003540
0 0.128700 0.762236 0.004640 0.006018
0 0.118213 0.757014 0.003712 0.004779
0 0.105869 0.779672 0.004269 0.004425
0 0.110881 0.749491 0.004269 0.004248
0 0.103549 0.749668 0.005197 0.006373
0 0.120533 0.726656 0.003898 0.005664
0 0.083502 0.737719 0.004455 0.005487
0 0.088421 0.767015 0.003898 0.004956
0 0.086936 0.728161 0.002784 0.006550
0 0.077933 0.740906 0.002227 0.004779
0 0.072458 0.779318 0.004269 0.003717
0 0.070787 0.776043 0.004640 0.004602
0 0.065311 0.781088 0.004455 0.004425
0 0.062898 0.794895 0.005569 0.003363
0 0.060578 0.790558 0.003898 0.004956
0 0.060207 0.801179 0.003527 0.004956
0 0.067353 0.696161 0.004387 0.005310
0 0.068872 0.710161 0.004387 0.004989
0 0.070728 0.718127 0.004050 0.006759
0 0.084649 0.724564 0.002869 0.004506
0 0.074356 0.731725 0.001856 0.004345
0 0.075959 0.734058 0.002362 0.004184
0 0.074525 0.735185 0.002194 0.005149
0 0.074778 0.749909 0.002362 0.005632
0 0.071741 0.750472 0.002025 0.005471
0 0.070644 0.746208 0.002869 0.004667
0 0.070053 0.742748 0.002025 0.004184
0 0.050141 0.806312 0.003712 0.004184
0 0.047357 0.798829 0.004219 0.004667
0 0.045163 0.801163 0.003544 0.005149
0 0.050394 0.778473 0.003206 0.006437
0 0.053179 0.773243 0.004387 0.007241
0 0.046935 0.753128 0.003037 0.006598
0 0.043391 0.743150 0.002700 0.005632
0 0.057988 0.732288 0.003544 0.004828
0 0.071741 0.763909 0.003375 0.004989
0 0.044587 0.624107 0.004084 0.004779
0 0.043659 0.633665 0.003712 0.007966
0 0.036976 0.630302 0.004826 0.004779
0 0.037069 0.638445 0.005383 0.005841
0 0.031408 0.658890 0.004084 0.006018
0 0.270823 0.710402 0.002695 0.004712
0 0.312823 0.691232 0.005840 0.004498
0 0.293957 0.697015 0.004492 0.004926
0 0.243198 0.703762 0.004941 0.005997
0 0.261165 0.679023 0.003144 0.005355
0 0.107992 0.823116 0.008153 0.004005
0 0.046845 0.837252 0.006424 0.004005
0 0.097492 0.825001 0.003459 0.005419
0 0.277861 0.865012 0.004084 0.005841
0 0.270817 0.826847 0.004288 0.007399
0 0.264998 0.823537 0.004900 0.007789
0 0.306016 0.907432 0.005166 0.008782
0 0.181160 0.953982 0.005197 0.007789
0 0.229792 0.941414 0.004826 0.003894
0 0.618790 0.815332 0.003617 0.005958
0 0.548748 0.822231 0.004933 0.004077
0 0.548913 0.818154 0.005261 0.004704
