0 0.262442 0.069560 0.006439 0.003450
0 0.252553 0.079219 0.004139 0.004139
0 0.249104 0.077321 0.005519 0.002415
0 0.370184 0.121256 0.003770 0.004477
0 0.281126 0.138338 0.003456 0.003770
0 0.268403 0.119018 0.003141 0.004712
0 0.249869 0.116426 0.003770 0.003298
0 0.231648 0.112892 0.003770 0.003770
0 0.226779 0.095222 0.004084 0.003298
0 0.213742 0.079790 0.003770 0.004477
0 0.197564 0.093219 0.003456 0.004477
0 0.224622 0.124105 0.002360 0.004184
0 0.223120 0.124587 0.003218 0.004184
0 0.229449 0.141082 0.002575 0.004023
0 0.240714 0.149611 0.005793 0.002092
0 0.250584 0.146714 0.004506 0.002414
0 0.261634 0.145185 0.002575 0.003862
0 0.259274 0.157496 0.004291 0.004023
0 0.253373 0.157737 0.004935 0.002575
0 0.246507 0.165140 0.004077 0.002575
0 0.278691 0.168036 0.003648 0.003540
0 0.252729 0.176807 0.004935 0.002092
0 0.253051 0.178014 0.003862 0.002575
0 0.291136 0.182841 0.005793 0.002575
0 0.250369 0.126358 0.004935 0.003218
0 0.226231 0.138105 0.004720 0.002897
0 0.207349 0.124748 0.002575 0.003862
0 0.189541 0.112760 0.002575 0.003701
0 0.188253 0.113645 0.003862 0.003218
0 0.189970 0.115334 0.003862 0.003058
0 0.198016 0.142933 0.004506 0.002253
0 0.199303 0.147036 0.004935 0.002736
0 0.220116 0.150979 0.001931 0.004184
0 0.197372 0.157576 0.005364 0.001931
0 0.235457 0.170611 0.004291 0.003540
0 0.230629 0.169967 0.002789 0.003862
0 0.251871 0.182519 0.004077 0.003862
0 0.241143 0.181634 0.004935 0.003058
0 0.246936 0.104311 0.004077 0.004506
0 0.245649 0.101978 0.004077 0.002414
0 0.245005 0.101334 0.004077 0.001770
0 0.188575 0.093127 0.003648 0.003379
0 0.186859 0.093690 0.004077 0.003540
0 0.231510 0.062643 0.001885 0.005183
0 0.229625 0.061347 0.003770 0.004477
0 0.193969 0.072728 0.003540 0.003186
0 0.191018 0.072994 0.002360 0.004071
0 0.192553 0.071224 0.004956 0.001947
0 0.251557 0.138666 0.002124 0.003363
0 0.252855 0.140171 0.004720 0.001770
0 0.253799 0.140790 0.004248 0.002301
0 0.271768 0.197358 0.003015 0.003990
0 0.224777 0.184059 0.005852 0.002128
0 0.249337 0.196427 0.004256 0.002128
0 0.238342 0.193701 0.002128 0.003857
0 0.237722 0.191573 0.003369 0.003325
0 0.225043 0.195297 0.004965 0.002261
0 0.216620 0.194565 0.002660 0.003458
0 0.222738 0.196427 0.003901 0.002660
0 0.221497 0.197026 0.004965 0.001995
0 0.221319 0.198289 0.003546 0.002394
0 0.327625 0.196028 0.004788 0.003192
0 0.350500 0.169696 0.002660 0.003458
0 0.258380 0.187317 0.004610 0.002793
0 0.260065 0.188381 0.004078 0.001463
0 0.317438 0.213730 0.003316 0.003804
0 0.289252 0.220313 0.003121 0.004096
0 0.267601 0.205610 0.005071 0.001902
0 0.267016 0.206708 0.005462 0.002926
0 0.254337 0.224555 0.004681 0.003218
0 0.245072 0.222361 0.003706 0.003804
0 0.242244 0.222288 0.003901 0.002780
0 0.239903 0.222142 0.003121 0.003657
0 0.228590 0.205391 0.003511 0.003218
0 0.227322 0.235893 0.004096 0.004242
0 0.255800 0.235381 0.003316 0.003804
0 0.254142 0.240428 0.005462 0.001902
0 0.250826 0.250376 0.004681 0.003657
0 0.234636 0.247962 0.004681 0.003804
0 0.233173 0.253668 0.002536 0.003804
0 0.237660 0.257471 0.002926 0.004096
0 0.279499 0.249791 0.005071 0.002194
0 0.274038 0.229310 0.003121 0.003657
0 0.271014 0.226969 0.004486 0.002487
0 0.269259 0.227920 0.003706 0.002926
0 0.267894 0.228798 0.002926 0.003804
0 0.265260 0.214388 0.003901 0.002194
0 0.264870 0.215558 0.004291 0.001902
0 0.228004 0.211316 0.002341 0.003657
0 0.230345 0.211023 0.002341 0.003072
0 0.228882 0.209560 0.002146 0.003072
0 0.289887 0.260434 0.004484 0.003540
0 0.301508 0.243054 0.002926 0.003511
0 0.300337 0.244298 0.002146 0.003657
0 0.302093 0.246931 0.002146 0.003950
0 0.304726 0.246858 0.003901 0.004389
0 0.271371 0.266241 0.002341 0.004828
0 0.257230 0.260463 0.005267 0.002048
0 0.264154 0.274507 0.004291 0.003804
0 0.272605 0.216646 0.004690 0.001869
0 0.272898 0.214723 0.003517 0.001759
0 0.274803 0.215492 0.004690 0.001759
0 0.242186 0.268319 0.004353 0.001814
0 0.246941 0.274182 0.002579 0.002902
0 0.248634 0.274364 0.003063 0.002055
0 0.248150 0.276117 0.003708 0.001693
0 0.244443 0.277265 0.004030 0.001572
0 0.244523 0.278233 0.004191 0.001330
0 0.264916 0.284036 0.002740 0.003506
0 0.246538 0.288207 0.004353 0.002176
0 0.278860 0.281981 0.003546 0.003990
0 0.282326 0.280228 0.003385 0.002902
0 0.282084 0.282404 0.002257 0.002660
0 0.283857 0.283129 0.002579 0.003627
0 0.300461 0.271462 0.003224 0.003264
0 0.299655 0.272550 0.004191 0.002539
0 0.299171 0.273215 0.003546 0.002176
0 0.280472 0.288751 0.002579 0.003748
0 0.277248 0.294373 0.004836 0.002176
0 0.284179 0.299270 0.004836 0.002781
0 0.289499 0.290383 0.002257 0.004111
0 0.292481 0.288207 0.005320 0.001693
0 0.291917 0.290262 0.002257 0.002660
0 0.293287 0.292741 0.003385 0.002055
0 0.291998 0.293587 0.003385 0.003023
0 0.303524 0.296429 0.002902 0.003143
0 0.303040 0.298061 0.003546 0.003023
0 0.278376 0.305375 0.003546 0.003385
0 0.273056 0.304771 0.003224 0.003627
0 0.273298 0.306463 0.003708 0.002418
0 0.250085 0.300116 0.003385 0.003264
0 0.248150 0.303320 0.002418 0.003143
0 0.295141 0.290021 0.003546 0.001451
0 0.295302 0.291048 0.004191 0.002055
0 0.308283 0.276519 0.004514 0.002055
0 0.308041 0.277849 0.003708 0.002055
0 0.311023 0.278756 0.001934 0.002902
0 0.431040 0.331651 0.004353 0.002297
0 0.311668 0.322341 0.002257 0.003264
0 0.310137 0.325545 0.002740 0.003143
0 0.312555 0.344648 0.005642 0.002902
0 0.291437 0.321495 0.003385 0.003264
0 0.290470 0.322402 0.003063 0.002418
0 0.289261 0.326029 0.002902 0.003143
0 0.293210 0.322704 0.002418 0.001814
0 0.292082 0.324276 0.002740 0.002297
0 0.294500 0.324517 0.002740 0.001814
0 0.263871 0.325727 0.002096 0.003264
0 0.255166 0.318895 0.002740 0.002902
0 0.252345 0.320951 0.002902 0.003143
0 0.265725 0.340235 0.003546 0.003990
0 0.269755 0.343862 0.002579 0.003264
0 0.284747 0.342230 0.003224 0.003869
0 0.282571 0.338240 0.003063 0.002902
0 0.284747 0.338421 0.004514 0.001814
0 0.294177 0.341988 0.003385 0.003385
0 0.294983 0.338240 0.003063 0.002418
0 0.295789 0.339509 0.003385 0.001814
0 0.296192 0.340900 0.003869 0.001934
0 0.328272 0.345071 0.005481 0.003023
0 0.324887 0.345131 0.002579 0.002902
0 0.322469 0.345192 0.002902 0.002539
0 0.303124 0.359398 0.002902 0.004111
0 0.302399 0.360003 0.002418 0.004111
0 0.382918 0.364579 0.004433 0.002660
0 0.345413 0.369632 0.003546 0.003990
0 0.341867 0.368302 0.006029 0.002128
0 0.315889 0.370563 0.004788 0.002660
0 0.288315 0.373290 0.004965 0.002261
0 0.290266 0.373689 0.003546 0.002793
0 0.302856 0.376016 0.005674 0.001862
0 0.302146 0.377413 0.003901 0.002527
0 0.300639 0.378476 0.004433 0.002527
0 0.303037 0.379332 0.005129 0.001539
0 0.303917 0.380431 0.005715 0.001978
0 0.287576 0.383674 0.002931 0.002748
0 0.286697 0.385212 0.002931 0.003187
0 0.321356 0.385267 0.004250 0.003078
0 0.322235 0.384113 0.005129 0.002308
0 0.356601 0.390543 0.004983 0.002638
0 0.397488 0.385817 0.002931 0.003517
0 0.295050 0.387576 0.004396 0.002418
0 0.293512 0.388455 0.002784 0.002418
0 0.292559 0.389334 0.002345 0.003078
0 0.295563 0.390873 0.005129 0.001978
0 0.281641 0.395214 0.005715 0.002088
0 0.268305 0.394005 0.003957 0.002968
0 0.255482 0.393071 0.005276 0.002638
0 0.269697 0.407250 0.005276 0.002858
0 0.279809 0.413735 0.005569 0.001978
0 0.886188 0.296229 0.003763 0.002822
0 0.892250 0.295288 0.003345 0.002195
0 0.893087 0.293250 0.005017 0.003763
0 0.901555 0.286071 0.004935 0.002736
0 0.907777 0.282772 0.004935 0.003218
0 0.910781 0.283657 0.003218 0.003379
0 0.944811 0.383694 0.004569 0.004498
0 0.821582 0.393226 0.005997 0.002570
0 0.826437 0.411217 0.003141 0.004284
0 0.858708 0.437348 0.007711 0.004284
0 0.835718 0.422890 0.003998 0.002784
0 0.900546 0.449235 0.005140 0.003641
0 0.574794 0.378835 0.004492 0.004406
0 0.322286 0.401610 0.002345 0.004067
0 0.319574 0.401225 0.002198 0.003297
0 0.317230 0.401665 0.002198 0.003078
0 0.316570 0.403423 0.001759 0.002858
0 0.317596 0.403203 0.002052 0.002418
0 0.301769 0.400620 0.002345 0.002968
0 0.296200 0.399466 0.002931 0.003078
0 0.297519 0.398202 0.003810 0.002088
0 0.298471 0.400126 0.002491 0.002638
0 0.296786 0.401170 0.002638 0.003187
0 0.295321 0.401445 0.002052 0.003078
0 0.321626 0.412216 0.003078 0.002638
0 0.320527 0.413260 0.001759 0.002528
0 0.319355 0.414359 0.004103 0.003407
0 0.297152 0.415294 0.002491 0.002858
0 0.275683 0.425900 0.003810 0.002968
0 0.306681 0.428322 0.002753 0.003055
0 0.303267 0.428528 0.004294 0.001486
0 0.304368 0.430139 0.002532 0.002064
0 0.302827 0.430221 0.002973 0.002725
0 0.290936 0.431584 0.002973 0.001817
0 0.292367 0.432121 0.003413 0.001899
0 0.314443 0.435589 0.004184 0.002725
0 0.321985 0.431832 0.002753 0.003303
0 0.329197 0.435176 0.004184 0.002725
0 0.328426 0.438231 0.003523 0.002395
0 0.311525 0.436786 0.003413 0.002808
0 0.301010 0.444136 0.003744 0.002808
0 0.284660 0.443393 0.003193 0.003303
0 0.318838 0.442605 0.002531 0.003997
0 0.305782 0.445253 0.003331 0.003098
0 0.320770 0.446852 0.002931 0.003098
0 0.306714 0.452297 0.003864 0.003397
0 0.303983 0.452797 0.004796 0.001599
0 0.305449 0.454845 0.004263 0.003098
0 0.293792 0.456094 0.003864 0.002998
0 0.291726 0.455944 0.002665 0.004097
0 0.289728 0.455545 0.002665 0.003497
0 0.280669 0.453746 0.002132 0.003098
0 0.323168 0.462989 0.004796 0.001599
0 0.321369 0.463888 0.004130 0.002398
0 0.309779 0.471582 0.004663 0.002198
0 0.307580 0.472931 0.003730 0.003497
0 0.291527 0.469134 0.004396 0.001898
0 0.329135 0.451039 0.003003 0.002552
0 0.329244 0.448997 0.004103 0.001539
0 0.330929 0.449876 0.004250 0.002198
0 0.272603 0.474771 0.002784 0.002968
0 0.284913 0.478563 0.005129 0.001759
0 0.355776 0.434405 0.003115 0.004868
0 0.358980 0.483414 0.002665 0.003697
0 0.346989 0.488709 0.004530 0.002098
0 0.381961 0.488809 0.003864 0.003297
0 0.318012 0.487660 0.003064 0.002998
0 0.319478 0.490108 0.002531 0.002898
0 0.319611 0.491957 0.004663 0.001799
0 0.326472 0.496703 0.002398 0.002898
0 0.324874 0.498252 0.003997 0.002598
0 0.298428 0.495404 0.003064 0.003497
0 0.274248 0.486511 0.002931 0.003098
0 0.273981 0.491707 0.003997 0.002698
0 0.272915 0.498402 0.003997 0.002298
0 0.301692 0.505246 0.004796 0.002198
0 0.293299 0.508294 0.003730 0.003497
0 0.283374 0.513839 0.003064 0.003397
0 0.317746 0.510392 0.002798 0.002898
0 0.311684 0.512890 0.004263 0.003098
0 0.306355 0.511841 0.002931 0.002198
0 0.331002 0.512590 0.002931 0.002698
0 0.334066 0.512091 0.004530 0.002698
0 0.359221 0.522268 0.003546 0.003869
0 0.451691 0.498520 0.005267 0.002926
0 0.515280 0.528729 0.004486 0.004535
0 0.426364 0.552948 0.006231 0.002726
0 0.320568 0.534130 0.002907 0.003815
0 0.328744 0.532949 0.002786 0.003270
0 0.290532 0.532813 0.005087 0.002089
0 0.280479 0.523457 0.003149 0.003179
0 0.327714 0.524093 0.003391 0.001908
0 0.328683 0.524865 0.004118 0.001272
0 0.329470 0.524683 0.004239 0.001635
0 0.281514 0.547595 0.002198 0.003187
0 0.304009 0.556828 0.002931 0.003407
0 0.328552 0.551829 0.002639 0.003003
0 0.326550 0.552238 0.003003 0.003685
0 0.325458 0.558039 0.002821 0.004504
0 0.320499 0.556231 0.002730 0.002252
0 0.319043 0.557596 0.004732 0.001979
0 0.326186 0.570699 0.003185 0.003071
0 0.325504 0.567764 0.003458 0.002662
0 0.327141 0.568379 0.002184 0.002525
0 0.298751 0.566195 0.004732 0.002525
0 0.283964 0.565512 0.003913 0.002116
0 0.304893 0.575340 0.004641 0.002252
0 0.306986 0.578001 0.005733 0.001570
0 0.320499 0.584212 0.004550 0.002662
0 0.273883 0.557245 0.002973 0.003386
0 0.280269 0.566039 0.003193 0.004129
0 0.288912 0.576403 0.004845 0.003221
0 0.302565 0.588666 0.003083 0.003799
0 0.308621 0.588913 0.002643 0.003468
0 0.281646 0.594240 0.005946 0.001899
0 0.200014 0.567103 0.003331 0.003297
0 0.339063 0.615939 0.003371 0.002968
0 0.332542 0.606431 0.006448 0.002638
0 0.319719 0.605167 0.002491 0.004287
0 0.307042 0.604013 0.004396 0.002638
0 0.309387 0.615005 0.003810 0.002858
0 0.308361 0.610333 0.003224 0.001429
0 0.308874 0.611158 0.001905 0.003078
0 0.337451 0.620170 0.005422 0.001978
0 0.296271 0.630172 0.002784 0.003517
0 0.309387 0.629843 0.006448 0.001978
0 0.310999 0.630337 0.003517 0.003187
0 0.319353 0.643746 0.004690 0.002528
0 0.317741 0.644076 0.002931 0.002748
0 0.321771 0.646769 0.004250 0.002198
0 0.316422 0.647923 0.005276 0.002528
0 0.299056 0.645175 0.003664 0.002748
0 0.289530 0.645670 0.004250 0.003078
0 0.294586 0.646165 0.004983 0.002748
0 0.294000 0.648033 0.003224 0.002748
0 0.298469 0.648638 0.004836 0.002638
0 0.365076 0.656057 0.003810 0.003847
0 0.278543 0.629582 0.004929 0.002298
0 0.275878 0.649416 0.004929 0.002198
0 0.279342 0.651464 0.002531 0.003098
0 0.286337 0.656210 0.004263 0.003597
0 0.298593 0.664254 0.005063 0.003297
0 0.302057 0.665053 0.004530 0.003497
0 0.421917 0.626714 0.004543 0.002638
0 0.406310 0.638860 0.006155 0.002528
0 0.385940 0.666393 0.005862 0.003517
0 0.564639 0.661362 0.004681 0.002926
0 0.544938 0.663044 0.003901 0.003365
0 0.493736 0.673724 0.002926 0.003365
0 0.442924 0.677527 0.006242 0.003365
0 0.440973 0.704518 0.006242 0.003804
0 0.369290 0.695741 0.005657 0.002926
0 0.334877 0.677980 0.003964 0.002808
0 0.314068 0.670259 0.005285 0.001734
0 0.314233 0.671786 0.003854 0.001652
0 0.309223 0.671002 0.002202 0.003055
0 0.310710 0.671869 0.002532 0.002643
0 0.311480 0.671951 0.002532 0.002973
0 0.310489 0.672860 0.002532 0.002312
0 0.311590 0.685618 0.002092 0.003551
0 0.281091 0.683223 0.003854 0.002230
0 0.280156 0.684421 0.002863 0.003138
0 0.297112 0.689045 0.001762 0.003303
0 0.295735 0.690779 0.003413 0.003633
0 0.305425 0.696023 0.003193 0.003881
0 0.274554 0.696322 0.003331 0.003797
0 0.261032 0.706364 0.002665 0.003697
0 0.253304 0.708812 0.003197 0.003397
0 0.251572 0.714907 0.003197 0.003597
0 0.252705 0.715657 0.002265 0.002898
0 0.297336 0.712009 0.003864 0.002998
0 0.308593 0.712159 0.003197 0.003697
0 0.303930 0.723750 0.004263 0.002698
0 0.299134 0.719503 0.005063 0.002198
0 0.299467 0.721152 0.002798 0.003297
0 0.294738 0.725349 0.004530 0.003297
0 0.252172 0.724000 0.003331 0.003997
0 0.260299 0.722651 0.003331 0.003098
0 0.260565 0.724749 0.004396 0.002298
0 0.264562 0.732393 0.003597 0.003397
0 0.259166 0.733442 0.001865 0.003897
0 0.290874 0.733142 0.003730 0.002898
0 0.295404 0.731844 0.003997 0.003098
0 0.327241 0.735088 0.004294 0.002230
0 0.327792 0.733974 0.003633 0.001652
0 0.323883 0.739878 0.005725 0.002395
0 0.295366 0.738226 0.001762 0.002890
0 0.297678 0.739135 0.004184 0.001899
0 0.295146 0.740002 0.003303 0.002643
0 0.283640 0.739754 0.005175 0.002147
0 0.283310 0.741736 0.001872 0.002643
0 0.285347 0.742355 0.003303 0.003551
0 0.288319 0.745989 0.003964 0.001899
0 0.289586 0.746856 0.005615 0.002147
0 0.273290 0.750407 0.002532 0.003633
0 0.403130 0.745574 0.006177 0.002362
0 0.441705 0.754294 0.004602 0.003088
0 0.465262 0.751024 0.005450 0.002907
0 0.508682 0.759336 0.005571 0.002816
0 0.313291 0.761350 0.005462 0.001499
0 0.312958 0.763348 0.003997 0.003497
0 0.296771 0.763148 0.003597 0.003497
0 0.281516 0.760650 0.005063 0.001898
0 0.270925 0.761699 0.002798 0.003397
0 0.269926 0.759052 0.003197 0.003098
0 0.275854 0.766446 0.003864 0.003297
0 0.273656 0.766496 0.002132 0.003197
0 0.288111 0.772641 0.003331 0.004896
0 0.235420 0.766795 0.002398 0.003397
0 0.257536 0.769493 0.002132 0.003197
0 0.256536 0.770542 0.003331 0.004097
0 0.260733 0.772141 0.003464 0.003297
0 0.258801 0.772291 0.001998 0.002998
0 0.248876 0.777587 0.003464 0.002998
0 0.285513 0.782583 0.003197 0.003597
0 0.280384 0.780684 0.003597 0.003797
0 0.224346 0.785644 0.002783 0.002989
0 0.241417 0.787336 0.002181 0.002877
0 0.239687 0.789423 0.002933 0.002877
0 0.241755 0.789564 0.001805 0.002933
0 0.272250 0.790128 0.002030 0.003046
0 0.272739 0.791509 0.002406 0.002877
0 0.263827 0.798616 0.002331 0.002425
0 0.233633 0.798588 0.002557 0.002594
0 0.267362 0.801493 0.002181 0.003553
0 0.265632 0.802141 0.002933 0.002820
0 0.255630 0.807584 0.002181 0.002200
0 0.268715 0.806371 0.004136 0.001805
0 0.266234 0.806823 0.003234 0.002707
0 0.271836 0.809784 0.004512 0.002538
0 0.256746 0.809404 0.002973 0.003055
0 0.315651 0.798999 0.002092 0.003386
0 0.328093 0.808289 0.005175 0.002312
0 0.306127 0.805523 0.003744 0.002560
0 0.311578 0.808743 0.002973 0.003551
0 0.301668 0.816258 0.004955 0.003221
0 0.371860 0.825837 0.003964 0.003716
0 0.392449 0.825754 0.005065 0.003055
0 0.399221 0.819520 0.004074 0.001982
0 0.456750 0.810519 0.003964 0.002808
0 0.419865 0.841485 0.005065 0.002643
0 0.360574 0.841651 0.004294 0.002312
0 0.498162 0.816421 0.004836 0.003990
0 0.418495 0.781094 0.003540 0.005133
0 0.534616 0.839597 0.003540 0.004248
0 0.618610 0.779829 0.003724 0.003059
0 0.655582 0.814008 0.004965 0.002261
0 0.608484 0.845603 0.004935 0.002253
0 0.604531 0.872824 0.004675 0.002418
0 0.494534 0.886661 0.003862 0.004184
0 0.471684 0.910558 0.004077 0.004345
0 0.444863 0.909753 0.004077 0.004023
0 0.417905 0.886664 0.004481 0.002634
0 0.411788 0.878716 0.004360 0.003088
0 0.380056 0.878489 0.002422 0.003361
0 0.358726 0.898643 0.004486 0.004681
0 0.385059 0.924171 0.004096 0.003950
0 0.326932 0.894693 0.003706 0.004389
0 0.319032 0.883867 0.006242 0.003218
0 0.331126 0.858412 0.006242 0.002926
0 0.294845 0.862947 0.005071 0.002926
0 0.297966 0.869457 0.004291 0.004242
0 0.312108 0.845319 0.004096 0.002780
0 0.295040 0.840930 0.005462 0.002194
0 0.300404 0.844120 0.003597 0.001599
0 0.297140 0.845119 0.004530 0.002198
0 0.263367 0.851264 0.003064 0.002698
0 0.253081 0.818221 0.003143 0.001799
0 0.252336 0.819369 0.003143 0.001985
0 0.247538 0.819338 0.004798 0.002171
0 0.243485 0.825821 0.002482 0.002854
0 0.239556 0.827372 0.003557 0.002482
0 0.231862 0.835593 0.003392 0.002916
0 0.230823 0.863301 0.004610 0.003724
0 0.196600 0.863035 0.006384 0.002394
0 0.254319 0.872345 0.004788 0.002660
0 0.241020 0.873542 0.004433 0.003192
0 0.235580 0.874013 0.004530 0.002098
0 0.240643 0.878959 0.002931 0.003597
0 0.253433 0.889400 0.002931 0.004097
0 0.247771 0.892048 0.003064 0.003597
0 0.189218 0.876661 0.003730 0.003797
0 0.202274 0.887302 0.004796 0.001499
0 0.204339 0.888401 0.001998 0.003697
0 0.213798 0.894646 0.003064 0.002798
0 0.224856 0.895446 0.005729 0.002198
0 0.212999 0.898543 0.004663 0.002398
0 0.226987 0.900691 0.004929 0.002498
0 0.222591 0.903489 0.003864 0.004097
0 0.239577 0.906986 0.003464 0.002898
0 0.235314 0.909734 0.004530 0.002398
0 0.252434 0.913181 0.003597 0.003297
0 0.309926 0.914903 0.004184 0.003303
0 0.289557 0.930759 0.002643 0.002643
0 0.290163 0.932782 0.002092 0.003221
0 0.274363 0.924813 0.002202 0.003303
0 0.263682 0.918000 0.004624 0.002064
0 0.265224 0.919445 0.004624 0.001486
0 0.265444 0.920684 0.005505 0.001652
0 0.232303 0.928901 0.004184 0.002230
0 0.191840 0.894235 0.002398 0.003697
0 0.175987 0.911322 0.003464 0.003098
0 0.207495 0.915568 0.004663 0.002798
0 0.207361 0.922663 0.003864 0.002998
0 0.196170 0.917367 0.002531 0.002598
0 0.194438 0.917567 0.003064 0.003197
0 0.195105 0.921913 0.001732 0.003297
0 0.196503 0.921613 0.001865 0.003098
0 0.176853 0.933804 0.003064 0.003497
0 0.180983 0.934403 0.003864 0.003497
0 0.189309 0.939699 0.003730 0.002098
0 0.190648 0.909603 0.003413 0.002890
0 0.187455 0.908282 0.002753 0.001734
0 0.185033 0.907704 0.002092 0.002890
0 0.217318 0.909373 0.002532 0.002890
0 0.212803 0.910529 0.004294 0.001734
0 0.215281 0.911065 0.002643 0.002477
0 0.213629 0.911561 0.003303 0.002147
0 0.215226 0.909331 0.002753 0.001982
0 0.200409 0.927036 0.004704 0.001952
0 0.200359 0.927749 0.006006 0.001877
0 0.961967 0.230667 0.004569 0.004070
0 0.950258 0.209462 0.004569 0.004498
0 0.943261 0.204857 0.004855 0.002999
0 0.938549 0.205607 0.002856 0.004070
0 0.924698 0.213318 0.004284 0.004070
0 0.922271 0.227454 0.007425 0.004498
0 0.917558 0.234094 0.004284 0.003213
0 0.910847 0.231845 0.004569 0.002999
0 0.902851 0.244268 0.003998 0.002999
0 0.907706 0.244161 0.003998 0.001928
