0 0.311279 0.707252 0.001791 0.003312
0 0.308008 0.704858 0.002492 0.002484
0 0.315854 0.702644 0.003621 0.002016
0 0.325063 0.693483 0.002258 0.002916
0 0.327925 0.695535 0.001986 0.003204
0 0.328470 0.697676 0.002375 0.002448
0 0.346990 0.695167 0.001947 0.002556
0 0.349170 0.694573 0.001869 0.002304
0 0.358126 0.686906 0.002803 0.003024
0 0.378242 0.683888 0.001805 0.003043
0 0.392100 0.689697 0.002195 0.002291
0 0.396113 0.691688 0.002050 0.002874
0 0.404248 0.700034 0.002447 0.003424
0 0.417955 0.696702 0.003472 0.002507
0 0.417112 0.701990 0.002116 0.002140
0 0.430341 0.695917 0.003081 0.003906
0 0.440464 0.692336 0.002289 0.003418
0 0.442995 0.696242 0.002421 0.002848
0 0.445922 0.679620 0.003081 0.002401
0 0.368181 0.718092 0.002386 0.003715
0 0.363638 0.718566 0.003321 0.003262
0 0.311273 0.702171 0.002760 0.002372
0 0.312701 0.701678 0.003002 0.003088
0 0.298975 0.703894 0.002276 0.003133
0 0.299023 0.701835 0.001791 0.002865
0 0.300597 0.701790 0.002130 0.003760
0 0.472923 0.625052 0.003343 0.003863
0 0.463747 0.650063 0.002659 0.003093
0 0.907404 0.748589 0.003177 0.002043
0 0.443896 0.800407 0.003039 0.003933
