0 0.398702 0.430290 0.003365 0.003841
0 0.398992 0.440288 0.003017 0.003276
0 0.391797 0.463109 0.002321 0.003502
0 0.463847 0.432308 0.002528 0.002631
0 0.468598 0.427215 0.002616 0.003310
0 0.469034 0.431077 0.002267 0.003225
0 0.461493 0.440117 0.004446 0.002461
0 0.455521 0.441602 0.002616 0.002207
0 0.454038 0.443809 0.002092 0.002207
0 0.476271 0.426960 0.001744 0.002292
0 0.475878 0.425730 0.002180 0.001867
0 0.477840 0.423396 0.002267 0.002631
0 0.476706 0.413337 0.003487 0.002037
0 0.486602 0.416648 0.002180 0.002886
0 0.490743 0.418515 0.002092 0.002886
0 0.494884 0.417836 0.002180 0.002716
0 0.493838 0.421358 0.002180 0.003141
0 0.492661 0.426748 0.002790 0.002207
0 0.489217 0.421528 0.002877 0.002122
0 0.490482 0.422165 0.002092 0.002886
0 0.489566 0.424669 0.001831 0.002292
0 0.488794 0.413869 0.003217 0.001944
0 0.491031 0.412483 0.001997 0.002556
0 0.496928 0.409603 0.002108 0.002412
0 0.504693 0.413311 0.001886 0.002772
0 0.482939 0.421129 0.002799 0.001913
0 0.483623 0.421796 0.002739 0.002203
0 0.517849 0.442895 0.002400 0.002772
0 0.520554 0.442915 0.001790 0.002970
0 0.526166 0.443667 0.002522 0.002653
0 0.506257 0.441291 0.001912 0.002811
0 0.507254 0.442123 0.001708 0.002415
0 0.521611 0.450101 0.001871 0.002217
0 0.530396 0.455289 0.002115 0.002138
0 0.532247 0.455962 0.002562 0.002138
0 0.545994 0.458753 0.002074 0.003049
0 0.547357 0.460496 0.001871 0.001861
0 0.547255 0.462436 0.002074 0.002653
0 0.548414 0.463564 0.001790 0.002613
0 0.557647 0.458397 0.002847 0.002019
0 0.555166 0.456813 0.002115 0.002811
0 0.554901 0.455130 0.002400 0.002455
0 0.570064 0.459130 0.002863 0.002657
0 0.570668 0.461874 0.001924 0.002831
0 0.480131 0.413448 0.002237 0.002495
0 0.482083 0.412319 0.003213 0.001980
0 0.494610 0.413784 0.001993 0.002217
0 0.496705 0.411983 0.002115 0.002257
0 0.496766 0.413388 0.002237 0.001821
0 0.500345 0.415091 0.002156 0.001742
