0 0.926835 0.874751 0.006046 0.006451
0 0.919983 0.857296 0.003627 0.004933
0 0.902854 0.850846 0.007255 0.004174
0 0.904466 0.845533 0.006449 0.005692
0 0.920155 0.793782 0.004129 0.004147
0 0.897169 0.791191 0.004955 0.003628
0 0.871293 0.773956 0.003303 0.004406
0 0.833854 0.769939 0.004955 0.004665
0 0.752865 0.749119 0.003579 0.004665
0 0.700011 0.744843 0.004680 0.002851
0 0.622657 0.732662 0.004129 0.004406
0 0.594991 0.720092 0.003854 0.005183
0 0.596780 0.724498 0.003579 0.004665
0 0.778904 0.681522 0.005240 0.003794
0 0.399230 0.683840 0.002275 0.003427
0 0.393201 0.680627 0.002048 0.003855
0 0.394566 0.684696 0.002048 0.004284
0 0.398661 0.709114 0.002958 0.003427
0 0.388082 0.684482 0.001820 0.003855
0 0.386717 0.684803 0.001820 0.004070
0 0.349520 0.668632 0.002503 0.002999
0 0.349747 0.664670 0.003868 0.002356
0 0.335187 0.716503 0.002503 0.003641
0 0.354980 0.730532 0.005233 0.002999
0 0.358961 0.744347 0.004095 0.003213
0 0.271217 0.756615 0.004136 0.004868
0 0.262737 0.755252 0.003723 0.003700
0 0.264702 0.761093 0.004757 0.002531
0 0.260152 0.759243 0.003516 0.002337
0 0.259945 0.753207 0.002275 0.003894
0 0.247018 0.760022 0.003723 0.004673
0 0.235850 0.765572 0.002896 0.004089
0 0.227887 0.758172 0.002689 0.004868
0 0.217753 0.757491 0.002275 0.003894
0 0.217753 0.763235 0.002275 0.003310
0 0.231713 0.765864 0.004136 0.002726
0 0.254078 0.764185 0.005299 0.002092
0 0.254676 0.765392 0.002051 0.004184
0 0.180236 0.761208 0.002564 0.003540
0 0.176390 0.757185 0.004444 0.002253
0 0.167331 0.768772 0.002393 0.003540
0 0.158272 0.769254 0.002051 0.003540
0 0.120957 0.774230 0.002632 0.004425
0 0.109958 0.779540 0.003948 0.004779
0 0.100745 0.775911 0.002820 0.005310
0 0.090498 0.792551 0.003760 0.003894
0 0.064793 0.793920 0.003003 0.005655
0 0.072426 0.836094 0.002753 0.004712
0 0.074678 0.839746 0.002753 0.004477
0 0.070223 0.837729 0.002684 0.003458
0 0.072342 0.840788 0.002119 0.003192
0 0.102997 0.847504 0.003532 0.003059
0 0.085268 0.854819 0.003390 0.002793
0 0.103510 0.825183 0.002735 0.004345
0 0.100006 0.826953 0.002906 0.004023
