0 0.936930 0.687265 0.005785 0.008348
0 0.915720 0.687057 0.006749 0.007096
0 0.900294 0.685178 0.008677 0.008348
0 0.888243 0.669944 0.005785 0.007096
0 0.893545 0.696657 0.003856 0.004591
0 0.892340 0.700622 0.003374 0.004174
0 0.888243 0.707926 0.003856 0.007096
0 0.887279 0.711891 0.002892 0.005843
0 0.896197 0.721491 0.004338 0.005009
0 0.890171 0.725248 0.004820 0.006678
0 0.942473 0.803717 0.005303 0.007513
0 0.927289 0.803717 0.005785 0.010017
0 0.889930 0.767196 0.005303 0.006261
0 0.866069 0.735474 0.006749 0.009600
0 0.869684 0.728796 0.007231 0.007930
0 0.884844 0.808872 0.006893 0.006887
0 0.879807 0.796246 0.006363 0.007346
0 0.869997 0.803822 0.005833 0.007805
0 0.856476 0.815300 0.009545 0.011478
0 0.924613 0.840552 0.006893 0.009642
0 0.939195 0.842388 0.010605 0.011478
0 0.953247 0.846521 0.004772 0.008723
0 0.959345 0.859835 0.006363 0.007805
0 0.857522 0.794688 0.003984 0.007840
0 0.815872 0.791552 0.006157 0.004077
0 0.794504 0.783713 0.006157 0.004704
0 0.787804 0.775246 0.005070 0.005331
0 0.803558 0.764740 0.006881 0.005017
0 0.839051 0.760664 0.008330 0.005017
0 0.805007 0.749688 0.008330 0.008153
0 0.879614 0.690576 0.003984 0.005331
0 0.874543 0.692614 0.003984 0.005017
0 0.870741 0.692771 0.003622 0.006585
0 0.840500 0.681482 0.004708 0.007840
0 0.821305 0.667213 0.005433 0.008781
0 0.841586 0.726639 0.005433 0.007213
0 0.838508 0.718329 0.005070 0.005645
0 0.829816 0.724601 0.005070 0.006899
0 0.823840 0.703590 0.005433 0.006272
0 0.814604 0.712527 0.002897 0.006585
0 0.812069 0.710332 0.002173 0.005958
0 0.806999 0.724130 0.003622 0.006585
0 0.803196 0.721778 0.005433 0.006899
0 0.797220 0.708921 0.004346 0.005645
0 0.795409 0.742005 0.005070 0.008467
0 0.783277 0.719740 0.005433 0.006585
0 0.776033 0.723817 0.003260 0.005331
0 0.776033 0.729461 0.005433 0.005331
0 0.769876 0.734636 0.006157 0.006899
0 0.744706 0.728050 0.005070 0.007526
0 0.738006 0.720994 0.003984 0.007213
0 0.747784 0.757371 0.006881 0.011603
0 0.750681 0.711273 0.005433 0.007213
0 0.745611 0.705158 0.005433 0.006899
0 0.724967 0.703590 0.005433 0.006899
0 0.717905 0.699670 0.005795 0.008467
0 0.739635 0.685872 0.006519 0.005958
0 0.736376 0.673642 0.005795 0.006585
0 0.736195 0.662666 0.005433 0.007840
0 0.796677 0.635227 0.006157 0.007526
0 0.787623 0.630994 0.006157 0.006585
0 0.705858 0.709629 0.004609 0.005702
0 0.694335 0.730583 0.006585 0.008838
0 0.674086 0.715616 0.006914 0.006842
0 0.665361 0.726164 0.006585 0.005131
0 0.683140 0.704783 0.005926 0.006842
0 0.690354 0.666296 0.004490 0.007257
0 0.731210 0.606947 0.005986 0.007775
0 0.759495 0.599302 0.005687 0.005442
0 0.421243 0.545176 0.006884 0.006738
0 0.174717 0.585605 0.006530 0.008482
