0 0.921788 0.349410 0.004941 0.003355
0 0.841600 0.372462 0.003739 0.004225
0 0.948161 0.413037 0.003739 0.003604
0 0.730662 0.412726 0.002015 0.002687
0 0.728110 0.411539 0.002015 0.002687
0 0.688234 0.500631 0.004097 0.004500
0 0.478975 0.420916 0.002015 0.002687
0 0.476758 0.420916 0.002015 0.002687
0 0.476758 0.425353 0.002015 0.002687
0 0.473065 0.425541 0.002015 0.002687
0 0.476624 0.433041 0.002015 0.002687
0 0.476288 0.444978 0.002015 0.002687
0 0.423691 0.609810 0.002216 0.002956
0 0.414383 0.612216 0.002216 0.002956
0 0.405518 0.621841 0.002216 0.002956
0 0.391302 0.361062 0.002015 0.002687
0 0.395735 0.375655 0.002015 0.003375
0 0.380691 0.358093 0.002015 0.003375
0 0.321867 0.400097 0.003245 0.005435
0 0.322215 0.389008 0.002015 0.003375
0 0.295486 0.411445 0.002015 0.003375
0 0.297770 0.412195 0.002015 0.003375
0 0.270704 0.405570 0.002015 0.003375
0 0.270906 0.412383 0.002015 0.003375
0 0.263317 0.415445 0.002015 0.003375
0 0.289442 0.415758 0.002015 0.003375
0 0.317179 0.364258 0.002015 0.003375
0 0.327185 0.371445 0.002015 0.003375
0 0.324365 0.383258 0.002015 0.003375
0 0.248790 0.415549 0.002015 0.003375
0 0.231329 0.410236 0.002015 0.003375
0 0.216554 0.409361 0.002015 0.003375
0 0.307902 0.342147 0.002682 0.004492
0 0.307040 0.346066 0.002015 0.003375
0 0.289377 0.331754 0.002015 0.003375
0 0.301734 0.342566 0.002015 0.003375
0 0.280982 0.319004 0.002015 0.003375
0 0.281385 0.310254 0.002015 0.003375
0 0.261506 0.299316 0.002015 0.003375
0 0.264058 0.298879 0.002015 0.003375
0 0.234844 0.292879 0.002015 0.003375
0 0.236791 0.296691 0.002015 0.003375
0 0.272957 0.306504 0.002485 0.003375
0 0.186175 0.369034 0.002586 0.003713
0 0.180809 0.366678 0.002351 0.003375
0 0.174496 0.362365 0.002351 0.003375
0 0.197330 0.380115 0.002351 0.003375
0 0.206128 0.380365 0.003156 0.003375
0 0.205053 0.383428 0.003156 0.003375
0 0.126781 0.396082 0.002216 0.003375
0 0.124094 0.394894 0.002216 0.003375
0 0.125034 0.401894 0.002216 0.003375
0 0.127654 0.403519 0.002216 0.003375
0 0.124094 0.389582 0.002216 0.003375
0 0.132959 0.382519 0.002216 0.003375
0 0.107237 0.376644 0.002216 0.003375
0 0.108177 0.366582 0.002216 0.003375
0 0.106969 0.372644 0.002216 0.003375
0 0.114490 0.357019 0.002216 0.003375
0 0.107707 0.348144 0.002216 0.003375
0 0.097230 0.348457 0.002216 0.003375
0 0.096223 0.352394 0.002216 0.003375
0 0.096828 0.356269 0.002216 0.003375
0 0.102805 0.344832 0.002216 0.003375
0 0.100118 0.325894 0.002216 0.003375
0 0.124699 0.321332 0.002216 0.003375
0 0.100656 0.329394 0.002216 0.003375
0 0.082523 0.331207 0.002216 0.003375
0 0.081717 0.334957 0.002216 0.003375
0 0.080105 0.313144 0.002216 0.003375
0 0.071509 0.310894 0.002216 0.003375
0 0.073725 0.323832 0.002216 0.003375
0 0.076478 0.325394 0.002216 0.003375
0 0.078963 0.327832 0.002216 0.003375
0 0.075538 0.321082 0.002216 0.003375
0 0.076747 0.318457 0.002216 0.003375
0 0.044108 0.289582 0.002216 0.003375
0 0.055457 0.286457 0.002216 0.003375
0 0.046324 0.289582 0.002216 0.003375
0 0.052973 0.291957 0.002216 0.003375
0 0.051562 0.300394 0.002216 0.003375
0 0.055860 0.289707 0.002216 0.003375
0 0.064591 0.297207 0.002216 0.003375
0 0.098708 0.285394 0.002216 0.003375
0 0.092328 0.286894 0.002216 0.003375
0 0.093100 0.291457 0.003358 0.003375
0 0.098003 0.299582 0.003358 0.003375
0 0.106868 0.306269 0.003358 0.003375
0 0.071719 0.265391 0.003358 0.003375
0 0.057347 0.267579 0.003358 0.003375
0 0.067791 0.266516 0.002351 0.003375
0 0.050934 0.230954 0.002351 0.003375
0 0.056105 0.232766 0.002351 0.003375
0 0.048382 0.229454 0.002351 0.003375
0 0.045158 0.231329 0.002351 0.003375
0 0.048449 0.236579 0.002351 0.003375
0 0.045158 0.242891 0.002351 0.003375
0 0.051975 0.216266 0.002955 0.003375
0 0.047206 0.223141 0.002955 0.003375
0 0.047609 0.205454 0.002955 0.003375
0 0.044721 0.207829 0.002955 0.003375
0 0.043848 0.204641 0.002955 0.003375
0 0.062720 0.214766 0.002015 0.003375
0 0.060638 0.218641 0.002015 0.003375
0 0.068093 0.218579 0.002015 0.003375
0 0.079980 0.217516 0.002015 0.003375
0 0.072928 0.218579 0.002015 0.003375
0 0.091128 0.233829 0.002015 0.003375
0 0.103284 0.244141 0.002015 0.003375
0 0.106306 0.249454 0.002015 0.003375
0 0.112284 0.251766 0.002015 0.003375
0 0.115171 0.256891 0.002015 0.003375
0 0.117791 0.261141 0.002015 0.003375
0 0.117791 0.256454 0.002015 0.003375
0 0.122895 0.264329 0.002015 0.003375
0 0.125783 0.262266 0.002015 0.003375
0 0.125178 0.267079 0.002015 0.003375
0 0.125648 0.270454 0.002015 0.003375
0 0.122693 0.272329 0.002015 0.003375
0 0.126118 0.274204 0.002015 0.003375
0 0.127730 0.273266 0.002015 0.003375
0 0.131222 0.272891 0.002015 0.003375
0 0.134849 0.273641 0.002015 0.003375
0 0.134110 0.261641 0.002015 0.003375
0 0.145930 0.266391 0.002015 0.003375
0 0.140020 0.281829 0.002015 0.003375
0 0.142841 0.286329 0.002015 0.003375
0 0.128469 0.279516 0.002015 0.003375
0 0.139684 0.289641 0.002015 0.003375
0 0.142102 0.291766 0.002015 0.003375
0 0.142237 0.295079 0.002015 0.003375
0 0.144721 0.294016 0.002015 0.003375
0 0.147945 0.292954 0.002015 0.003375
0 0.151303 0.296454 0.002015 0.003375
0 0.153855 0.298766 0.002015 0.003375
0 0.146938 0.298454 0.002015 0.003375
0 0.147676 0.300704 0.002015 0.003375
0 0.155803 0.307766 0.002015 0.003375
0 0.153654 0.308829 0.002015 0.003375
0 0.152781 0.305579 0.002015 0.003375
0 0.151034 0.302704 0.002015 0.003375
0 0.150699 0.305641 0.002015 0.003375
0 0.150430 0.308766 0.002015 0.003375
0 0.147542 0.310516 0.002015 0.003375
0 0.152713 0.316016 0.002015 0.003375
0 0.149691 0.319204 0.002015 0.003375
0 0.146065 0.320704 0.002015 0.003375
0 0.152915 0.320579 0.002015 0.003375
0 0.158019 0.322954 0.002015 0.003375
0 0.150228 0.323266 0.002015 0.003375
0 0.157885 0.326829 0.002015 0.003375
0 0.186595 0.309891 0.003761 0.003250
0 0.157549 0.335204 0.002015 0.003375
0 0.147777 0.348329 0.004164 0.003250
0 0.114836 0.354704 0.002015 0.003375
0 0.168449 0.266537 0.002015 0.003375
0 0.169926 0.269662 0.002015 0.003375
0 0.202968 0.280537 0.002015 0.003375
0 0.196454 0.276662 0.002015 0.003375
0 0.171253 0.177517 0.002015 0.003375
0 0.139554 0.179830 0.002015 0.003375
0 0.147781 0.179799 0.003895 0.003562
0 0.156075 0.184174 0.003425 0.003438
0 0.122361 0.181361 0.004634 0.003812
