0 0.979983 0.299981 0.004473 0.004553
0 0.982626 0.311364 0.004880 0.005312
0 0.979373 0.337166 0.003253 0.007589
0 0.973476 0.332044 0.004473 0.004933
0 0.963512 0.332613 0.003253 0.004553
0 0.978356 0.354241 0.004473 0.006071
0 0.970629 0.362969 0.006100 0.003794
0 0.966992 0.364634 0.003214 0.003855
0 0.963663 0.361850 0.002525 0.004284
0 0.963319 0.357566 0.002296 0.003427
0 0.961712 0.354353 0.002296 0.004284
0 0.972845 0.385624 0.002525 0.005140
0 0.978240 0.389908 0.001836 0.005569
0 0.970091 0.383697 0.002525 0.003427
0 0.962056 0.375879 0.002984 0.004498
0 0.951152 0.374594 0.002755 0.004070
0 0.950693 0.377592 0.003673 0.004498
0 0.944954 0.377592 0.003673 0.004498
0 0.953103 0.391300 0.004362 0.005783
0 0.959646 0.394085 0.002755 0.006640
0 0.970656 0.418757 0.004829 0.003701
0 0.966603 0.411354 0.003277 0.004989
0 0.972209 0.427768 0.002760 0.003701
0 0.951340 0.425596 0.004139 0.002897
0 0.950736 0.407895 0.002587 0.004184
0 0.947546 0.423021 0.002415 0.003218
0 0.945562 0.426481 0.002932 0.004023
0 0.942199 0.430665 0.002760 0.003701
0 0.938663 0.428653 0.002242 0.003540
0 0.932972 0.421814 0.002932 0.004989
0 0.926332 0.417469 0.003449 0.004345
0 0.923745 0.388745 0.003104 0.004828
0 0.921244 0.390837 0.004657 0.003218
0 0.920899 0.393090 0.003277 0.002897
0 0.913569 0.397998 0.003449 0.004667
0 0.982799 0.483610 0.003278 0.004522
0 0.974104 0.482014 0.002993 0.004256
0 0.964198 0.448965 0.002851 0.002527
0 0.967262 0.454152 0.002423 0.003059
0 0.965267 0.457809 0.002708 0.004256
0 0.967405 0.457144 0.002138 0.002926
0 0.968616 0.460070 0.002281 0.002660
0 0.966977 0.461600 0.001853 0.002793
0 0.970113 0.473303 0.002423 0.002793
0 0.972964 0.473369 0.002423 0.002926
0 0.940893 0.476495 0.002138 0.004389
0 0.920477 0.436624 0.003225 0.005841
0 0.915165 0.433526 0.005122 0.003186
0 0.896004 0.429898 0.004743 0.004425
0 0.902739 0.414409 0.003035 0.004248
0 0.894581 0.418392 0.004174 0.004425
0 0.892589 0.412373 0.003984 0.005133
0 0.896194 0.404231 0.003225 0.005841
0 0.904921 0.399805 0.004363 0.004779
0 0.902170 0.396796 0.002656 0.005133
0 0.896099 0.391928 0.003415 0.003894
0 0.890502 0.395203 0.003605 0.004425
0 0.890312 0.389715 0.003225 0.004071
0 0.883483 0.392194 0.003605 0.004071
0 0.878550 0.392194 0.003225 0.004071
0 0.883198 0.408744 0.003415 0.004602
0 0.870297 0.392990 0.005312 0.005664
0 0.861760 0.398301 0.002656 0.004602
0 0.862329 0.412019 0.003035 0.004071
0 0.867167 0.419985 0.002846 0.004071
0 0.868305 0.421755 0.001707 0.004071
0 0.876937 0.420870 0.002656 0.004779
0 0.872005 0.430694 0.003035 0.004602
0 0.880542 0.441226 0.003415 0.005841
0 0.892779 0.445917 0.004363 0.005310
0 0.875040 0.443174 0.002656 0.004779
0 0.870108 0.443528 0.003794 0.005133
0 0.877696 0.468310 0.002656 0.003717
0 0.895719 0.473178 0.005691 0.006018
0 0.952994 0.350053 0.004166 0.006220
0 0.949105 0.353293 0.003611 0.006479
0 0.942994 0.342408 0.004722 0.004924
0 0.943411 0.326080 0.002222 0.006479
0 0.943688 0.316621 0.003889 0.005702
0 0.933967 0.304958 0.006666 0.005183
0 0.970215 0.292518 0.004722 0.003628
0 0.968548 0.289408 0.004166 0.005183
0 0.955354 0.285780 0.004444 0.005183
0 0.940633 0.284614 0.005555 0.006479
0 0.929661 0.289538 0.005278 0.003887
0 0.920773 0.281115 0.003611 0.004665
0 0.901607 0.288631 0.005278 0.003628
0 0.878969 0.295240 0.005000 0.005442
0 0.867164 0.310401 0.003611 0.006738
0 0.851471 0.327765 0.005000 0.004665
0 0.850638 0.406033 0.004444 0.005702
0 0.844110 0.408495 0.003055 0.005442
0 0.840777 0.421065 0.004166 0.005702
0 0.852304 0.415363 0.004444 0.006738
0 0.856193 0.417307 0.002778 0.004924
0 0.865753 0.434483 0.003548 0.005841
0 0.861997 0.436138 0.004382 0.005647
0 0.863771 0.424747 0.002922 0.004284
0 0.860745 0.426597 0.003130 0.006036
0 0.830902 0.406930 0.003130 0.004478
0 0.828711 0.409656 0.005009 0.004478
0 0.825268 0.405275 0.003548 0.005452
0 0.822659 0.407709 0.003756 0.004868
0 0.818903 0.406833 0.002922 0.003505
0 0.834346 0.418808 0.003339 0.003310
0 0.834554 0.423286 0.003756 0.006036
0 0.831841 0.426305 0.003756 0.005452
0 0.847180 0.447139 0.005217 0.005452
0 0.828294 0.442855 0.004174 0.003505
0 0.825685 0.448015 0.005217 0.004478
0 0.820155 0.438182 0.002922 0.005063
0 0.817129 0.440421 0.003548 0.004868
0 0.815355 0.452202 0.004174 0.006231
0 0.805442 0.446360 0.003965 0.005452
0 0.805755 0.450936 0.002087 0.005257
0 0.793965 0.450060 0.003965 0.002726
0 0.794591 0.453759 0.003130 0.003894
0 0.789999 0.455901 0.003548 0.004673
0 0.824016 0.480630 0.006052 0.002726
0 0.777631 0.307416 0.006050 0.005645
0 0.824640 0.343457 0.004821 0.004498
0 0.803980 0.368302 0.004821 0.007497
0 0.790091 0.365518 0.005509 0.004498
0 0.768284 0.338423 0.005968 0.006854
0 0.764266 0.388222 0.004362 0.005783
0 0.761741 0.382439 0.003443 0.004498
0 0.806046 0.415852 0.004362 0.005355
0 0.801225 0.407820 0.002984 0.005569
0 0.800995 0.420778 0.002984 0.005355
0 0.798355 0.418422 0.002755 0.003213
0 0.797896 0.429881 0.002755 0.006854
0 0.794223 0.425490 0.002755 0.004926
0 0.774596 0.402786 0.003902 0.004498
0 0.780106 0.433308 0.003902 0.007282
0 0.777121 0.432451 0.003443 0.006854
0 0.785156 0.446909 0.003902 0.006640
0 0.775400 0.446802 0.005050 0.003427
0 0.766677 0.444553 0.004132 0.006211
0 0.776088 0.459118 0.002296 0.004070
0 0.771956 0.460296 0.003214 0.004712
0 0.776088 0.462437 0.003214 0.003855
0 0.777581 0.486105 0.002525 0.004498
0 0.791698 0.494780 0.003214 0.004712
0 0.778614 0.492638 0.004132 0.005569
0 0.759560 0.490710 0.002755 0.005569
0 0.758757 0.487176 0.003902 0.005355
0 0.762430 0.475931 0.003902 0.005569
0 0.759446 0.465543 0.002984 0.007925
0 0.762430 0.451407 0.002984 0.005355
0 0.756461 0.453549 0.004362 0.005355
0 0.757035 0.445838 0.003673 0.004498
0 0.749919 0.447444 0.003214 0.003855
0 0.747050 0.444981 0.003443 0.004070
0 0.733735 0.438449 0.004362 0.004712
0 0.735457 0.447551 0.003673 0.006211
0 0.730521 0.454191 0.003902 0.004498
0 0.738441 0.463937 0.003673 0.005140
0 0.746820 0.474753 0.002066 0.006211
0 0.748656 0.482464 0.002984 0.004926
0 0.749001 0.488140 0.004591 0.004284
0 0.744180 0.481179 0.004132 0.004926
0 0.744065 0.477323 0.003902 0.004926
0 0.737982 0.476681 0.003673 0.005783
0 0.735113 0.477216 0.002984 0.004712
0 0.731554 0.480001 0.002755 0.005997
0 0.729259 0.479572 0.003214 0.003855
0 0.728570 0.474967 0.003673 0.005783
0 0.729718 0.471433 0.002755 0.005140
0 0.726849 0.458796 0.003443 0.005569
0 0.723176 0.459010 0.003902 0.005140
0 0.722372 0.463937 0.002755 0.004712
0 0.725701 0.475610 0.002984 0.004498
0 0.721798 0.474432 0.003902 0.005569
0 0.725930 0.450229 0.003443 0.006426
0 0.722028 0.441340 0.004362 0.004926
0 0.725242 0.438127 0.004362 0.007068
0 0.732817 0.400966 0.003902 0.003855
0 0.729144 0.391542 0.004362 0.005569
0 0.715371 0.389507 0.004821 0.005783
0 0.715026 0.382117 0.003673 0.008139
0 0.712042 0.380297 0.004591 0.006640
0 0.697121 0.376120 0.005050 0.005997
0 0.698843 0.385651 0.004362 0.006211
0 0.684840 0.381689 0.004821 0.004284
0 0.699990 0.392291 0.003902 0.004498
0 0.699302 0.396575 0.002525 0.004070
0 0.696891 0.398931 0.003214 0.005355
0 0.695744 0.393898 0.003214 0.004284
0 0.702860 0.410069 0.004591 0.006211
0 0.709173 0.413282 0.003902 0.005355
0 0.709058 0.424419 0.004132 0.004498
0 0.702630 0.423134 0.005050 0.004498
0 0.696662 0.423670 0.003214 0.005997
0 0.690005 0.422277 0.004132 0.004926
0 0.690234 0.411033 0.004132 0.006426
0 0.685987 0.407606 0.002984 0.006854
0 0.680248 0.423455 0.005280 0.003855
0 0.674050 0.426882 0.003443 0.005569
0 0.674510 0.436092 0.004362 0.004284
0 0.674624 0.441233 0.002296 0.004712
0 0.699876 0.433522 0.003214 0.005997
0 0.703548 0.433201 0.003673 0.006640
0 0.701368 0.443696 0.004362 0.006211
0 0.698957 0.445945 0.004591 0.005997
0 0.696891 0.452692 0.005050 0.007068
0 0.690234 0.452585 0.004591 0.006854
0 0.683233 0.457832 0.005739 0.006640
0 0.677149 0.461902 0.006428 0.006640
0 0.686906 0.466935 0.003902 0.005569
0 0.696891 0.465650 0.005968 0.005140
0 0.701942 0.465222 0.005050 0.006854
0 0.709287 0.457190 0.003673 0.006211
0 0.715141 0.459867 0.003902 0.006426
0 0.715256 0.455691 0.003673 0.004498
0 0.712272 0.467364 0.005050 0.005569
0 0.709976 0.472183 0.003214 0.005355
0 0.706762 0.471219 0.003673 0.004712
0 0.704008 0.473147 0.005050 0.005569
0 0.734803 0.495155 0.003788 0.005419
0 0.707405 0.491620 0.004040 0.006833
0 0.703744 0.479605 0.004293 0.004005
0 0.716622 0.478073 0.003788 0.005183
0 0.697683 0.474775 0.003283 0.004712
0 0.694148 0.473361 0.002778 0.004712
0 0.696926 0.484906 0.003283 0.006597
0 0.690360 0.486555 0.001768 0.004712
0 0.692254 0.489736 0.003030 0.005419
0 0.685689 0.483374 0.005555 0.004477
0 0.671927 0.485730 0.002778 0.003534
0 0.673442 0.489382 0.003283 0.003298
0 0.669528 0.478898 0.003535 0.005890
0 0.669023 0.471712 0.005050 0.005655
0 0.659428 0.478544 0.004040 0.006126
0 0.656271 0.468413 0.003788 0.004712
0 0.650211 0.470063 0.002778 0.005655
0 0.644403 0.469709 0.004293 0.004477
0 0.641373 0.470769 0.003283 0.004241
0 0.645287 0.474539 0.003535 0.004712
0 0.639227 0.469827 0.003030 0.004712
0 0.637207 0.471241 0.004040 0.006126
0 0.640868 0.465704 0.001768 0.004948
0 0.644782 0.465233 0.003030 0.005890
0 0.643393 0.464644 0.002273 0.006597
0 0.646928 0.459107 0.002778 0.005890
0 0.639732 0.457693 0.005555 0.006361
0 0.649327 0.443321 0.003535 0.004477
0 0.650085 0.436607 0.003535 0.005183
0 0.642636 0.436135 0.003788 0.005183
0 0.641120 0.438845 0.002778 0.004477
0 0.634555 0.440258 0.003283 0.005890
0 0.627232 0.438609 0.003788 0.006833
0 0.628621 0.431423 0.006060 0.006597
0 0.659056 0.409984 0.004278 0.005987
0 0.655848 0.417824 0.003361 0.007982
0 0.655848 0.371213 0.002139 0.003706
0 0.656918 0.373636 0.001833 0.005131
0 0.656001 0.364514 0.003055 0.005702
0 0.658904 0.357101 0.004583 0.006272
0 0.656612 0.356674 0.001833 0.008267
0 0.654779 0.355248 0.004278 0.004276
0 0.628961 0.396015 0.003361 0.005417
0 0.600393 0.351400 0.003666 0.005702
0 0.600545 0.345270 0.003972 0.005417
0 0.605892 0.337573 0.004278 0.005987
0 0.596726 0.335150 0.003055 0.005702
0 0.597032 0.331016 0.003055 0.007127
0 0.600698 0.330731 0.002444 0.006557
0 0.584046 0.330731 0.004583 0.006557
0 0.584505 0.325457 0.003666 0.007412
0 0.579005 0.318330 0.004278 0.006272
0 0.577936 0.323319 0.004583 0.004846
0 0.579158 0.326598 0.003972 0.005131
0 0.575644 0.328878 0.003666 0.006272
0 0.583130 0.340994 0.005805 0.005987
0 0.570297 0.341422 0.003972 0.005702
0 0.570603 0.350544 0.003361 0.005131
0 0.566325 0.349404 0.003361 0.006272
0 0.570297 0.367792 0.005194 0.005417
0 0.563270 0.362090 0.003361 0.005417
0 0.564033 0.372068 0.002444 0.006557
0 0.561131 0.375774 0.002750 0.005987
0 0.558686 0.351685 0.004583 0.004561
0 0.559603 0.358099 0.002750 0.004276
0 0.558075 0.358527 0.002750 0.005131
0 0.554409 0.357244 0.003972 0.005417
0 0.553645 0.359667 0.005500 0.003991
0 0.616594 0.423074 0.007024 0.008624
0 0.611233 0.427903 0.002958 0.010004
0 0.608276 0.427041 0.005176 0.006209
0 0.601066 0.426178 0.004806 0.005864
0 0.598848 0.429455 0.002588 0.003450
0 0.600327 0.433767 0.002588 0.007244
0 0.604579 0.435320 0.002218 0.005519
0 0.614930 0.447048 0.004436 0.006209
0 0.610309 0.443771 0.004067 0.005864
0 0.597924 0.443253 0.004436 0.006899
0 0.597185 0.435665 0.002958 0.006899
0 0.592194 0.440149 0.003327 0.009659
0 0.588497 0.435837 0.002588 0.005174
0 0.586278 0.432043 0.004067 0.005174
0 0.579993 0.432215 0.004067 0.008279
0 0.576666 0.430835 0.004806 0.006209
0 0.576296 0.434112 0.003327 0.005864
0 0.573708 0.432388 0.004067 0.010004
0 0.569826 0.426178 0.004436 0.010004
0 0.571120 0.400480 0.006285 0.008279
0 0.561878 0.407206 0.004806 0.005864
0 0.562432 0.427558 0.004436 0.005174
0 0.557441 0.424109 0.003327 0.005174
0 0.557811 0.429283 0.004067 0.004484
0 0.561138 0.436182 0.004067 0.005864
0 0.573339 0.439976 0.005546 0.005864
0 0.591625 0.448466 0.005555 0.003534
0 0.600968 0.458951 0.005050 0.005183
0 0.625966 0.461896 0.003535 0.005419
0 0.623189 0.468611 0.003535 0.005655
0 0.625083 0.478506 0.002778 0.005655
0 0.619906 0.466255 0.004040 0.007539
0 0.617128 0.458362 0.003030 0.005890
0 0.611699 0.460247 0.003788 0.004005
0 0.610816 0.462603 0.003030 0.005419
0 0.602988 0.467433 0.003535 0.006126
0 0.603493 0.478506 0.003030 0.002827
0 0.617760 0.470260 0.004293 0.006126
0 0.601599 0.482983 0.003283 0.004712
0 0.597180 0.483925 0.003535 0.003298
0 0.583671 0.465430 0.003788 0.006361
0 0.568267 0.447053 0.003283 0.004948
0 0.565995 0.464959 0.004293 0.004948
0 0.571045 0.468375 0.003283 0.004712
0 0.570540 0.474030 0.003788 0.005183
0 0.573570 0.474972 0.002778 0.004241
0 0.580262 0.474972 0.004545 0.006597
0 0.573696 0.479566 0.005555 0.004948
0 0.565111 0.478742 0.004040 0.004712
0 0.553748 0.469553 0.006060 0.007068
0 0.553243 0.450351 0.004545 0.004948
0 0.548950 0.449644 0.003030 0.004948
0 0.550465 0.453178 0.002525 0.004948
0 0.555642 0.434566 0.003283 0.005419
0 0.552864 0.430914 0.004293 0.006126
0 0.552106 0.422550 0.003788 0.007304
0 0.555010 0.418898 0.004040 0.006597
0 0.543269 0.408885 0.003788 0.005890
0 0.551601 0.409709 0.002778 0.006597
0 0.551854 0.407118 0.002273 0.005183
0 0.555515 0.410416 0.002525 0.005183
0 0.555137 0.406293 0.005808 0.005419
0 0.555010 0.400167 0.003030 0.003063
0 0.551475 0.398636 0.004040 0.005183
0 0.553622 0.395102 0.003283 0.004241
0 0.557914 0.395691 0.004293 0.005419
0 0.558167 0.393806 0.002273 0.004477
0 0.559303 0.400049 0.004040 0.004241
0 0.543395 0.386266 0.005050 0.006833
0 0.530895 0.375900 0.005303 0.006361
0 0.630964 0.492771 0.003333 0.008552
0 0.628464 0.490180 0.003889 0.004924
0 0.633603 0.505211 0.003611 0.006479
0 0.630547 0.514671 0.003611 0.007257
0 0.628047 0.511302 0.002500 0.005702
0 0.622770 0.512727 0.003055 0.005961
0 0.620409 0.510135 0.003889 0.004406
0 0.617770 0.507673 0.003055 0.005702
0 0.617909 0.512727 0.003333 0.005961
0 0.614576 0.506896 0.002778 0.006220
0 0.613048 0.508710 0.003611 0.008812
0 0.627075 0.502360 0.003889 0.005961
0 0.624020 0.503527 0.002222 0.005702
0 0.623603 0.500546 0.003055 0.003369
0 0.620409 0.491735 0.003333 0.005961
0 0.619576 0.490827 0.003333 0.005183
0 0.616520 0.491605 0.003333 0.005183
0 0.605132 0.489791 0.003333 0.002592
0 0.606521 0.498214 0.002222 0.003887
0 0.604715 0.498862 0.003055 0.006220
0 0.601938 0.499639 0.004166 0.005183
0 0.598049 0.501972 0.003611 0.004147
0 0.599577 0.512857 0.003333 0.005702
0 0.597077 0.510913 0.003889 0.004406
0 0.595271 0.512079 0.002500 0.005183
0 0.593744 0.515319 0.002778 0.005442
0 0.590966 0.515189 0.003333 0.005702
0 0.590688 0.511172 0.002778 0.004406
0 0.587911 0.511949 0.003333 0.005442
0 0.585827 0.511690 0.002500 0.003887
0 0.583744 0.513116 0.004444 0.005702
0 0.586799 0.505082 0.005000 0.004147
0 0.592216 0.492382 0.002500 0.006738
0 0.578189 0.513634 0.003333 0.006220
0 0.563875 0.489042 0.005009 0.002921
0 0.554067 0.490405 0.002504 0.005257
0 0.552606 0.489919 0.002504 0.005063
0 0.550936 0.485635 0.002922 0.005452
0 0.544571 0.490698 0.003130 0.005841
0 0.556362 0.510266 0.003339 0.004478
0 0.566692 0.511143 0.001878 0.004284
0 0.572535 0.515719 0.002713 0.006036
0 0.570762 0.512895 0.002087 0.004673
0 0.569092 0.512992 0.001670 0.006426
0 0.546867 0.503062 0.002713 0.003700
0 0.544884 0.504814 0.002504 0.004478
0 0.544049 0.500823 0.002504 0.004673
0 0.541128 0.500044 0.002922 0.005063
0 0.542171 0.507054 0.002922 0.004284
0 0.529963 0.490405 0.004800 0.005647
0 0.528502 0.493716 0.003965 0.005257
0 0.523494 0.487679 0.003548 0.006815
0 0.545928 0.469474 0.003339 0.005063
0 0.540919 0.467137 0.002922 0.004673
0 0.537684 0.467721 0.003548 0.005841
0 0.534659 0.461782 0.005009 0.003700
0 0.531215 0.460225 0.003548 0.004089
0 0.528294 0.460127 0.003965 0.003894
0 0.543110 0.451560 0.003548 0.005841
0 0.534345 0.443576 0.003965 0.005452
0 0.532259 0.409891 0.003965 0.006620
0 0.522659 0.408138 0.004382 0.004673
0 0.522137 0.429070 0.005843 0.007204
0 0.513268 0.421574 0.005217 0.006620
0 0.501999 0.423521 0.003965 0.004673
0 0.495321 0.418848 0.004800 0.005452
0 0.501060 0.414466 0.003756 0.005257
0 0.495112 0.409112 0.003548 0.006231
0 0.513372 0.396942 0.004174 0.004868
0 0.513790 0.388569 0.005426 0.006036
0 0.513164 0.370753 0.003756 0.006231
0 0.507320 0.373187 0.004174 0.003700
0 0.501060 0.378347 0.003756 0.005452
0 0.495112 0.375815 0.002713 0.004673
0 0.497408 0.368319 0.003130 0.004868
0 0.494799 0.366566 0.002922 0.003700
0 0.481965 0.391295 0.003548 0.003310
0 0.482695 0.395384 0.002922 0.004089
0 0.476122 0.397039 0.003965 0.005063
0 0.477269 0.388083 0.002504 0.003894
0 0.466418 0.380781 0.003756 0.004478
0 0.459426 0.376400 0.002296 0.005452
0 0.455774 0.372992 0.002087 0.006036
0 0.452853 0.366080 0.003339 0.005452
0 0.446383 0.356149 0.004174 0.005452
0 0.440540 0.350892 0.002922 0.003115
0 0.440645 0.355078 0.004800 0.005647
0 0.449305 0.333173 0.002922 0.004284
0 0.475182 0.343395 0.003756 0.004478
0 0.487495 0.331615 0.002922 0.005841
0 0.490521 0.327234 0.003965 0.005647
0 0.505964 0.322755 0.003130 0.004478
0 0.515668 0.322171 0.004591 0.005647
0 0.506903 0.327429 0.003756 0.004089
0 0.514416 0.315064 0.002504 0.004284
0 0.511912 0.315259 0.003339 0.005063
0 0.509199 0.312046 0.003756 0.004868
0 0.505442 0.315454 0.002922 0.004673
0 0.515564 0.308639 0.004382 0.005063
0 0.512225 0.307860 0.003548 0.004284
0 0.509199 0.305523 0.003339 0.003115
0 0.505964 0.294619 0.004382 0.004284
0 0.475287 0.313507 0.003548 0.005452
0 0.472052 0.311949 0.003339 0.005063
0 0.424784 0.326066 0.003965 0.006036
0 0.402559 0.317790 0.004591 0.004673
0 0.396507 0.321003 0.005843 0.005257
0 0.375116 0.309320 0.005635 0.004868
0 0.366352 0.317888 0.004382 0.005647
0 0.363847 0.323534 0.003548 0.004089
0 0.352056 0.315648 0.001670 0.006231
0 0.349344 0.313117 0.003756 0.004284
0 0.394420 0.338430 0.002922 0.005063
0 0.393794 0.342811 0.003756 0.004478
0 0.410906 0.354007 0.003756 0.004284
0 0.419150 0.353326 0.003548 0.003700
0 0.388786 0.345148 0.003339 0.005257
0 0.384403 0.343687 0.004174 0.005452
0 0.390142 0.355273 0.003130 0.004868
0 0.393898 0.360725 0.003548 0.004868
0 0.397133 0.359265 0.003756 0.003115
0 0.397342 0.361796 0.003756 0.003894
0 0.403498 0.363938 0.005217 0.003894
0 0.416437 0.370071 0.003130 0.004478
0 0.445071 0.382507 0.004722 0.005702
0 0.416322 0.381341 0.004444 0.005961
0 0.439515 0.400908 0.007500 0.005702
0 0.438960 0.404666 0.004166 0.004924
0 0.449792 0.422160 0.004722 0.008293
0 0.468125 0.411016 0.004722 0.006738
0 0.479235 0.430194 0.004722 0.006220
0 0.471180 0.427084 0.005278 0.006220
0 0.468264 0.430453 0.005000 0.005183
0 0.494512 0.435118 0.004722 0.007257
0 0.494790 0.452612 0.003055 0.009589
0 0.517150 0.453649 0.005000 0.005961
0 0.509512 0.458054 0.002500 0.005961
0 0.508401 0.459869 0.003611 0.005442
0 0.516178 0.466218 0.003055 0.003110
0 0.520206 0.473864 0.004444 0.003887
0 0.515206 0.473864 0.004444 0.004924
0 0.509651 0.478529 0.005555 0.003369
0 0.496318 0.459350 0.003889 0.004924
0 0.493679 0.461035 0.005278 0.005702
0 0.482708 0.452353 0.005555 0.006479
0 0.468125 0.450409 0.004722 0.005183
0 0.483957 0.464404 0.006389 0.006738
0 0.477986 0.472956 0.003889 0.008812
0 0.483957 0.476844 0.004722 0.006220
0 0.472014 0.470624 0.004722 0.007257
0 0.469375 0.461553 0.006111 0.007257
0 0.457709 0.466866 0.005000 0.003369
0 0.456875 0.470883 0.003889 0.005702
0 0.460625 0.478529 0.005278 0.005442
0 0.452431 0.470754 0.005555 0.005442
0 0.451042 0.465829 0.003889 0.004924
0 0.444654 0.459350 0.003889 0.005961
0 0.451042 0.450668 0.004444 0.005702
0 0.441321 0.425011 0.005000 0.007775
0 0.430766 0.416977 0.006111 0.006738
0 0.425905 0.424752 0.004722 0.005702
0 0.438126 0.454815 0.003611 0.008293
0 0.437849 0.462719 0.004722 0.005442
0 0.441321 0.463756 0.002778 0.003369
0 0.444376 0.466866 0.003333 0.004924
0 0.438821 0.468032 0.003333 0.005183
0 0.435627 0.469199 0.005278 0.004406
0 0.636046 0.498783 0.003421 0.002128
0 0.635904 0.496389 0.001710 0.002128
0 0.633623 0.497453 0.003136 0.001596
0 0.620438 0.501575 0.002423 0.002128
0 0.619156 0.502041 0.001853 0.003857
0 0.616875 0.501110 0.002708 0.005187
0 0.618158 0.500778 0.001853 0.003990
0 0.619940 0.499049 0.003706 0.002660
0 0.478904 0.499040 0.001878 0.006620
0 0.476817 0.497579 0.002296 0.004478
0 0.471704 0.485312 0.005426 0.003310
0 0.471183 0.511501 0.005217 0.002337
0 0.490486 0.515201 0.004591 0.003115
0 0.491634 0.508483 0.002296 0.004868
0 0.494556 0.493295 0.004382 0.004478
0 0.480365 0.515298 0.003548 0.005257
0 0.478069 0.516175 0.002296 0.005452
0 0.445305 0.486286 0.003548 0.004868
0 0.428297 0.488038 0.002922 0.003700
0 0.378525 0.524547 0.003965 0.005063
0 0.406594 0.493101 0.004174 0.003310
0 0.418906 0.468469 0.004591 0.003505
0 0.415150 0.473142 0.004591 0.005452
0 0.427254 0.455715 0.005009 0.006036
0 0.409620 0.468080 0.003548 0.004284
0 0.406698 0.465549 0.004382 0.006231
0 0.402316 0.469053 0.003548 0.005452
0 0.392716 0.471682 0.004800 0.004478
0 0.387812 0.471487 0.004174 0.004478
0 0.384786 0.471293 0.003965 0.004868
0 0.382386 0.477621 0.002922 0.005452
0 0.380508 0.476161 0.002922 0.004868
0 0.375082 0.475771 0.004174 0.005257
0 0.394177 0.459512 0.004800 0.005063
0 0.396890 0.455131 0.003130 0.003700
0 0.398142 0.458733 0.004800 0.003505
0 0.398559 0.444032 0.003130 0.004868
0 0.399811 0.437802 0.004800 0.006426
0 0.405237 0.431960 0.005217 0.003310
0 0.411602 0.429818 0.005009 0.003700
0 0.412364 0.412487 0.005426 0.006036
0 0.388157 0.411124 0.003756 0.003310
0 0.385652 0.411513 0.005009 0.004868
0 0.380018 0.415505 0.002504 0.005452
0 0.379287 0.413266 0.003548 0.004089
0 0.373340 0.411319 0.004174 0.004868
0 0.390348 0.433419 0.003965 0.005063
0 0.384818 0.428648 0.004591 0.004089
0 0.383252 0.431472 0.003130 0.004673
0 0.379496 0.432640 0.003965 0.004673
0 0.380018 0.438481 0.005009 0.004284
0 0.387113 0.445783 0.002922 0.004868
0 0.385444 0.446367 0.002922 0.004868
0 0.382939 0.446660 0.004174 0.006620
0 0.362050 0.478400 0.005050 0.006126
0 0.385281 0.499958 0.007575 0.005419
0 0.359777 0.471803 0.004040 0.003298
0 0.359777 0.468387 0.006060 0.005890
0 0.370004 0.433517 0.004293 0.006361
0 0.360787 0.437051 0.003535 0.007304
0 0.353717 0.433046 0.006565 0.006833
0 0.353843 0.420559 0.006818 0.007304
0 0.346394 0.424329 0.005555 0.006833
0 0.347278 0.437994 0.002778 0.007304
0 0.343111 0.434695 0.005050 0.005890
0 0.333516 0.420323 0.005050 0.005419
0 0.330486 0.416436 0.003535 0.007068
0 0.335536 0.413255 0.005050 0.005890
0 0.341975 0.407129 0.004798 0.003534
0 0.382377 0.352233 0.003788 0.004477
0 0.382125 0.358241 0.003283 0.004712
0 0.379599 0.372967 0.005303 0.007304
0 0.364701 0.381802 0.004293 0.004712
0 0.361545 0.383804 0.003535 0.004948
0 0.358893 0.396881 0.004293 0.004712
0 0.341217 0.375558 0.003788 0.004948
0 0.363817 0.362482 0.003030 0.006597
0 0.365080 0.356003 0.005050 0.006361
0 0.370004 0.353176 0.003283 0.004948
0 0.364196 0.348699 0.003283 0.005419
0 0.352959 0.346697 0.006565 0.006597
0 0.347657 0.343634 0.005050 0.005183
0 0.338819 0.343987 0.004545 0.005890
0 0.351570 0.356356 0.003283 0.006126
0 0.342985 0.356828 0.004293 0.004241
0 0.338819 0.356474 0.004040 0.004005
0 0.339829 0.361304 0.002020 0.003770
0 0.324425 0.358006 0.002525 0.004241
0 0.326319 0.356121 0.003283 0.005183
0 0.321648 0.353293 0.003535 0.006126
0 0.321648 0.348581 0.002525 0.003770
0 0.324678 0.347992 0.002020 0.006833
0 0.327708 0.337508 0.004545 0.006597
0 0.320385 0.333031 0.003535 0.005655
0 0.313189 0.326670 0.005303 0.003298
0 0.311168 0.334092 0.001768 0.004477
0 0.314704 0.337154 0.003283 0.004477
0 0.312179 0.337154 0.001768 0.004005
0 0.312431 0.339864 0.002778 0.005183
0 0.313946 0.347168 0.002273 0.004712
0 0.309653 0.343634 0.003788 0.004712
0 0.301952 0.343987 0.003030 0.003063
0 0.302962 0.356356 0.003030 0.005655
0 0.304098 0.333267 0.004293 0.006126
0 0.300942 0.322665 0.005050 0.007068
0 0.286422 0.304170 0.003788 0.005890
0 0.280614 0.296512 0.003283 0.005655
0 0.283266 0.318895 0.003030 0.005655
0 0.286296 0.321133 0.003535 0.005890
0 0.287054 0.332325 0.005050 0.006597
0 0.292988 0.344458 0.004293 0.005419
0 0.284655 0.343280 0.003283 0.004477
0 0.295639 0.355532 0.003535 0.006833
0 0.296396 0.373320 0.004040 0.008011
0 0.290967 0.373673 0.004293 0.007304
0 0.284528 0.377796 0.004040 0.004712
0 0.284023 0.381802 0.003535 0.005655
0 0.302204 0.389930 0.005050 0.004477
0 0.317608 0.382626 0.004545 0.004477
0 0.312810 0.381448 0.004040 0.005890
0 0.315587 0.386514 0.004040 0.006126
0 0.314199 0.389223 0.002778 0.006361
0 0.311421 0.388634 0.002273 0.004241
0 0.312305 0.393700 0.002525 0.004948
0 0.309527 0.395467 0.003535 0.005655
0 0.315082 0.395467 0.002525 0.004241
0 0.322405 0.387338 0.002525 0.005419
0 0.314956 0.412902 0.002778 0.006597
0 0.302962 0.409132 0.005050 0.005655
0 0.316786 0.465177 0.004174 0.006018
0 0.312802 0.468452 0.001897 0.005487
0 0.313466 0.475001 0.003605 0.005487
0 0.326082 0.479869 0.004553 0.005310
0 0.329402 0.471372 0.003605 0.005310
0 0.328169 0.460929 0.003794 0.003894
0 0.339931 0.469956 0.004174 0.003186
0 0.279601 0.483055 0.004933 0.004602
0 0.243460 0.460044 0.003225 0.005664
0 0.246401 0.453228 0.004553 0.005487
0 0.251618 0.451016 0.003225 0.006018
0 0.250575 0.442962 0.003794 0.006195
0 0.272487 0.434908 0.002846 0.003540
0 0.271918 0.438890 0.002846 0.005133
0 0.285293 0.442962 0.001897 0.005133
0 0.283396 0.441988 0.002277 0.005664
0 0.288139 0.440926 0.002656 0.003894
0 0.287475 0.437740 0.003225 0.004602
0 0.287854 0.433403 0.002466 0.003717
0 0.284344 0.436855 0.002656 0.004956
0 0.296297 0.444643 0.003415 0.004602
0 0.301134 0.433049 0.002466 0.006550
0 0.299617 0.431898 0.001707 0.005310
0 0.306826 0.432960 0.005502 0.004248
0 0.305877 0.437386 0.003225 0.003894
0 0.306067 0.419065 0.003225 0.004071
0 0.296771 0.424021 0.004743 0.004425
0 0.288234 0.423933 0.003225 0.003540
0 0.285767 0.427827 0.003225 0.004956
0 0.279127 0.422163 0.003225 0.003894
0 0.285198 0.414993 0.003225 0.003717
0 0.283111 0.409152 0.003605 0.004071
0 0.285957 0.399151 0.003984 0.005310
0 0.287000 0.394460 0.003794 0.005133
0 0.278653 0.390831 0.002277 0.005310
0 0.288423 0.405789 0.002846 0.003363
0 0.288613 0.408886 0.001707 0.003540
0 0.288992 0.411542 0.002087 0.003894
0 0.287664 0.413931 0.002466 0.003363
0 0.273056 0.403222 0.002466 0.004956
0 0.269357 0.400478 0.003035 0.005133
0 0.270305 0.404638 0.003415 0.003894
0 0.267839 0.407913 0.002656 0.003717
0 0.265847 0.407470 0.002846 0.004956
0 0.274479 0.419596 0.002656 0.004425
0 0.272203 0.420835 0.001897 0.005487
0 0.273246 0.423756 0.002087 0.003894
0 0.266511 0.422074 0.003794 0.003717
0 0.267175 0.416764 0.003605 0.003363
0 0.261484 0.419419 0.003984 0.004425
0 0.261389 0.424110 0.003415 0.004602
0 0.263476 0.430748 0.002277 0.005133
0 0.255982 0.427030 0.002466 0.003009
0 0.255413 0.429509 0.003605 0.004425
0 0.261768 0.444378 0.002277 0.004779
0 0.259112 0.444201 0.003035 0.003363
0 0.260535 0.409329 0.002466 0.004071
0 0.259207 0.409417 0.003225 0.005310
0 0.259776 0.394283 0.003605 0.005133
0 0.262812 0.389503 0.003984 0.005841
0 0.259966 0.389149 0.002846 0.004779
0 0.278937 0.364810 0.004363 0.005310
0 0.271064 0.351711 0.003794 0.003894
0 0.266132 0.353393 0.004933 0.003717
0 0.259776 0.355605 0.005122 0.006018
0 0.279222 0.339054 0.005691 0.004071
0 0.274953 0.337373 0.002846 0.004956
0 0.269262 0.334010 0.002466 0.005310
0 0.270969 0.335426 0.002466 0.003894
0 0.271064 0.338258 0.003794 0.003894
0 0.280455 0.325955 0.003984 0.004071
0 0.274953 0.317193 0.004743 0.005310
0 0.259492 0.326663 0.003794 0.004071
0 0.250575 0.338081 0.004174 0.004602
0 0.235587 0.334806 0.005691 0.004779
0 0.238338 0.355163 0.007020 0.006550
0 0.251903 0.391097 0.003035 0.004779
0 0.247634 0.380033 0.004743 0.005310
0 0.238623 0.385432 0.004174 0.006550
0 0.240330 0.397381 0.004933 0.003540
0 0.239571 0.400832 0.003035 0.005133
0 0.244978 0.400921 0.005881 0.002478
0 0.246401 0.402956 0.005312 0.001593
0 0.246306 0.404992 0.003605 0.003894
0 0.251713 0.406497 0.002656 0.003717
0 0.252472 0.409506 0.003035 0.004071
0 0.249247 0.412161 0.002656 0.004779
0 0.242891 0.415967 0.002466 0.004956
0 0.233785 0.414993 0.005881 0.003717
0 0.227999 0.410303 0.003794 0.004956
0 0.227524 0.415524 0.003984 0.003717
0 0.223256 0.415436 0.003035 0.004956
0 0.219651 0.404284 0.004174 0.004956
0 0.227429 0.398974 0.003794 0.004956
0 0.233121 0.394725 0.002277 0.006018
0 0.231034 0.394283 0.003415 0.005133
0 0.226196 0.373041 0.003605 0.004779
0 0.211493 0.372422 0.003035 0.003894
0 0.207699 0.366403 0.003035 0.005664
0 0.202387 0.365252 0.002277 0.004071
0 0.204189 0.380033 0.003225 0.007081
0 0.218323 0.386760 0.003415 0.003540
0 0.219556 0.391451 0.002466 0.003717
0 0.221833 0.391805 0.002466 0.004425
0 0.225627 0.388795 0.004363 0.001947
0 0.227240 0.390831 0.002656 0.003540
0 0.224584 0.394371 0.003035 0.004602
0 0.209406 0.402248 0.003415 0.006195
0 0.207794 0.401186 0.002466 0.004071
0 0.206845 0.402779 0.002846 0.004779
0 0.206561 0.414816 0.004174 0.004779
0 0.227857 0.226079 0.004067 0.009107
0 0.225214 0.223423 0.004473 0.004553
0 0.222367 0.225889 0.003660 0.006451
0 0.313022 0.245746 0.003283 0.006126
0 0.316683 0.241388 0.004040 0.006833
0 0.325647 0.238089 0.003788 0.006833
0 0.322996 0.245393 0.003030 0.004948
0 0.325521 0.245157 0.003535 0.004948
0 0.322239 0.248220 0.003030 0.006833
0 0.209870 0.239974 0.003535 0.005419
0 0.210375 0.228194 0.004545 0.005890
0 0.201916 0.217474 0.004293 0.007539
0 0.195982 0.226427 0.003030 0.006597
0 0.193457 0.222893 0.004545 0.007539
0 0.188079 0.295631 0.007027 0.008267
0 0.172802 0.298197 0.005194 0.006557
0 0.172955 0.293208 0.005500 0.005702
0 0.172497 0.286508 0.004583 0.007127
0 0.169441 0.284798 0.003361 0.007697
0 0.165622 0.283230 0.004278 0.006842
0 0.173414 0.315016 0.003972 0.004846
0 0.174941 0.325565 0.002750 0.007127
0 0.173414 0.326277 0.002750 0.007412
0 0.172497 0.323426 0.003972 0.007412
0 0.174636 0.320291 0.003972 0.006842
0 0.169900 0.322571 0.004278 0.007982
0 0.164400 0.319578 0.004889 0.007127
0 0.157984 0.319150 0.004889 0.002851
0 0.155387 0.320576 0.003361 0.003991
0 0.161345 0.328130 0.003055 0.008267
0 0.156762 0.336968 0.004278 0.006557
0 0.150956 0.338536 0.004889 0.006842
0 0.146526 0.345520 0.004583 0.007697
0 0.187580 0.367798 0.003605 0.003540
0 0.188149 0.371250 0.003225 0.004779
0 0.187580 0.377180 0.002466 0.006018
0 0.183501 0.373816 0.003794 0.005310
0 0.175438 0.368241 0.003225 0.004425
0 0.171265 0.377445 0.003225 0.005487
0 0.180086 0.404440 0.004553 0.004956
0 0.173921 0.406830 0.004363 0.005133
0 0.202140 0.415854 0.004233 0.005559
0 0.201984 0.408320 0.003293 0.005120
0 0.191165 0.416000 0.002665 0.004389
0 0.188970 0.414830 0.002038 0.005852
0 0.194458 0.427996 0.002979 0.004974
0 0.181601 0.432678 0.002979 0.003804
0 0.174310 0.425656 0.003136 0.003804
0 0.173683 0.429167 0.002195 0.003218
0 0.172977 0.431507 0.002979 0.003511
0 0.231617 0.436042 0.002979 0.004974
0 0.161061 0.399908 0.003293 0.003804
0 0.164746 0.403712 0.002822 0.004681
0 0.164197 0.421047 0.003920 0.003950
0 0.168274 0.423754 0.002979 0.004389
0 0.276208 0.525040 0.005378 0.005645
0 0.203948 0.492740 0.005378 0.006272
0 0.226970 0.538524 0.008402 0.005645
0 0.124629 0.528333 0.009411 0.005331
0 0.144224 0.424254 0.003136 0.004921
0 0.138808 0.418802 0.001996 0.003591
0 0.132251 0.409625 0.001996 0.003059
0 0.148500 0.396193 0.003136 0.005187
0 0.153560 0.387681 0.003278 0.003591
0 0.146220 0.393732 0.002851 0.004522
0 0.146149 0.397656 0.002138 0.003591
0 0.126193 0.396725 0.002138 0.004921
0 0.122915 0.388612 0.004989 0.005187
0 0.113650 0.389743 0.004989 0.003990
0 0.114078 0.395328 0.004419 0.004788
0 0.114505 0.403308 0.003848 0.004788
0 0.114505 0.411753 0.002993 0.004123
0 0.118425 0.413216 0.002566 0.003325
0 0.117784 0.417272 0.002138 0.003990
0 0.128902 0.421794 0.002423 0.002926
0 0.131111 0.422592 0.001996 0.005320
0 0.134461 0.425584 0.002708 0.005187
0 0.135316 0.417937 0.002423 0.003724
0 0.129614 0.429707 0.002708 0.003857
0 0.125694 0.428843 0.002566 0.003458
0 0.122416 0.428045 0.003136 0.004256
0 0.125409 0.433364 0.002851 0.004256
0 0.117000 0.437487 0.003136 0.005586
0 0.114862 0.440214 0.002851 0.003857
0 0.111512 0.437088 0.002708 0.003724
0 0.114292 0.448193 0.003706 0.003059
0 0.148363 0.381022 0.003763 0.005852
0 0.148284 0.371586 0.003606 0.004828
0 0.137544 0.370197 0.005331 0.004974
0 0.136603 0.387752 0.004077 0.006437
0 0.131116 0.384021 0.003763 0.004242
0 0.127353 0.358493 0.003763 0.006144
0 0.131664 0.350520 0.004233 0.005705
0 0.130802 0.345473 0.003136 0.004096
0 0.136839 0.345254 0.003606 0.004828
0 0.140288 0.345181 0.002352 0.004974
0 0.137466 0.339914 0.003606 0.004389
0 0.135349 0.336257 0.003136 0.004389
0 0.131508 0.334647 0.004233 0.004096
0 0.128764 0.334209 0.004390 0.003218
0 0.128215 0.337793 0.002352 0.004535
0 0.129861 0.340938 0.003449 0.004096
0 0.143032 0.333623 0.005017 0.003804
0 0.146246 0.330771 0.002352 0.005413
0 0.119984 0.331868 0.004704 0.004974
0 0.110968 0.337500 0.004547 0.003657
0 0.113947 0.340719 0.003606 0.005413
0 0.119513 0.345473 0.002509 0.004681
0 0.114026 0.346058 0.003763 0.005559
0 0.110655 0.346936 0.003920 0.004096
0 0.107205 0.343059 0.004861 0.005998
0 0.100385 0.321481 0.005017 0.005852
0 0.086666 0.320238 0.003606 0.005413
0 0.093172 0.331722 0.004390 0.004389
0 0.097563 0.344083 0.002822 0.004828
0 0.104148 0.348984 0.003763 0.004096
0 0.105324 0.353227 0.003293 0.004389
0 0.102109 0.354104 0.003136 0.003804
0 0.098190 0.352788 0.003136 0.003218
0 0.099366 0.356957 0.002979 0.003657
0 0.095995 0.355640 0.003449 0.004242
0 0.108292 0.406928 0.003965 0.004868
0 0.103075 0.404883 0.003965 0.004284
0 0.098796 0.409167 0.004174 0.006231
0 0.097023 0.399042 0.003965 0.005841
0 0.094310 0.391545 0.005635 0.006036
0 0.103075 0.381809 0.003965 0.005647
0 0.116431 0.379960 0.004800 0.006231
0 0.100675 0.380544 0.002922 0.006620
0 0.097962 0.377331 0.004174 0.004478
0 0.094101 0.364090 0.003965 0.006426
0 0.079806 0.380836 0.004174 0.004868
0 0.083980 0.393687 0.003756 0.004478
0 0.088049 0.399529 0.005217 0.004478
0 0.070832 0.396218 0.006678 0.005647
0 0.062380 0.394563 0.003130 0.006620
0 0.059354 0.392616 0.002922 0.005063
0 0.058937 0.396511 0.004174 0.006231
0 0.059563 0.410822 0.004174 0.004478
0 0.062589 0.419390 0.005217 0.005647
0 0.053198 0.408486 0.003548 0.006815
0 0.054242 0.399918 0.004800 0.005257
0 0.050172 0.402644 0.003756 0.006036
0 0.045372 0.396608 0.005009 0.007594
0 0.044642 0.406344 0.003548 0.004478
0 0.039738 0.400113 0.003756 0.005257
0 0.044955 0.375579 0.005009 0.004089
0 0.042868 0.378499 0.004174 0.004868
0 0.027738 0.398555 0.003965 0.004478
0 0.027425 0.402936 0.003339 0.004284
0 0.024190 0.404591 0.003965 0.005647
0 0.026590 0.423381 0.004591 0.005841
0 0.142160 0.328011 0.005000 0.005183
0 0.081052 0.311942 0.003889 0.003628
0 0.079246 0.304038 0.004166 0.005961
0 0.074941 0.306500 0.004444 0.006738
0 0.071052 0.303649 0.004444 0.006738
0 0.058275 0.297040 0.006666 0.008034
0 0.049248 0.297300 0.004166 0.006997
0 0.044665 0.294449 0.003889 0.007516
0 0.050220 0.288229 0.004444 0.006997
0 0.045498 0.285248 0.004444 0.006220
0 0.052164 0.276437 0.003889 0.006220
0 0.060914 0.273975 0.003611 0.005442
0 0.059108 0.267884 0.004444 0.007257
0 0.058414 0.260498 0.004722 0.007516
0 0.051887 0.249872 0.004444 0.008552
0 0.055497 0.244948 0.005555 0.005961
0 0.052442 0.236136 0.006111 0.006479
0 0.048414 0.236396 0.004166 0.004924
0 0.048276 0.243004 0.004444 0.007257
0 0.044109 0.227843 0.005000 0.007516
0 0.041054 0.227713 0.004444 0.006738
0 0.037165 0.217476 0.005555 0.008034
0 0.029110 0.219420 0.004444 0.007775
0 0.033693 0.211645 0.004722 0.004665
0 0.033693 0.204518 0.004722 0.008034
0 0.036054 0.204388 0.003333 0.007257
0 0.023693 0.195836 0.004166 0.006738
0 0.024527 0.184692 0.004166 0.005702
0 0.025082 0.176787 0.004166 0.006997
0 0.037998 0.190005 0.003333 0.006479
0 0.044942 0.185729 0.003889 0.006220
0 0.041887 0.187154 0.003889 0.008034
0 0.042859 0.177954 0.004722 0.007775
0 0.048414 0.175491 0.004722 0.009071
0 0.090773 0.141152 0.007777 0.007775
0 0.098829 0.156184 0.003333 0.005183
0 0.095218 0.157350 0.002778 0.004924
0 0.095357 0.164995 0.003055 0.006220
0 0.088690 0.165514 0.002500 0.005702
0 0.088829 0.161237 0.003889 0.004924
0 0.085774 0.163311 0.003889 0.006479
0 0.076746 0.167587 0.006944 0.008293
0 0.086607 0.169660 0.006666 0.006738
0 0.073691 0.173677 0.003611 0.004924
0 0.069802 0.174066 0.004166 0.005183
0 0.067164 0.167328 0.004444 0.006738
0 0.062997 0.165254 0.003333 0.005702
0 0.059942 0.165643 0.002778 0.005442
0 0.059386 0.160460 0.004444 0.005961
0 0.040498 0.159423 0.005555 0.005961
0 0.037582 0.165902 0.003055 0.006997
0 0.032026 0.170438 0.006389 0.006738
0 0.031471 0.164347 0.005278 0.007516
0 0.028554 0.158905 0.004444 0.006479
0 0.024388 0.157479 0.005555 0.007775
0 0.032026 0.153981 0.004722 0.005442
0 0.028138 0.150871 0.004722 0.009071
0 0.024110 0.146724 0.005000 0.006997
0 0.129105 0.192078 0.006666 0.007516
0 0.130910 0.189098 0.004166 0.006738
0 0.124800 0.184433 0.003611 0.006220
0 0.119800 0.189616 0.003055 0.006220
0 0.116328 0.187543 0.002778 0.003628
0 0.116883 0.192467 0.001667 0.005183
0 0.113828 0.188061 0.002222 0.004147
0 0.113689 0.184821 0.002500 0.007516
0 0.113272 0.184562 0.005555 0.005442
0 0.110634 0.186247 0.003611 0.006220
0 0.108273 0.186117 0.003333 0.005442
0 0.106467 0.189227 0.004166 0.006997
0 0.110634 0.193892 0.003055 0.006479
0 0.113689 0.193892 0.003055 0.007516
0 0.111189 0.201408 0.005278 0.006997
0 0.101190 0.193892 0.003055 0.006479
0 0.098690 0.188709 0.004166 0.005442
0 0.094662 0.186376 0.003333 0.004924
0 0.093273 0.182489 0.004444 0.004924
0 0.086746 0.196743 0.003055 0.005961
0 0.080635 0.195966 0.004166 0.007516
0 0.097440 0.170697 0.003333 0.004147
0 0.101328 0.172900 0.004444 0.005961
0 0.098273 0.183396 0.002778 0.006220
0 0.104523 0.182748 0.004166 0.006479
0 0.018166 0.245075 0.006655 0.004484
0 0.026115 0.257321 0.004067 0.006899
0 0.022972 0.258010 0.005176 0.009659
0 0.081006 0.348401 0.004278 0.005131
0 0.090019 0.347831 0.005194 0.005131
0 0.086658 0.352107 0.003361 0.005131
0 0.090172 0.356526 0.004278 0.005417
0 0.078562 0.350967 0.004889 0.005702
0 0.073978 0.338993 0.005500 0.006842
0 0.070006 0.322031 0.005500 0.008267
0 0.063437 0.310913 0.006416 0.008838
0 0.046633 0.311198 0.005194 0.005417
0 0.048313 0.316187 0.006722 0.004561
0 0.012412 0.312195 0.005194 0.004561
0 0.008135 0.313906 0.003361 0.005131
0 0.017759 0.289389 0.006722 0.006272
0 0.030592 0.286680 0.007333 0.005987
0 0.055340 0.338851 0.005500 0.006557
0 0.061910 0.339136 0.004583 0.003706
0 0.063437 0.345550 0.003972 0.005131
0 0.072909 0.347118 0.005194 0.005417
0 0.069243 0.351252 0.004583 0.004561
0 0.072909 0.352962 0.003361 0.003991
0 0.050452 0.343697 0.003055 0.004846
0 0.048924 0.347118 0.003666 0.005417
0 0.042355 0.352250 0.003972 0.003706
0 0.036244 0.361515 0.004583 0.007412
0 0.030592 0.364936 0.004278 0.003991
0 0.016384 0.375769 0.006416 0.005131
0 0.013634 0.385747 0.004583 0.007412
0 0.010579 0.386887 0.004583 0.007412
0 0.007676 0.388883 0.006111 0.006272
0 0.007371 0.394727 0.006722 0.006557
0 0.012412 0.401854 0.006416 0.004846
0 0.013634 0.411547 0.005194 0.009408
0 0.012107 0.412259 0.004583 0.009123
0 0.010884 0.421810 0.005194 0.007697
0 0.009815 0.432785 0.004889 0.005702
0 0.014093 0.453169 0.004278 0.008267
0 0.067812 0.486523 0.004444 0.005183
0 0.063090 0.480562 0.006111 0.005183
0 0.064201 0.468640 0.006111 0.006738
0 0.038091 0.470454 0.005000 0.006738
0 0.031147 0.463457 0.005555 0.007257
0 0.010314 0.467344 0.006111 0.007257
0 0.010453 0.457366 0.004722 0.008552
0 0.070728 0.505571 0.006389 0.005442
0 0.059756 0.525786 0.005555 0.005442
0 0.049757 0.557145 0.006111 0.008034
0 0.102300 0.391021 0.005050 0.001928
0 0.102759 0.389522 0.004591 0.001928
0 0.099775 0.391342 0.003214 0.004712
0 0.140177 0.416081 0.005968 0.001928
0 0.179412 0.366638 0.004278 0.005417
