0 0.899970 0.338083 0.004763 0.008279
0 0.894291 0.334633 0.005129 0.006899
0 0.704141 0.300483 0.004397 0.006209
0 0.702309 0.297034 0.002198 0.004829
0 0.699561 0.291342 0.004763 0.006554
0 0.711102 0.274094 0.002931 0.005864
0 0.692050 0.245119 0.005862 0.005174
0 0.686371 0.248223 0.003297 0.004484
0 0.685822 0.254260 0.005129 0.006899
0 0.671533 0.258054 0.004397 0.005519
0 0.685089 0.308417 0.004397 0.005519
0 0.684540 0.294791 0.006228 0.003794
0 0.676296 0.301173 0.004397 0.006899
0 0.672266 0.298413 0.005129 0.006209
0 0.666953 0.298586 0.005496 0.007934
0 0.625003 0.303588 0.003664 0.003450
0 0.621706 0.305657 0.005862 0.006209
0 0.125553 0.205442 0.004129 0.003887
0 0.110413 0.203887 0.004680 0.003369
0 0.121286 0.223195 0.006056 0.006220
0 0.114680 0.229415 0.003854 0.004665
0 0.118396 0.240948 0.003578 0.004924
0 0.126654 0.250278 0.004129 0.006479
0 0.132159 0.247038 0.004129 0.004665
0 0.141518 0.241985 0.004129 0.005442
0 0.150877 0.249112 0.004129 0.006220
0 0.149638 0.264791 0.004955 0.005961
0 0.149638 0.277750 0.003303 0.004924
0 0.135462 0.280730 0.004680 0.006738
0 0.160924 0.287857 0.003854 0.003887
0 0.163677 0.292004 0.002202 0.003887
0 0.117157 0.270104 0.003303 0.005183
0 0.114680 0.270493 0.003854 0.004406
0 0.115505 0.277102 0.003854 0.005183
0 0.080134 0.263236 0.004129 0.005961
0 0.075730 0.230452 0.004680 0.005183
0 0.098990 0.208811 0.003854 0.006479
0 0.065820 0.226305 0.004129 0.004147
0 0.064994 0.239134 0.005230 0.006479
0 0.078482 0.283581 0.005781 0.005183
0 0.575888 0.311735 0.005662 0.005958
0 0.518267 0.329767 0.005662 0.005017
0 0.514603 0.325377 0.006328 0.008153
0 0.513104 0.314715 0.005329 0.005645
0 0.515602 0.310638 0.006994 0.005645
0 0.484626 0.322711 0.006328 0.005958
0 0.431295 0.317160 0.002068 0.004284
0 0.432846 0.318036 0.001861 0.004478
0 0.434191 0.316186 0.002482 0.005841
