0 0.000709 0.230393 0.002036 0.003735
0 0.006920 0.235528 0.002647 0.003361
0 0.056516 0.238434 0.002218 0.002595
0 0.057396 0.240574 0.002601 0.002385
0 0.056707 0.245379 0.002601 0.003297
0 0.060609 0.247273 0.003213 0.003016
0 0.075387 0.250389 0.002023 0.003015
0 0.078864 0.250534 0.002023 0.002725
0 0.072605 0.253404 0.002150 0.003247
0 0.069539 0.247201 0.002719 0.003826
0 0.076936 0.259752 0.001833 0.002957
0 0.078295 0.266593 0.002655 0.003768
0 0.024746 0.255114 0.003288 0.002609
0 0.011659 0.270419 0.002529 0.002957
0 0.015326 0.276391 0.002276 0.003536
0 0.027180 0.271202 0.002845 0.003015
0 0.032870 0.268361 0.002466 0.002667
0 0.036126 0.270535 0.002402 0.002725
0 0.039824 0.270014 0.002592 0.002841
0 0.041437 0.276941 0.002023 0.003131
0 0.045799 0.279724 0.003288 0.003247
0 0.044376 0.284739 0.003477 0.002725
0 0.046842 0.288101 0.002719 0.002725
0 0.052026 0.285434 0.002086 0.002957
0 0.021944 0.324578 0.003129 0.002423
0 0.041799 0.325662 0.002782 0.003061
0 0.053134 0.326236 0.002504 0.002551
0 0.053587 0.328277 0.002434 0.002551
0 0.068539 0.324068 0.002851 0.003189
0 0.080535 0.324355 0.002086 0.003252
0 0.079179 0.318361 0.002156 0.002615
0 0.081022 0.318520 0.002504 0.002678
0 0.082482 0.320051 0.003338 0.002041
0 0.097782 0.301876 0.003338 0.002423
0 0.100042 0.302195 0.002573 0.002168
0 0.103033 0.291832 0.002434 0.003125
0 0.112004 0.281947 0.002851 0.002487
0 0.113221 0.278982 0.002365 0.003699
0 0.120217 0.278272 0.002351 0.002204
0 0.123091 0.275876 0.002560 0.003162
0 0.127271 0.276738 0.002456 0.002683
0 0.120113 0.274774 0.002351 0.002875
0 0.054660 0.237545 0.002573 0.003125
0 0.185724 0.304849 0.003060 0.003635
0 0.191531 0.311130 0.003825 0.003189
0 0.195251 0.313394 0.003060 0.003635
0 0.130193 0.370995 0.002609 0.003549
0 0.129268 0.373425 0.002609 0.002855
0 0.134274 0.374892 0.003198 0.003164
0 0.141217 0.377361 0.002440 0.003318
0 0.151269 0.387902 0.002242 0.002635
0 0.150263 0.390985 0.001839 0.002688
0 0.152102 0.393146 0.002184 0.003215
0 0.134343 0.384450 0.003908 0.002477
0 0.094687 0.439684 0.002356 0.003472
0 0.098937 0.445008 0.002440 0.002855
0 0.088670 0.445549 0.003113 0.003627
0 0.085978 0.450256 0.003282 0.003318
0 0.085641 0.464106 0.002609 0.002161
0 0.105577 0.513447 0.002341 0.003954
0 0.121950 0.503827 0.002470 0.003572
0 0.143348 0.514847 0.002137 0.002875
0 0.175733 0.523748 0.002612 0.002491
0 0.184746 0.542122 0.002769 0.003114
0 0.188247 0.542410 0.003083 0.003114
0 0.187437 0.555609 0.002612 0.003258
0 0.182081 0.564784 0.002142 0.002731
0 0.185974 0.567084 0.002299 0.003306
0 0.285669 0.516342 0.002609 0.002855
0 0.294588 0.510756 0.001963 0.003142
0 0.300797 0.504767 0.002106 0.003272
0 0.307685 0.499695 0.002034 0.003272
0 0.327128 0.502863 0.002289 0.002970
0 0.339391 0.500487 0.002375 0.003207
0 0.363846 0.508795 0.002644 0.003742
0 0.310228 0.450451 0.002990 0.002551
0 0.310124 0.456222 0.003755 0.001977
0 0.311967 0.437378 0.003547 0.003316
0 0.317357 0.441523 0.002921 0.004464
0 0.321147 0.435369 0.003547 0.004400
0 0.328552 0.422821 0.002395 0.003204
0 0.335618 0.413984 0.002159 0.003240
0 0.341055 0.416090 0.002277 0.003204
0 0.213959 0.363311 0.002225 0.002997
0 0.217297 0.367329 0.002504 0.003125
0 0.222599 0.312037 0.003161 0.002951
0 0.236595 0.305423 0.001954 0.003109
0 0.247876 0.344144 0.004165 0.002122
0 0.369850 0.359217 0.003472 0.004724
0 0.478282 0.364402 0.003448 0.003004
0 0.479604 0.360160 0.002184 0.003057
0 0.484374 0.364482 0.002989 0.003373
0 0.484460 0.369014 0.002586 0.003268
0 0.459717 0.358447 0.002184 0.003320
0 0.481213 0.373546 0.001724 0.003057
0 0.482592 0.373678 0.003334 0.003320
0 0.493992 0.357016 0.002289 0.003207
0 0.495611 0.362916 0.002073 0.003049
0 0.494056 0.363074 0.002159 0.002891
0 0.503254 0.361272 0.002677 0.003089
0 0.502045 0.368301 0.002245 0.002811
0 0.503427 0.374438 0.003541 0.001782
0 0.503859 0.377943 0.002245 0.003405
0 0.508565 0.380655 0.002418 0.002811
0 0.507270 0.383407 0.002418 0.003405
0 0.512711 0.387980 0.002850 0.002336
0 0.521304 0.393009 0.002418 0.002495
0 0.527846 0.392336 0.002461 0.003049
0 0.531560 0.393088 0.002548 0.002574
0 0.536309 0.394058 0.002030 0.002217
0 0.540088 0.385961 0.002764 0.002811
0 0.547666 0.387307 0.002461 0.003049
0 0.554705 0.381922 0.002548 0.003128
0 0.560599 0.380793 0.002677 0.002930
0 0.562477 0.380556 0.002116 0.002930
0 0.564334 0.382298 0.002720 0.002059
0 0.570639 0.383050 0.002461 0.002693
0 0.582427 0.380477 0.002634 0.002930
0 0.566364 0.376893 0.001770 0.002019
0 0.564291 0.376339 0.001943 0.002732
0 0.565932 0.375309 0.002030 0.002415
0 0.564032 0.372815 0.002461 0.002970
0 0.576900 0.369746 0.002289 0.002693
0 0.590394 0.379368 0.003541 0.003009
0 0.606350 0.380041 0.002289 0.002772
0 0.591452 0.386693 0.002375 0.003168
0 0.581777 0.357260 0.002675 0.002642
0 0.587075 0.362197 0.002092 0.002830
0 0.586784 0.364430 0.002469 0.002642
0 0.592185 0.366458 0.002641 0.002736
0 0.598975 0.368722 0.002503 0.003365
0 0.577696 0.364776 0.002332 0.002830
0 0.606228 0.365892 0.002812 0.002736
0 0.606451 0.362747 0.003189 0.002547
0 0.614579 0.362920 0.003121 0.002893
0 0.614819 0.372197 0.002641 0.002075
0 0.615419 0.376851 0.002195 0.002201
0 0.614562 0.378329 0.002058 0.002516
0 0.621197 0.378817 0.002984 0.002170
0 0.629685 0.380405 0.002195 0.002956
0 0.634572 0.376631 0.002709 0.002264
0 0.643197 0.373958 0.002401 0.003208
0 0.653485 0.375090 0.002126 0.003208
0 0.657428 0.379839 0.002606 0.002642
0 0.666979 0.373408 0.002366 0.002925
0 0.676753 0.368439 0.003395 0.002484
0 0.657458 0.414201 0.002419 0.002888
0 0.657709 0.407714 0.002374 0.002721
0 0.667819 0.401435 0.002510 0.003390
0 0.679755 0.394759 0.002647 0.003097
0 0.677153 0.391306 0.002374 0.002804
0 0.681786 0.390846 0.002784 0.003307
0 0.686145 0.391076 0.002739 0.003348
0 0.695982 0.394257 0.002784 0.003600
0 0.712549 0.379589 0.002365 0.002169
0 0.716782 0.377496 0.004025 0.002473
0 0.720080 0.379570 0.002739 0.003348
0 0.749189 0.382709 0.002863 0.002930
0 0.747032 0.386913 0.001867 0.002435
0 0.746139 0.389577 0.002656 0.002664
0 0.772178 0.379380 0.002697 0.003044
0 0.767259 0.397361 0.002226 0.003494
0 0.779198 0.398572 0.003471 0.001972
0 0.800342 0.384217 0.002075 0.003079
0 0.800851 0.379789 0.002490 0.002733
0 0.702014 0.356337 0.002661 0.003453
0 0.704525 0.361148 0.002561 0.002762
0 0.709119 0.359974 0.002812 0.002808
0 0.718734 0.355785 0.003063 0.002072
0 0.721872 0.353920 0.003113 0.002026
0 0.737211 0.351733 0.002862 0.003913
0 0.742182 0.348303 0.002259 0.002486
0 0.754408 0.352700 0.003013 0.003269
0 0.762064 0.348027 0.002460 0.002578
0 0.774190 0.343215 0.003916 0.001888
0 0.775269 0.339739 0.002460 0.003683
0 0.783805 0.345195 0.003364 0.003453
0 0.772508 0.340384 0.002561 0.002947
0 0.813529 0.344044 0.002561 0.002901
0 0.821387 0.326848 0.002711 0.003223
0 0.822491 0.333340 0.002310 0.003775
0 0.815964 0.333132 0.002611 0.003729
0 0.849403 0.326042 0.003515 0.002440
0 0.848600 0.339164 0.002812 0.002532
0 0.857738 0.342226 0.003314 0.002670
0 0.857763 0.338819 0.002862 0.003867
0 0.869286 0.338128 0.002209 0.002762
0 0.873403 0.332810 0.003816 0.002624
0 0.875211 0.331958 0.002310 0.003315
0 0.883345 0.325720 0.002209 0.002624
0 0.888039 0.321553 0.003163 0.002670
0 0.883847 0.315706 0.003715 0.002118
0 0.909529 0.309744 0.003364 0.003085
0 0.914223 0.311493 0.003515 0.001796
0 0.914926 0.307902 0.002410 0.002716
0 0.909479 0.315821 0.002862 0.003545
0 0.901571 0.319666 0.002812 0.003499
0 0.911663 0.306636 0.003013 0.002302
0 0.912617 0.307580 0.002711 0.002256
0 0.930553 0.329966 0.004207 0.004037
0 0.940249 0.352031 0.003074 0.003064
0 0.876662 0.225601 0.002935 0.003507
0 0.878263 0.219647 0.002757 0.003507
0 0.863053 0.241425 0.004358 0.002855
0 0.524722 0.401106 0.004344 0.001900
0 0.539725 0.399329 0.002673 0.001900
0 0.521147 0.404538 0.002807 0.003125
0 0.522951 0.406928 0.002272 0.003003
0 0.526727 0.412750 0.002339 0.003248
0 0.507681 0.413669 0.002339 0.003248
0 0.591149 0.433922 0.002205 0.002574
0 0.588476 0.432635 0.002606 0.002329
0 0.588376 0.430061 0.002673 0.002941
0 0.590381 0.427396 0.002139 0.003493
0 0.592052 0.426783 0.002005 0.003003
0 0.596128 0.421482 0.002139 0.003309
0 0.591250 0.423504 0.002139 0.002696
0 0.591149 0.420593 0.002072 0.003248
0 0.589078 0.417468 0.002339 0.003370
0 0.587140 0.416794 0.002473 0.002267
0 0.584767 0.415568 0.001871 0.002267
0 0.276717 0.265035 0.003914 0.002284
0 0.280453 0.261935 0.002846 0.003263
0 0.279474 0.267155 0.002846 0.002447
0 0.290815 0.262629 0.002935 0.002855
0 0.293795 0.261568 0.002135 0.002039
0 0.298954 0.272498 0.002313 0.002855
0 0.299577 0.262751 0.002135 0.002610
0 0.348943 0.267359 0.002313 0.003181
0 0.348587 0.273436 0.001957 0.002447
0 0.349788 0.275638 0.002935 0.003099
0 0.355614 0.275883 0.003202 0.003752
0 0.358683 0.276617 0.002046 0.003099
0 0.367324 0.266466 0.003382 0.002022
0 0.368133 0.264040 0.002352 0.002427
0 0.362362 0.279476 0.002426 0.002562
0 0.363134 0.283959 0.003234 0.001820
0 0.342440 0.260096 0.001985 0.002359
0 0.341632 0.258580 0.002132 0.003236
0 0.335457 0.251333 0.002426 0.003707
0 0.339316 0.256423 0.002793 0.003236
0 0.336045 0.261815 0.002720 0.002157
