0 0.281515 0.881614 0.003359 0.002441
0 0.277140 0.885065 0.003359 0.002441
0 0.291125 0.883298 0.003359 0.002441
0 0.273781 0.887843 0.003359 0.002441
0 0.282804 0.877616 0.002031 0.003704
0 0.197560 0.864735 0.003672 0.002189
0 0.210607 0.855897 0.003672 0.002189
0 0.207482 0.859937 0.003672 0.002189
0 0.210138 0.858086 0.003672 0.002189
0 0.203810 0.864357 0.004531 0.004461
0 0.198927 0.852446 0.002344 0.003872
0 0.197443 0.849668 0.002344 0.003872
0 0.199474 0.847816 0.002344 0.003872
0 0.201820 0.786180 0.002836 0.004685
0 0.204372 0.773347 0.002836 0.004685
0 0.222900 0.773041 0.002836 0.004685
0 0.198984 0.778643 0.002836 0.004685
0 0.197566 0.783532 0.002836 0.004685
0 0.194446 0.783837 0.002836 0.004685
0 0.180208 0.820263 0.002344 0.003872
0 0.187474 0.815549 0.002344 0.003872
0 0.190989 0.818958 0.003438 0.002441
0 0.188255 0.817864 0.003438 0.002441
0 0.241850 0.737893 0.003438 0.002441
0 0.223320 0.737243 0.004159 0.002954
0 0.220562 0.728365 0.003438 0.002441
0 0.222124 0.734762 0.003438 0.002441
0 0.244234 0.726681 0.003438 0.002441
0 0.247906 0.726681 0.003438 0.002441
0 0.245874 0.724493 0.003438 0.002441
0 0.249937 0.724324 0.003438 0.002441
0 0.436971 0.347152 0.003438 0.002441
0 0.433533 0.346647 0.003438 0.002441
0 0.430955 0.345469 0.003438 0.002441
0 0.426893 0.346227 0.003438 0.002441
0 0.409939 0.344711 0.003438 0.002441
0 0.417361 0.339408 0.003438 0.002441
0 0.445643 0.350014 0.003438 0.002441
0 0.411189 0.318701 0.003438 0.002441
0 0.407127 0.317354 0.003438 0.002441
0 0.408221 0.319291 0.003438 0.002441
0 0.403689 0.321984 0.003438 0.002441
0 0.403768 0.276530 0.003438 0.002441
0 0.398611 0.276445 0.003438 0.002441
0 0.396111 0.284274 0.003438 0.002441
0 0.392283 0.276109 0.003438 0.002441
0 0.420252 0.292102 0.003438 0.002441
0 0.376031 0.252956 0.003438 0.002441
0 0.376031 0.232417 0.003438 0.002441
0 0.379234 0.232670 0.003438 0.002441
0 0.384156 0.228377 0.003438 0.002441
0 0.363843 0.233343 0.003438 0.002441
0 0.364312 0.241424 0.003438 0.002441
0 0.357593 0.244538 0.003438 0.002441
0 0.355327 0.249420 0.003438 0.002441
0 0.350952 0.249589 0.003438 0.002441
0 0.341031 0.248074 0.003438 0.002441
0 0.329077 0.238983 0.003438 0.002441
0 0.325640 0.219117 0.003438 0.002441
0 0.322671 0.214909 0.003438 0.002441
0 0.313687 0.214825 0.003438 0.002441
0 0.338062 0.174841 0.003438 0.002441
0 0.339156 0.193360 0.003438 0.002441
0 0.316187 0.186037 0.003438 0.002441
0 0.290249 0.216003 0.003438 0.002441
0 0.278452 0.219538 0.003438 0.002441
0 0.275562 0.212131 0.003438 0.002441
0 0.263921 0.235279 0.003438 0.002441
0 0.267046 0.239404 0.003438 0.002441
0 0.268452 0.236458 0.003438 0.002441
0 0.272359 0.237973 0.003438 0.002441
0 0.248765 0.230397 0.003438 0.002441
0 0.257827 0.230481 0.003438 0.002441
0 0.245562 0.184858 0.003438 0.002441
0 0.217281 0.187131 0.003438 0.002441
0 0.252593 0.153966 0.003438 0.002441
0 0.225093 0.141171 0.003438 0.002441
0 0.348457 0.138808 0.003438 0.002441
0 0.336816 0.137293 0.003438 0.002441
0 0.336816 0.131737 0.003438 0.002441
0 0.327754 0.135525 0.003438 0.002441
0 0.323301 0.137882 0.003438 0.002441
0 0.322754 0.130054 0.003438 0.002441
0 0.345254 0.132411 0.003438 0.002441
0 0.334238 0.126519 0.003438 0.002441
0 0.355019 0.121468 0.003438 0.002441
0 0.342910 0.123236 0.003438 0.002441
0 0.338769 0.155475 0.003438 0.002441
0 0.317988 0.149751 0.003438 0.002441
0 0.314707 0.148236 0.003438 0.002441
0 0.309824 0.160441 0.002578 0.003788
0 0.310137 0.168269 0.002578 0.003788
0 0.314199 0.172815 0.002578 0.003788
0 0.335856 0.333658 0.003281 0.002525
0 0.334215 0.330207 0.003281 0.002525
0 0.346012 0.348978 0.003281 0.002525
0 0.360934 0.356806 0.003281 0.002525
0 0.360934 0.354281 0.003281 0.002525
0 0.357028 0.350240 0.003281 0.002525
0 0.352965 0.315055 0.003281 0.002525
0 0.380700 0.326250 0.003281 0.002525
0 0.383043 0.329197 0.003281 0.002525
0 0.376246 0.322631 0.003281 0.002525
0 0.347262 0.314045 0.003281 0.002525
0 0.370856 0.320190 0.003281 0.002525
0 0.308183 0.270835 0.003281 0.002525
0 0.307793 0.273360 0.003281 0.002525
0 0.306308 0.276559 0.003281 0.002525
0 0.302793 0.279842 0.003281 0.002525
0 0.307090 0.283798 0.003281 0.002525
0 0.299199 0.284977 0.003281 0.002525
0 0.330371 0.271930 0.003281 0.002525
0 0.316465 0.270667 0.003281 0.002525
0 0.313886 0.278243 0.003281 0.002525
0 0.302324 0.289522 0.003281 0.002525
0 0.322324 0.260987 0.003281 0.002525
0 0.336465 0.268394 0.003281 0.002525
0 0.346152 0.281105 0.003281 0.002525
0 0.320136 0.266795 0.003281 0.002525
0 0.322793 0.273150 0.006016 0.005640
0 0.320371 0.281694 0.003281 0.002525
0 0.340918 0.259303 0.003281 0.002525
0 0.257849 0.097712 0.003281 0.002525
0 0.268864 0.093335 0.003281 0.002525
0 0.275349 0.094177 0.003281 0.002525
0 0.290192 0.098890 0.003281 0.002525
0 0.257302 0.088537 0.003281 0.002525
0 0.373112 0.208050 0.003281 0.002525
0 0.379753 0.217225 0.003281 0.002525
0 0.358034 0.203673 0.003281 0.002525
0 0.358112 0.199717 0.003281 0.002525
0 0.361315 0.199801 0.003281 0.002525
0 0.358463 0.507273 0.003281 0.002525
0 0.354166 0.498519 0.003281 0.002525
0 0.351432 0.522341 0.003281 0.002525
0 0.370260 0.479495 0.003281 0.002525
0 0.370182 0.503570 0.003281 0.002525
0 0.357368 0.557488 0.004804 0.003697
0 0.413795 0.418181 0.003281 0.002525
0 0.401607 0.413972 0.003281 0.002525
0 0.381373 0.407995 0.003281 0.002525
0 0.397310 0.416750 0.003281 0.002525
0 0.384171 0.388462 0.003281 0.002525
0 0.375499 0.390651 0.003281 0.002525
0 0.362609 0.379455 0.003281 0.002525
0 0.372140 0.370112 0.003281 0.002525
0 0.498756 0.345012 0.003281 0.002525
0 0.466412 0.354693 0.003281 0.002525
0 0.476178 0.347706 0.003281 0.002525
0 0.470787 0.360669 0.003281 0.002525
0 0.525949 0.404762 0.003281 0.002525
0 0.517511 0.395586 0.003281 0.002525
0 0.506652 0.400889 0.003281 0.002525
0 0.508854 0.341658 0.002031 0.003704
0 0.513229 0.362028 0.002031 0.003704
