0 0.076138 0.386821 0.002761 0.003367
0 0.083376 0.383630 0.002015 0.002736
0 0.103671 0.380613 0.003208 0.002595
0 0.108521 0.384436 0.003059 0.002666
0 0.112848 0.388119 0.003805 0.002315
0 0.126726 0.388610 0.003656 0.002175
0 0.142059 0.392749 0.002537 0.003437
0 0.149110 0.397659 0.002761 0.003016
0 0.157704 0.380082 0.002747 0.003162
0 0.161992 0.384878 0.002130 0.002741
0 0.163808 0.405631 0.002344 0.002875
0 0.182867 0.397845 0.002446 0.003210
0 0.194334 0.412985 0.002038 0.002731
0 0.193340 0.421538 0.002599 0.002587
0 0.174994 0.424173 0.003313 0.002396
0 0.207329 0.413896 0.002140 0.002635
0 0.225038 0.408889 0.002395 0.002779
0 0.205392 0.404960 0.001937 0.002108
0 0.251295 0.426833 0.002035 0.003125
0 0.256823 0.416342 0.002917 0.002806
0 0.260723 0.424441 0.002713 0.003444
0 0.268930 0.436940 0.002849 0.003316
0 0.245360 0.454190 0.002374 0.003380
0 0.406801 0.439547 0.002395 0.002539
0 0.407489 0.442254 0.002242 0.002204
0 0.772379 0.363794 0.003168 0.003903
0 0.779152 0.369648 0.002950 0.003081
0 0.776148 0.374270 0.002403 0.003492
0 0.776759 0.380312 0.002313 0.003648
0 0.779818 0.389606 0.002910 0.001754
0 0.783118 0.400549 0.003330 0.002203
0 0.789007 0.411419 0.002652 0.003768
0 0.801802 0.411071 0.002960 0.003304
0 0.813747 0.419387 0.002537 0.003227
0 0.832907 0.444009 0.002731 0.003389
0 0.847491 0.455512 0.003059 0.002773
0 0.873818 0.473536 0.003496 0.003492
0 0.887650 0.376735 0.003605 0.002711
0 0.933132 0.335500 0.002764 0.003163
0 0.952118 0.340923 0.003004 0.002937
0 0.962693 0.349000 0.002043 0.003502
0 0.964375 0.337533 0.002283 0.002485
0 0.967800 0.341149 0.002644 0.002259
