0 0.990456 0.660138 0.004111 0.004915
0 0.983946 0.664592 0.004111 0.004608
0 0.981719 0.659984 0.004454 0.005222
0 0.963046 0.664746 0.006167 0.004915
0 0.886128 0.648464 0.003084 0.004915
0 0.883730 0.659523 0.003084 0.005529
0 0.880475 0.657219 0.003426 0.005222
0 0.877391 0.661674 0.004111 0.003686
0 0.874993 0.663824 0.002056 0.004301
0 0.873965 0.659370 0.002741 0.004608
0 0.916621 0.698997 0.003769 0.004608
0 0.944202 0.675344 0.003426 0.005222
0 0.940262 0.804978 0.005825 0.004608
0 0.913880 0.773952 0.004454 0.004608
0 0.906000 0.776870 0.004454 0.004915
0 0.910111 0.784089 0.004454 0.005837
0 0.906171 0.784396 0.004111 0.004608
0 0.895893 0.793766 0.004797 0.006144
0 0.894351 0.788544 0.006510 0.005529
0 0.885957 0.789465 0.006167 0.006144
0 0.876363 0.796684 0.005482 0.005837
0 0.938891 0.809586 0.004454 0.005837
0 0.858547 0.796223 0.006167 0.004915
0 0.853065 0.801292 0.005482 0.005222
0 0.853579 0.812812 0.003769 0.005529
0 0.852894 0.816959 0.005139 0.004608
0 0.837819 0.834008 0.005825 0.002458
0 0.836277 0.835544 0.006852 0.002458
0 0.833878 0.836619 0.003426 0.005837
0 0.828054 0.834008 0.004111 0.005529
0 0.829938 0.816651 0.004454 0.004608
0 0.838675 0.790847 0.004111 0.005222
0 0.849639 0.781478 0.004111 0.004301
0 0.834050 0.788697 0.003769 0.005222
0 0.877391 0.719272 0.005482 0.005222
0 0.934095 0.685481 0.003769 0.004608
0 0.919705 0.687017 0.004454 0.008294
0 0.856149 0.678416 0.005482 0.005222
0 0.847069 0.683177 0.005139 0.005529
0 0.845528 0.673654 0.004797 0.005529
0 0.838846 0.769498 0.003769 0.004301
0 0.841073 0.766887 0.003426 0.005222
0 0.839018 0.765658 0.004111 0.003993
0 0.825656 0.754292 0.004797 0.005222
0 0.793621 0.778867 0.005139 0.003993
0 0.779573 0.771034 0.005825 0.006758
0 0.776147 0.770419 0.003769 0.004301
0 0.769466 0.778867 0.004111 0.007065
0 0.768781 0.772723 0.006167 0.003993
0 0.793107 0.699919 0.005482 0.007065
0 0.784884 0.704220 0.004111 0.005222
0 0.781115 0.703144 0.002056 0.004301
0 0.779231 0.707292 0.004454 0.005837
0 0.772721 0.707599 0.003769 0.003993
0 0.770836 0.704527 0.005482 0.003379
0 0.775804 0.718504 0.004454 0.004301
0 0.775804 0.732788 0.004454 0.005222
0 0.745483 0.771034 0.004797 0.005529
0 0.704368 0.759821 0.004797 0.004608
0 0.691691 0.787622 0.005482 0.003072
0 0.691349 0.793151 0.005482 0.004915
0 0.675759 0.804057 0.006510 0.005222
0 0.669078 0.782553 0.002741 0.005222
0 0.658800 0.784704 0.004111 0.006451
0 0.646294 0.785472 0.003769 0.004915
0 0.658628 0.757210 0.003769 0.005529
0 0.654174 0.749991 0.003769 0.005222
0 0.649035 0.757824 0.005139 0.003686
0 0.648864 0.760896 0.003426 0.004301
0 0.649035 0.767347 0.004454 0.004915
0 0.644238 0.757364 0.003769 0.004608
0 0.683811 0.742772 0.004797 0.004915
0 0.678672 0.742158 0.004111 0.004301
0 0.662569 0.734939 0.003426 0.005222
0 0.659142 0.734632 0.003426 0.005837
0 0.663768 0.721730 0.004454 0.005837
0 0.675246 0.722190 0.004797 0.005529
0 0.706767 0.715893 0.006167 0.005222
0 0.700771 0.724955 0.003769 0.007373
0 0.696831 0.710978 0.004797 0.006451
0 0.701113 0.706677 0.005139 0.005837
0 0.692376 0.711592 0.005482 0.005222
0 0.721328 0.694850 0.005139 0.007987
0 0.717730 0.682102 0.005482 0.005837
0 0.720814 0.668125 0.006852 0.005529
0 0.715675 0.665974 0.004111 0.006758
0 0.706253 0.657987 0.005139 0.006758
0 0.711392 0.651383 0.005139 0.006451
0 0.718244 0.649693 0.004454 0.005529
0 0.687409 0.649693 0.006510 0.005529
0 0.690149 0.646007 0.007880 0.006144
0 0.669592 0.684099 0.005825 0.005529
0 0.700771 0.678876 0.005825 0.006144
0 0.710707 0.693468 0.005139 0.006451
0 0.702312 0.697615 0.005482 0.006144
0 0.712762 0.681027 0.003084 0.006144
0 0.658115 0.693314 0.005482 0.003686
0 0.658115 0.701301 0.004111 0.004915
0 0.650920 0.703759 0.006167 0.006144
0 0.647493 0.699151 0.005482 0.004915
0 0.651947 0.693622 0.004111 0.005529
0 0.753877 0.714050 0.004454 0.005837
0 0.764327 0.710363 0.005482 0.004608
0 0.761072 0.705448 0.005139 0.008294
0 0.747710 0.691318 0.005825 0.006451
0 0.757817 0.685635 0.004797 0.004915
0 0.813664 0.824331 0.004111 0.004608
0 0.810066 0.807436 0.005825 0.003993
0 0.795334 0.817112 0.003084 0.004915
0 0.792764 0.815269 0.003426 0.004915
0 0.787453 0.818495 0.003084 0.005222
0 0.777860 0.822642 0.004454 0.004301
0 0.789338 0.835237 0.004797 0.005529
0 0.794306 0.863191 0.006510 0.003072
0 0.792593 0.865188 0.006510 0.005222
0 0.785398 0.865188 0.003084 0.008909
0 0.807497 0.881776 0.002056 0.005222
0 0.808353 0.884233 0.001713 0.003993
0 0.808867 0.887152 0.003426 0.004301
0 0.802529 0.882698 0.004454 0.005222
0 0.796190 0.889609 0.003426 0.003072
0 0.796190 0.892374 0.002741 0.003686
0 0.798589 0.892374 0.003426 0.005529
0 0.777689 0.885155 0.004797 0.006451
0 0.736574 0.892528 0.004797 0.004608
0 0.732463 0.888995 0.006167 0.004301
0 0.728009 0.841841 0.004111 0.004608
0 0.737774 0.831243 0.005139 0.006144
0 0.746168 0.820799 0.006167 0.005529
0 0.756446 0.816191 0.008223 0.007987
0 0.724240 0.831550 0.006167 0.004915
0 0.720471 0.841534 0.004797 0.003993
0 0.717045 0.845220 0.003426 0.003993
0 0.721842 0.846142 0.004797 0.005222
0 0.705053 0.854129 0.003426 0.005222
0 0.698544 0.857047 0.004797 0.004915
0 0.693918 0.854129 0.003769 0.005837
0 0.691177 0.854282 0.004454 0.004915
0 0.687237 0.860580 0.002056 0.008294
0 0.683126 0.856740 0.004797 0.004915
0 0.685695 0.851978 0.005139 0.005837
0 0.689464 0.843531 0.005139 0.004301
0 0.679186 0.838155 0.005825 0.004608
0 0.679014 0.844299 0.004111 0.005837
0 0.673875 0.845374 0.004111 0.004915
0 0.671305 0.847985 0.004454 0.004608
0 0.664282 0.846603 0.004797 0.005529
0 0.658115 0.842916 0.005482 0.005529
0 0.646808 0.839537 0.004797 0.006144
0 0.725439 0.753985 0.003769 0.005837
0 0.732120 0.758900 0.004111 0.005222
0 0.662055 0.706984 0.005139 0.005222
0 0.660513 0.709135 0.004111 0.005837
0 0.706595 0.686403 0.003769 0.006451
0 0.708308 0.683484 0.005139 0.003686
0 0.639956 0.702684 0.004111 0.005222
0 0.637386 0.703912 0.003769 0.006451
0 0.647836 0.690242 0.003426 0.005529
0 0.631904 0.705141 0.003769 0.005222
0 0.620426 0.713743 0.004797 0.004608
0 0.630705 0.740622 0.004797 0.005529
0 0.621283 0.734478 0.004454 0.005529
0 0.629163 0.752909 0.003769 0.004915
0 0.625908 0.754138 0.004797 0.006144
0 0.638585 0.782246 0.005482 0.004608
0 0.638928 0.789772 0.003426 0.005529
0 0.627107 0.804825 0.007880 0.004301
0 0.635673 0.832625 0.003084 0.005837
0 0.627793 0.824178 0.003769 0.005529
0 0.540292 0.647904 0.004283 0.005632
0 0.521876 0.647776 0.003426 0.004864
0 0.512168 0.647520 0.005139 0.005376
0 0.513453 0.660575 0.003141 0.005376
0 0.499034 0.676575 0.005139 0.004096
0 0.507743 0.686431 0.004283 0.003840
0 0.521590 0.686047 0.003997 0.004096
0 0.522018 0.691039 0.003712 0.003840
0 0.545716 0.691423 0.003712 0.005120
0 0.548572 0.702302 0.004283 0.004352
0 0.545003 0.706142 0.002855 0.003840
0 0.545716 0.710750 0.003712 0.004352
0 0.551855 0.706782 0.003997 0.004608
0 0.557423 0.704222 0.004283 0.004608
0 0.571270 0.694750 0.002855 0.004096
0 0.600821 0.692191 0.003712 0.004096
0 0.601107 0.684511 0.003141 0.004608
0 0.598251 0.684511 0.003141 0.005120
0 0.591685 0.697694 0.003712 0.004864
0 0.586688 0.693727 0.004568 0.004608
0 0.586402 0.700638 0.004568 0.004096
0 0.587973 0.704478 0.003141 0.004608
0 0.573840 0.707038 0.003997 0.004096
0 0.574268 0.712798 0.003141 0.004864
0 0.570699 0.714718 0.004568 0.004608
0 0.568558 0.709214 0.003712 0.005376
0 0.601535 0.701790 0.003426 0.005888
0 0.625946 0.693087 0.004283 0.004864
0 0.611385 0.685151 0.005425 0.005888
0 0.615097 0.736093 0.003712 0.004352
0 0.602677 0.754909 0.004568 0.004096
0 0.595539 0.747485 0.002284 0.005120
0 0.593398 0.747997 0.002570 0.005632
0 0.598251 0.736093 0.002570 0.005888
0 0.589400 0.744797 0.004283 0.004864
0 0.559707 0.722782 0.004283 0.005376
0 0.517736 0.753757 0.003712 0.004864
0 0.512882 0.744797 0.003712 0.004352
0 0.497036 0.737245 0.004568 0.004608
0 0.484330 0.743773 0.004854 0.004352
0 0.470054 0.747485 0.004854 0.004096
0 0.505173 0.764380 0.004283 0.005120
0 0.504031 0.700894 0.004854 0.004608
0 0.494181 0.696030 0.004568 0.004608
0 0.485472 0.693727 0.005425 0.005632
0 0.500462 0.709214 0.005710 0.004864
0 0.489898 0.708446 0.002284 0.006912
0 0.488042 0.709086 0.002570 0.007168
0 0.483045 0.714078 0.004568 0.005888
0 0.467199 0.722654 0.003141 0.004096
0 0.446928 0.719198 0.004854 0.003840
0 0.438219 0.720606 0.005710 0.004608
0 0.438790 0.709726 0.005710 0.004864
0 0.614098 0.768092 0.005139 0.005376
0 0.601820 0.762972 0.004568 0.007936
0 0.601678 0.758493 0.003712 0.004096
0 0.610386 0.774876 0.003997 0.004096
0 0.617952 0.821723 0.004283 0.003584
0 0.615525 0.823387 0.005139 0.003840
0 0.604676 0.825435 0.003426 0.003328
0 0.604676 0.829018 0.003426 0.003328
0 0.586260 0.823259 0.003712 0.004096
0 0.582405 0.822235 0.003426 0.006144
0 0.578265 0.805467 0.003712 0.005888
0 0.584261 0.801499 0.003712 0.006656
0 0.602534 0.795739 0.004283 0.004864
0 0.589829 0.797531 0.002855 0.006912
0 0.587687 0.797531 0.002570 0.005376
0 0.586688 0.794204 0.003426 0.004864
0 0.574696 0.806619 0.003997 0.005120
0 0.571127 0.804059 0.003141 0.005120
0 0.573269 0.806875 0.002855 0.004608
0 0.566702 0.807003 0.004568 0.003840
0 0.558993 0.805851 0.003426 0.003584
0 0.549285 0.809819 0.003426 0.002816
0 0.548714 0.812123 0.004568 0.004352
0 0.546430 0.824027 0.002855 0.005120
0 0.545574 0.855130 0.002855 0.005888
0 0.539578 0.849498 0.003997 0.004864
0 0.538436 0.825307 0.003426 0.004096
0 0.542290 0.817755 0.001999 0.003840
0 0.541005 0.816859 0.001713 0.003584
0 0.543718 0.820827 0.001999 0.004352
0 0.545003 0.819803 0.002855 0.006400
0 0.525445 0.818779 0.004283 0.004864
0 0.525873 0.825179 0.005710 0.004352
0 0.521019 0.826971 0.004568 0.003840
0 0.519021 0.864601 0.005139 0.003328
0 0.505887 0.830426 0.004568 0.006144
0 0.509599 0.819931 0.005139 0.004096
0 0.498035 0.815195 0.002570 0.004864
0 0.514167 0.813659 0.004568 0.004352
0 0.512025 0.810331 0.004283 0.003328
0 0.510883 0.813147 0.004283 0.003840
0 0.555995 0.767196 0.003712 0.006144
0 0.563276 0.741853 0.003997 0.007168
0 0.486472 0.794332 0.005139 0.006656
0 0.479048 0.816219 0.003997 0.006400
0 0.481903 0.814171 0.003426 0.007936
0 0.496179 0.833370 0.003426 0.004864
0 0.484759 0.819035 0.005139 0.003328
0 0.483902 0.822747 0.003426 0.004096
0 0.481903 0.827227 0.004568 0.001792
0 0.481190 0.826587 0.004854 0.002560
0 0.479334 0.824795 0.003997 0.003072
0 0.480333 0.822619 0.005425 0.002304
0 0.469341 0.825051 0.004568 0.006144
0 0.466628 0.826331 0.004854 0.008192
0 0.475622 0.832218 0.003997 0.004096
0 0.461061 0.820315 0.004568 0.003840
0 0.453495 0.818011 0.005425 0.004352
0 0.452352 0.821339 0.004283 0.004864
0 0.467770 0.850010 0.004283 0.004352
0 0.452781 0.842458 0.004568 0.003584
0 0.451068 0.853850 0.004568 0.006912
0 0.453923 0.839130 0.003997 0.005632
0 0.448784 0.831578 0.002855 0.003840
0 0.451924 0.830426 0.003426 0.004608
0 0.446785 0.866777 0.003997 0.004096
0 0.394250 0.811867 0.006281 0.006912
0 0.388254 0.828123 0.004568 0.004096
0 0.380688 0.827867 0.004283 0.003584
0 0.379689 0.832858 0.003997 0.005888
0 0.388540 0.853082 0.008565 0.004864
0 0.386113 0.869209 0.004283 0.004864
0 0.385113 0.872537 0.004568 0.005376
0 0.381402 0.870745 0.003997 0.005888
0 0.378832 0.871257 0.003997 0.006400
0 0.391823 0.878425 0.001999 0.003328
0 0.393251 0.879065 0.003141 0.005632
0 0.424943 0.886233 0.004283 0.005632
0 0.353564 0.841562 0.003712 0.004864
0 0.351565 0.847194 0.004854 0.004352
0 0.356990 0.856410 0.004283 0.006400
0 0.349709 0.864089 0.004568 0.005376
0 0.348853 0.867161 0.005710 0.005888
0 0.339716 0.871001 0.005710 0.005376
0 0.338860 0.861657 0.005710 0.005120
0 0.338003 0.856538 0.004568 0.004096
0 0.312307 0.866905 0.004568 0.004352
0 0.307167 0.862297 0.003997 0.003840
0 0.308880 0.860250 0.005710 0.002816
0 0.304169 0.876377 0.006567 0.002816
0 0.303313 0.873561 0.004854 0.003840
0 0.301457 0.869593 0.003997 0.005632
0 0.295176 0.861274 0.003426 0.004864
0 0.298459 0.860506 0.004283 0.005376
0 0.298887 0.850906 0.002855 0.005632
0 0.297460 0.847066 0.004568 0.005632
0 0.299030 0.839130 0.007709 0.004608
0 0.288894 0.855130 0.005139 0.005888
0 0.279901 0.855642 0.003141 0.005888
0 0.275618 0.852826 0.003712 0.004864
0 0.273191 0.853466 0.003997 0.004608
0 0.271478 0.859482 0.002855 0.006400
0 0.268908 0.854746 0.003426 0.005120
0 0.264483 0.858074 0.004283 0.005120
0 0.266910 0.861657 0.003997 0.004608
0 0.263769 0.870745 0.003997 0.007424
0 0.259629 0.862041 0.004854 0.005376
0 0.252348 0.870489 0.003997 0.007936
0 0.248636 0.871257 0.002855 0.007936
0 0.237930 0.864089 0.003712 0.004864
0 0.237073 0.868057 0.003141 0.005632
0 0.219086 0.914392 0.004854 0.005120
0 0.228079 0.793308 0.004568 0.006144
0 0.253919 0.790492 0.005996 0.008192
0 0.188535 0.812379 0.004283 0.006400
0 0.182682 0.821595 0.004568 0.005888
0 0.167550 0.820827 0.009708 0.007936
0 0.332436 0.739037 0.006567 0.004608
0 0.298316 0.729053 0.007423 0.005632
0 0.311022 0.738909 0.005425 0.005376
0 0.320016 0.742749 0.005139 0.006400
0 0.275903 0.722526 0.004283 0.007424
0 0.269622 0.719198 0.006567 0.005888
0 0.277331 0.712286 0.007138 0.007424
0 0.284897 0.702558 0.005139 0.007424
0 0.296318 0.707422 0.004568 0.007424
0 0.305026 0.713566 0.003712 0.005888
0 0.310736 0.717150 0.003712 0.005888
0 0.238215 0.720734 0.005425 0.005888
0 0.213232 0.731997 0.005139 0.006400
0 0.052487 0.768988 0.003997 0.005120
0 0.042065 0.770780 0.003141 0.005632
0 0.037497 0.770140 0.004854 0.005888
0 0.191302 0.744769 0.003172 0.004089
0 0.177324 0.738547 0.002974 0.005511
0 0.184362 0.749213 0.003172 0.003378
0 0.178712 0.749569 0.003371 0.003733
0 0.178117 0.754546 0.003371 0.004089
0 0.174350 0.750813 0.002181 0.003022
0 0.171078 0.753124 0.002776 0.004089
0 0.174052 0.755346 0.003569 0.004267
0 0.177026 0.761035 0.002776 0.004978
0 0.171970 0.763879 0.002578 0.004622
0 0.169294 0.763791 0.002776 0.006222
0 0.190410 0.759880 0.003767 0.002667
0 0.188526 0.762279 0.003966 0.003200
0 0.184065 0.752946 0.002578 0.004089
0 0.085324 0.808589 0.002181 0.004800
0 0.083539 0.809567 0.002181 0.004267
0 0.081953 0.815611 0.003767 0.004267
0 0.094445 0.829922 0.002974 0.003733
0 0.127953 0.827522 0.001784 0.005333
0 0.138561 0.829389 0.002776 0.004444
0 0.118806 0.834951 0.004997 0.005973
0 0.114880 0.839111 0.003331 0.006186
0 0.107266 0.844871 0.002855 0.002773
0 0.108694 0.847964 0.006186 0.003840
0 0.139030 0.875697 0.003569 0.004693
0 0.140696 0.879536 0.003093 0.004693
0 0.136770 0.879536 0.003331 0.002560
0 0.137959 0.882310 0.003331 0.002987
0 0.055516 0.856284 0.004045 0.003413
0 0.048735 0.850097 0.005710 0.005120
0 0.042787 0.860977 0.004759 0.004267
0 0.040884 0.863004 0.003331 0.004907
0 0.035649 0.866097 0.005710 0.005547
0 0.024704 0.870150 0.004283 0.005973
0 0.016139 0.872923 0.005710 0.003413
0 0.022801 0.881990 0.002379 0.004907
0 0.020898 0.882416 0.002379 0.004480
0 0.022801 0.885190 0.002855 0.004480
0 0.035768 0.893189 0.002617 0.004267
0 0.033627 0.899589 0.002617 0.004267
0 0.035411 0.898416 0.003331 0.004053
0 0.035411 0.902042 0.001903 0.003627
0 0.036958 0.902789 0.002617 0.004693
