0 0.123718 0.236573 0.001917 0.002880
0 0.124589 0.237490 0.001777 0.002553
0 0.130007 0.236541 0.003554 0.001898
0 0.156054 0.242807 0.002365 0.003136
0 0.155892 0.249275 0.002876 0.002831
0 0.157074 0.251605 0.002644 0.002962
0 0.159857 0.254611 0.001716 0.002788
0 0.161202 0.254327 0.001994 0.003005
0 0.145306 0.301399 0.002581 0.002424
0 0.157203 0.309120 0.002694 0.003004
0 0.162630 0.299106 0.002133 0.002091
0 0.163279 0.296841 0.002041 0.002439
0 0.164462 0.297800 0.001809 0.002178
0 0.165366 0.299259 0.001855 0.001960
0 0.169633 0.302112 0.002412 0.002613
0 0.171674 0.304965 0.002041 0.002570
0 0.158548 0.306184 0.001948 0.002221
0 0.160914 0.306467 0.001855 0.002265
0 0.164067 0.305400 0.002319 0.002570
0 0.162235 0.306663 0.002551 0.002918
0 0.159731 0.303484 0.002087 0.003005
0 0.173506 0.301698 0.002180 0.003092
0 0.175083 0.301959 0.001716 0.002657
0 0.176520 0.302221 0.001994 0.002657
0 0.184938 0.307839 0.002504 0.003005
0 0.180300 0.307491 0.002597 0.002047
0 0.181900 0.309691 0.002365 0.002613
0 0.173459 0.314656 0.002273 0.002875
0 0.175639 0.313132 0.001716 0.003049
0 0.179141 0.315614 0.002226 0.002962
0 0.180231 0.322583 0.001809 0.002700
0 0.178445 0.325719 0.002041 0.002700
0 0.183060 0.321734 0.002087 0.002483
0 0.184845 0.322823 0.001762 0.002221
0 0.184428 0.325306 0.002133 0.003005
0 0.193518 0.323019 0.003061 0.002004
0 0.197345 0.319839 0.002273 0.002526
0 0.201704 0.314112 0.002458 0.002657
0 0.210609 0.314024 0.002736 0.002483
0 0.212395 0.317966 0.002968 0.002788
0 0.214922 0.315745 0.001994 0.003223
0 0.215757 0.317052 0.001902 0.002352
0 0.204997 0.318750 0.002644 0.002004
0 0.205809 0.320166 0.002319 0.002570
0 0.206064 0.321690 0.002087 0.002657
0 0.198504 0.322518 0.001902 0.001786
0 0.197924 0.321211 0.003339 0.001699
0 0.220418 0.319817 0.002041 0.002918
0 0.223804 0.317814 0.002133 0.003180
0 0.228187 0.323237 0.002180 0.003136
0 0.229068 0.327157 0.001902 0.002875
0 0.231689 0.330511 0.002041 0.002613
0 0.235445 0.330031 0.002041 0.002700
0 0.242031 0.325632 0.002226 0.003136
0 0.242031 0.330445 0.002319 0.003267
0 0.246931 0.337000 0.001687 0.002919
0 0.250155 0.338444 0.001984 0.002329
0 0.248155 0.338537 0.001885 0.002640
0 0.317120 0.225098 0.003343 0.004238
0 0.346036 0.262065 0.004680 0.004709
