0 0.585310 0.426487 0.004517 0.005645
0 0.579341 0.418961 0.006775 0.004390
0 0.572244 0.421313 0.005484 0.006585
0 0.572405 0.437306 0.004517 0.007840
0 0.567566 0.460669 0.005807 0.008153
0 0.566275 0.473055 0.005162 0.007840
0 0.560952 0.461766 0.005484 0.007840
0 0.549016 0.463648 0.005484 0.008467
0 0.536111 0.435738 0.005484 0.005331
0 0.541757 0.431191 0.005807 0.006272
0 0.536111 0.426644 0.005484 0.007840
0 0.542079 0.417079 0.006452 0.007526
0 0.551274 0.412219 0.006775 0.009721
0 0.536918 0.418334 0.005807 0.008153
0 0.536272 0.408456 0.005162 0.008467
0 0.524013 0.403438 0.005162 0.005331
0 0.530788 0.398264 0.004517 0.005645
0 0.534659 0.391679 0.005807 0.006272
0 0.541434 0.386347 0.005162 0.005645
0 0.547886 0.389170 0.003871 0.005645
0 0.565630 0.390424 0.003871 0.006272
0 0.568372 0.386347 0.004194 0.005645
0 0.565308 0.401086 0.004517 0.006272
0 0.579986 0.395285 0.006130 0.007213
0 0.630372 0.351247 0.003284 0.004788
0 0.632972 0.348321 0.002736 0.005054
0 0.637008 0.345396 0.002052 0.005320
0 0.626199 0.345595 0.002326 0.005453
0 0.631056 0.341206 0.002189 0.004921
0 0.632698 0.339743 0.002189 0.005985
0 0.635298 0.336485 0.002189 0.005320
0 0.638239 0.334756 0.002600 0.005852
0 0.640360 0.332894 0.002189 0.005320
0 0.643644 0.331631 0.002736 0.004123
0 0.641660 0.327375 0.002600 0.005985
0 0.639813 0.329037 0.003010 0.004256
0 0.643986 0.316868 0.002052 0.004921
0 0.646996 0.316004 0.002326 0.005054
0 0.644328 0.298382 0.002736 0.005187
0 0.641523 0.286679 0.004241 0.005719
0 0.626883 0.294659 0.003147 0.004123
0 0.617511 0.293528 0.003284 0.005320
0 0.621137 0.285150 0.004241 0.006650
0 0.609644 0.288408 0.002052 0.004655
0 0.609234 0.284551 0.002873 0.004123
0 0.607797 0.286413 0.002189 0.003857
0 0.606087 0.287144 0.002600 0.005586
0 0.626199 0.270720 0.003420 0.005719
0 0.623737 0.266398 0.002873 0.003724
0 0.630441 0.255559 0.003968 0.005719
0 0.611628 0.263139 0.003284 0.004123
0 0.607934 0.257221 0.002736 0.005054
0 0.600135 0.256490 0.002189 0.003325
0 0.600477 0.259415 0.003420 0.004123
0 0.593568 0.258883 0.003557 0.005453
0 0.585701 0.286347 0.003968 0.004788
0 0.584264 0.290469 0.003557 0.004522
0 0.581596 0.289738 0.002600 0.003591
0 0.580707 0.294060 0.003284 0.005586
0 0.575645 0.289073 0.003010 0.004123
0 0.690358 0.283300 0.004187 0.005140
0 0.669315 0.251493 0.003526 0.006640
0 0.742691 0.246245 0.004848 0.008567
0 0.613504 0.258616 0.003462 0.003657
0 0.611322 0.259347 0.003311 0.003950
0 0.585371 0.248606 0.003968 0.004256
0 0.571484 0.248007 0.003010 0.004389
0 0.567242 0.245680 0.003284 0.005852
0 0.569979 0.254856 0.004105 0.005320
0 0.561701 0.254058 0.003694 0.005054
0 0.556365 0.250401 0.003694 0.005985
0 0.552397 0.251266 0.003420 0.006384
0 0.543299 0.255122 0.006294 0.005586
0 0.526060 0.259578 0.003010 0.005719
0 0.528454 0.255787 0.003147 0.005852
0 0.528864 0.251066 0.003694 0.005985
0 0.528933 0.246345 0.004378 0.005586
0 0.567653 0.289102 0.003284 0.005453
0 0.552124 0.289767 0.004789 0.004389
0 0.551850 0.282918 0.004241 0.004522
0 0.546446 0.280857 0.004105 0.004921
0 0.680869 0.273849 0.003878 0.006833
0 0.675779 0.253705 0.004848 0.006597
0 0.653601 0.254176 0.004121 0.007539
0 0.653601 0.267959 0.004605 0.007775
0 0.512711 0.182672 0.004139 0.006437
0 0.510559 0.175994 0.004801 0.005310
0 0.518754 0.199810 0.002318 0.004667
0 0.526866 0.212362 0.002649 0.003379
0 0.525045 0.226362 0.002318 0.005310
0 0.518257 0.224351 0.003311 0.004184
0 0.513622 0.221776 0.003973 0.004184
0 0.514615 0.226201 0.003311 0.003379
0 0.513374 0.231994 0.003145 0.004345
0 0.510311 0.236500 0.003642 0.005632
0 0.521734 0.230466 0.002980 0.005793
0 0.519168 0.230305 0.002814 0.003540
0 0.517181 0.230787 0.003477 0.003218
0 0.522893 0.223144 0.002318 0.004667
0 0.524217 0.220327 0.003973 0.002897
0 0.524548 0.216868 0.002318 0.004667
0 0.523307 0.211074 0.003145 0.002414
0 0.523307 0.212362 0.003477 0.002414
0 0.523141 0.215419 0.002152 0.004345
0 0.516685 0.210592 0.002152 0.004023
0 0.511056 0.208097 0.002483 0.003862
0 0.513705 0.210511 0.001821 0.003540
0 0.512049 0.210994 0.001821 0.004184
0 0.514781 0.207132 0.001656 0.004506
0 0.513043 0.207132 0.002483 0.005471
0 0.511884 0.203189 0.002483 0.003058
0 0.513788 0.203270 0.001656 0.004828
0 0.514367 0.198844 0.002152 0.004667
0 0.515112 0.200132 0.002318 0.004345
0 0.519913 0.211960 0.002318 0.004184
0 0.519499 0.203994 0.002152 0.003379
0 0.522313 0.204557 0.003145 0.002253
0 0.519665 0.207212 0.001821 0.004667
0 0.520244 0.209707 0.001987 0.004184
0 0.538107 0.378383 0.004848 0.005419
0 0.537016 0.373435 0.004605 0.005890
0 0.519443 0.369901 0.005332 0.005419
0 0.512293 0.360359 0.006060 0.006597
0 0.504052 0.353173 0.004605 0.009660
0 0.515201 0.329495 0.007514 0.010838
0 0.485631 0.340804 0.004605 0.006597
0 0.483692 0.342807 0.004121 0.006361
0 0.457514 0.324194 0.003151 0.007304
0 0.457635 0.318539 0.004848 0.005890
0 0.445758 0.309704 0.004848 0.006126
0 0.425724 0.318164 0.003642 0.005841
0 0.404964 0.330998 0.002549 0.006373
0 0.396040 0.324183 0.002549 0.004779
0 0.399683 0.323209 0.002549 0.004602
0 0.402323 0.320908 0.003096 0.004602
0 0.401048 0.317368 0.002732 0.005664
0 0.398590 0.316483 0.002914 0.006018
0 0.390577 0.319492 0.003278 0.007435
0 0.386571 0.315244 0.004371 0.005664
0 0.409006 0.370626 0.004187 0.006854
0 0.393691 0.371483 0.005729 0.007711
0 0.455598 0.219630 0.005279 0.006557
