0 0.576277 0.826401 0.002105 0.003002
0 0.579294 0.833280 0.002105 0.003002
0 0.595294 0.820335 0.002105 0.003002
0 0.598873 0.823899 0.002105 0.003002
0 0.603154 0.840910 0.002105 0.003002
0 0.600277 0.840535 0.002105 0.003002
0 0.564277 0.834719 0.002105 0.003002
0 0.564066 0.836657 0.002105 0.003002
0 0.545400 0.818959 0.002105 0.003002
0 0.545961 0.821460 0.002105 0.003002
0 0.551294 0.824837 0.002105 0.003002
0 0.520979 0.823587 0.002105 0.003002
0 0.502873 0.812330 0.002105 0.003002
0 0.524066 0.806889 0.002105 0.003002
0 0.504628 0.818834 0.002105 0.003002
0 0.472347 0.811892 0.002105 0.003002
0 0.461891 0.810954 0.002105 0.003002
0 0.464908 0.818521 0.002105 0.003002
0 0.452136 0.820835 0.002105 0.003002
0 0.439364 0.806889 0.002105 0.003002
0 0.434172 0.800447 0.002105 0.003002
0 0.411645 0.816582 0.002105 0.003002
0 0.387245 0.800692 0.002105 0.003002
0 0.374753 0.796940 0.002105 0.003002
0 0.362262 0.789935 0.002105 0.003002
0 0.347946 0.805132 0.002105 0.003002
0 0.340508 0.802943 0.002105 0.003002
0 0.362082 0.911015 0.002105 0.003002
0 0.373590 0.916080 0.002105 0.003002
0 0.376959 0.914392 0.002105 0.003002
0 0.391205 0.908138 0.002105 0.003002
0 0.389801 0.905386 0.002105 0.003002
0 0.382362 0.913141 0.002105 0.003002
0 0.383415 0.910264 0.002105 0.003002
0 0.657042 0.954950 0.002105 0.003002
0 0.655147 0.954387 0.002105 0.003002
0 0.656481 0.945194 0.002105 0.003002
0 0.657463 0.947257 0.002105 0.003002
0 0.640340 0.963392 0.002105 0.003002
0 0.602235 0.959890 0.002105 0.003002
0 0.604059 0.959515 0.002105 0.003002
0 0.586305 0.953386 0.002105 0.003002
0 0.589533 0.954262 0.002105 0.003002
0 0.590305 0.957451 0.002105 0.003002
0 0.577182 0.953824 0.002105 0.003002
0 0.563989 0.951385 0.002105 0.003002
0 0.539007 0.947070 0.002105 0.003002
0 0.541533 0.952135 0.002105 0.003002
0 0.530516 0.950072 0.002105 0.003002
0 0.507539 0.923638 0.002105 0.003002
0 0.507118 0.927140 0.002105 0.003002
0 0.401105 0.879277 0.002105 0.003002
0 0.390578 0.895538 0.002105 0.003002
0 0.398929 0.882905 0.002105 0.003002
0 0.400403 0.872586 0.002105 0.003002
0 0.398859 0.871648 0.002105 0.003002
0 0.357845 0.901479 0.002105 0.003002
0 0.394581 0.891003 0.003860 0.002314
0 0.295619 0.856515 0.003860 0.002314
0 0.280904 0.851352 0.004246 0.002545
0 0.205735 0.847657 0.002456 0.002814
0 0.206156 0.852785 0.002456 0.002814
0 0.206647 0.836775 0.002456 0.002814
0 0.182004 0.838267 0.002456 0.002814
0 0.220629 0.854442 0.004351 0.004986
0 0.237661 0.864302 0.004351 0.004986
0 0.143619 0.812498 0.002456 0.002814
0 0.438162 0.870251 0.002456 0.002814
0 0.444759 0.867625 0.002456 0.002814
0 0.442162 0.867187 0.002456 0.002814
0 0.429250 0.874754 0.002456 0.002814
0 0.635226 0.817991 0.002456 0.002814
0 0.622033 0.810111 0.002456 0.002814
0 0.632629 0.823619 0.002456 0.002814
0 0.626945 0.823244 0.002456 0.002814
0 0.633401 0.827747 0.002456 0.002814
0 0.648489 0.827559 0.002456 0.002814
0 0.651015 0.827809 0.002456 0.002814
0 0.631927 0.840505 0.002456 0.002814
0 0.669050 0.829811 0.002456 0.002814
0 0.655506 0.833188 0.002456 0.002814
0 0.697226 0.858877 0.003269 0.003746
0 0.669859 0.877272 0.003269 0.003746
0 0.726741 0.868199 0.003269 0.003746
0 0.931360 0.980570 0.002456 0.002814
0 0.923219 0.978319 0.002456 0.002814
0 0.931079 0.993328 0.002456 0.002814
0 0.919851 0.987012 0.002456 0.002814
0 0.925395 0.973191 0.002456 0.002814
0 0.974024 0.959500 0.002972 0.003405
0 0.961457 0.954657 0.002972 0.003405
0 0.957297 0.957078 0.002972 0.003405
0 0.935447 0.959277 0.003789 0.001626
0 0.933973 0.961904 0.003789 0.001626
0 0.936499 0.955588 0.003789 0.001626
0 0.937903 0.952961 0.003789 0.001626
0 0.932570 0.965719 0.003789 0.001626
0 0.931587 0.955525 0.002246 0.002877
0 0.933692 0.954399 0.002246 0.002877
0 0.930113 0.956901 0.002246 0.002877
0 0.927587 0.957339 0.002246 0.002877
0 0.928640 0.960528 0.002246 0.002877
0 0.933622 0.967408 0.002246 0.002877
0 0.914185 0.908311 0.003288 0.004212
