0 0.973934 0.328996 0.002590 0.003717
0 0.973102 0.336696 0.004255 0.003894
0 0.972269 0.343688 0.001850 0.005133
0 0.969587 0.342803 0.003145 0.004425
0 0.966719 0.343157 0.004440 0.004071
0 0.969957 0.348733 0.003515 0.004956
0 0.970049 0.353955 0.002220 0.004779
0 0.967182 0.354221 0.002405 0.006018
0 0.963297 0.346432 0.002775 0.003540
0 0.964407 0.350061 0.002405 0.003717
0 0.962927 0.349707 0.002405 0.003009
0 0.964129 0.352185 0.002590 0.003009
0 0.960429 0.353336 0.002590 0.004248
0 0.964333 0.402103 0.002590 0.003540
0 0.964703 0.405643 0.003330 0.003540
0 0.961743 0.400244 0.002960 0.004425
0 0.960078 0.441931 0.003700 0.004956
0 0.954066 0.443878 0.004995 0.004956
0 0.947498 0.445117 0.004070 0.005664
0 0.930016 0.445471 0.002405 0.004602
0 0.929924 0.441223 0.003330 0.004248
0 0.952401 0.392544 0.004255 0.005310
0 0.937693 0.379622 0.003700 0.004956
0 0.934548 0.387057 0.003330 0.006373
0 0.927611 0.389269 0.004625 0.005133
0 0.925576 0.379711 0.002775 0.005841
0 0.921599 0.377321 0.003330 0.004602
0 0.864357 0.357000 0.002599 0.003950
0 0.863975 0.361169 0.003058 0.003804
0 0.863899 0.363875 0.001988 0.004535
0 0.862828 0.367533 0.003516 0.003950
0 0.847386 0.401985 0.003822 0.006144
0 0.834391 0.389696 0.003516 0.005559
0 0.825523 0.386916 0.004434 0.004681
0 0.810540 0.376895 0.005657 0.003657
0 0.817802 0.386112 0.003975 0.003072
0 0.816121 0.387355 0.003669 0.002926
0 0.800908 0.372507 0.004128 0.005998
0 0.804272 0.380845 0.003516 0.003657
0 0.804730 0.386039 0.002599 0.003804
0 0.812298 0.386770 0.003975 0.003218
0 0.799456 0.381138 0.002752 0.003950
0 0.797927 0.382162 0.003669 0.004242
0 0.778434 0.370458 0.003516 0.004242
0 0.791200 0.383186 0.003058 0.003657
0 0.788066 0.381430 0.002905 0.004242
0 0.787913 0.384429 0.004128 0.001756
0 0.788371 0.390866 0.002293 0.004681
0 0.784702 0.383917 0.002293 0.003657
0 0.783938 0.388160 0.002905 0.004242
0 0.785390 0.390574 0.002752 0.003804
0 0.781874 0.393646 0.002446 0.003511
0 0.783938 0.402643 0.003211 0.004828
0 0.761234 0.374847 0.003364 0.005413
0 0.779657 0.394962 0.002293 0.004096
0 0.778204 0.395913 0.002140 0.003365
0 0.776675 0.395621 0.002752 0.003365
0 0.775911 0.407617 0.003975 0.003072
0 0.775452 0.398181 0.002140 0.003804
0 0.772242 0.398766 0.002752 0.003804
0 0.773541 0.398254 0.001682 0.004828
0 0.772242 0.402204 0.002446 0.004242
0 0.742581 0.376603 0.003669 0.004242
0 0.721253 0.392037 0.003822 0.004974
0 0.713838 0.397596 0.003975 0.004681
0 0.697632 0.394524 0.003975 0.005559
0 0.770254 0.408202 0.003364 0.004535
0 0.763374 0.403959 0.003364 0.005120
0 0.766738 0.410689 0.003058 0.005413
0 0.754506 0.402643 0.002446 0.004535
0 0.757258 0.405642 0.002140 0.004096
0 0.761004 0.411567 0.003516 0.004242
0 0.758176 0.409445 0.002140 0.004681
0 0.754736 0.407763 0.003211 0.004535
0 0.759781 0.403521 0.003211 0.003950
0 0.766814 0.424952 0.004434 0.004096
0 0.782867 0.433657 0.003516 0.004242
0 0.779504 0.439143 0.002905 0.003218
0 0.778663 0.440898 0.002752 0.003511
0 0.779122 0.445726 0.002446 0.003804
0 0.816503 0.455674 0.004434 0.003511
0 0.822007 0.462184 0.003211 0.004242
0 0.846163 0.437899 0.004434 0.003950
0 0.810234 0.449310 0.002905 0.004535
0 0.809470 0.443532 0.002599 0.003218
0 0.806871 0.443824 0.001988 0.003511
0 0.807559 0.444117 0.002140 0.003511
0 0.808170 0.447043 0.002752 0.002341
0 0.806871 0.449749 0.002293 0.004535
0 0.803125 0.447555 0.002140 0.003657
0 0.804654 0.448798 0.001835 0.003804
0 0.805877 0.447189 0.003364 0.002926
0 0.797162 0.452382 0.003364 0.003950
0 0.793799 0.452894 0.002752 0.003804
0 0.764849 0.434788 0.002238 0.004070
0 0.764290 0.431682 0.002910 0.004284
0 0.764178 0.429112 0.003582 0.004284
0 0.758358 0.438965 0.004029 0.005140
0 0.743472 0.449031 0.004253 0.006854
0 0.721423 0.442606 0.004029 0.004712
0 0.717954 0.450424 0.004253 0.005355
0 0.923071 0.448111 0.003145 0.004425
0 0.920851 0.450943 0.003145 0.004071
0 0.917706 0.447314 0.003515 0.003894
0 0.869607 0.459794 0.003515 0.004425
0 0.835198 0.478203 0.003145 0.004071
0 0.834365 0.485018 0.004440 0.003894
0 0.834088 0.491656 0.002775 0.004425
0 0.835845 0.496967 0.002590 0.004071
0 0.837418 0.512721 0.003885 0.004071
0 0.837233 0.515022 0.004625 0.003363
0 0.874139 0.514668 0.004440 0.004071
0 0.881446 0.539539 0.003145 0.005310
0 0.854900 0.539716 0.004070 0.004602
0 0.847592 0.547858 0.005365 0.004602
0 0.917613 0.558745 0.004070 0.005487
0 0.793574 0.456785 0.002035 0.003717
0 0.797551 0.458378 0.001850 0.004779
0 0.795886 0.457404 0.003700 0.002124
0 0.785619 0.463334 0.003885 0.003363
0 0.778681 0.474309 0.003330 0.004425
0 0.778866 0.471123 0.003700 0.004425
0 0.778681 0.466786 0.002220 0.004248
0 0.779329 0.465547 0.003145 0.003540
0 0.781641 0.464219 0.003700 0.001947
0 0.782474 0.466697 0.002775 0.003009
0 0.748065 0.444217 0.002775 0.005487
0 0.749452 0.440322 0.004070 0.004779
0 0.770172 0.513518 0.005180 0.005664
0 0.761537 0.419875 0.002590 0.004956
0 0.759687 0.420849 0.002960 0.005133
0 0.759317 0.432974 0.002590 0.005310
0 0.757004 0.432443 0.002405 0.004602
0 0.750067 0.431027 0.004810 0.004602
0 0.736747 0.425717 0.004070 0.008143
0 0.748310 0.417574 0.002775 0.005310
0 0.750807 0.412706 0.002960 0.008320
0 0.749327 0.412352 0.001850 0.006195
0 0.748217 0.411467 0.002590 0.005487
0 0.684024 0.398634 0.004440 0.005664
0 0.664784 0.402617 0.005180 0.005841
0 0.656367 0.404121 0.004995 0.006018
0 0.653129 0.399961 0.004070 0.004779
0 0.646654 0.391907 0.004070 0.005310
0 0.641290 0.395005 0.004810 0.005133
0 0.635185 0.403148 0.002960 0.005841
0 0.650539 0.411467 0.004070 0.005133
0 0.629450 0.406865 0.003330 0.004779
0 0.631762 0.399253 0.003515 0.004425
0 0.625472 0.396598 0.004255 0.005133
0 0.674404 0.448021 0.005180 0.006373
0 0.671351 0.462978 0.004625 0.005487
0 0.663952 0.463863 0.006475 0.005133
0 0.604660 0.375887 0.003700 0.004779
0 0.626120 0.450410 0.002960 0.005133
0 0.667282 0.432443 0.003515 0.004956
0 0.623345 0.436957 0.004070 0.003009
0 0.623068 0.445985 0.003145 0.004779
0 0.619368 0.443861 0.002405 0.004425
0 0.620848 0.443861 0.002035 0.004779
0 0.610210 0.444657 0.002960 0.005664
0 0.611598 0.445631 0.002405 0.004071
0 0.610950 0.449437 0.004070 0.005664
0 0.582913 0.361749 0.003256 0.005647
0 0.571721 0.363112 0.004477 0.005257
0 0.548522 0.354155 0.004070 0.007204
0 0.552592 0.329913 0.004070 0.006231
0 0.535601 0.348606 0.004273 0.005063
0 0.529903 0.351040 0.004273 0.004089
0 0.521966 0.357368 0.004680 0.003894
0 0.520644 0.363404 0.003256 0.005841
0 0.515760 0.362139 0.003663 0.005647
0 0.497038 0.343738 0.003663 0.005841
0 0.481064 0.334878 0.003866 0.005647
0 0.465903 0.318912 0.004070 0.005257
0 0.471296 0.309858 0.004680 0.007010
0 0.569393 0.385625 0.005959 0.004924
0 0.498159 0.442901 0.004334 0.005961
0 0.495586 0.438106 0.005688 0.006220
0 0.481773 0.441994 0.004604 0.006738
0 0.471616 0.439143 0.006500 0.005702
0 0.455500 0.423593 0.004063 0.008293
0 0.451844 0.423334 0.003792 0.008812
0 0.441145 0.438884 0.005688 0.007775
0 0.448864 0.411931 0.003792 0.006738
0 0.444801 0.405711 0.004875 0.006220
0 0.421237 0.432794 0.005417 0.006479
0 0.403632 0.472187 0.004334 0.007516
0 0.396590 0.474260 0.005417 0.010626
0 0.380203 0.487996 0.005688 0.006479
0 0.370452 0.493827 0.005146 0.006738
0 0.373296 0.458840 0.005417 0.007775
0 0.378849 0.455600 0.004063 0.006997
0 0.380339 0.443549 0.005417 0.006220
0 0.369775 0.444715 0.004875 0.005961
0 0.390089 0.445622 0.004334 0.004665
0 0.393069 0.448214 0.003250 0.006738
0 0.399840 0.456637 0.004334 0.004406
0 0.399975 0.459488 0.003521 0.004406
0 0.397267 0.463893 0.004063 0.004406
0 0.393610 0.461043 0.003250 0.003369
0 0.402367 0.449143 0.002502 0.004389
0 0.405355 0.451404 0.002085 0.004389
0 0.405980 0.448212 0.002502 0.004655
0 0.408274 0.445153 0.002363 0.003591
0 0.411262 0.433849 0.003336 0.004123
0 0.411679 0.439435 0.002224 0.003325
0 0.411609 0.441895 0.002641 0.003192
0 0.411401 0.444887 0.003058 0.003591
0 0.412791 0.452534 0.003614 0.003724
0 0.414598 0.442892 0.002502 0.004123
0 0.414389 0.439900 0.001807 0.004256
0 0.416891 0.432054 0.002085 0.003724
0 0.416405 0.435245 0.002780 0.004256
0 0.418281 0.435644 0.001807 0.003458
0 0.417239 0.438969 0.002780 0.003990
0 0.416335 0.436642 0.003197 0.003059
0 0.393680 0.421082 0.002919 0.004655
0 0.379445 0.420987 0.006512 0.006426
0 0.366218 0.411154 0.003663 0.006231
0 0.359503 0.407649 0.005291 0.005063
0 0.355331 0.413101 0.005087 0.006231
0 0.362453 0.403852 0.003052 0.007204
0 0.362352 0.378831 0.002849 0.006620
0 0.365201 0.376786 0.002849 0.007594
0 0.393893 0.366856 0.004070 0.006036
0 0.405391 0.360820 0.003052 0.004089
0 0.408138 0.364130 0.004477 0.004868
0 0.412004 0.359554 0.002442 0.005063
0 0.411699 0.356146 0.002238 0.004868
0 0.408952 0.357023 0.002849 0.005841
0 0.425944 0.361404 0.003459 0.006426
0 0.396539 0.354783 0.003256 0.004868
0 0.394606 0.358483 0.003052 0.004868
0 0.385041 0.360917 0.003459 0.006231
0 0.381989 0.361404 0.002645 0.006036
0 0.378835 0.359359 0.003256 0.006620
0 0.371102 0.351668 0.003663 0.005647
0 0.367337 0.353226 0.003459 0.006815
0 0.369169 0.334046 0.004273 0.007010
0 0.357569 0.334825 0.003866 0.005063
0 0.342918 0.348163 0.004680 0.005257
0 0.336609 0.339693 0.003459 0.005063
0 0.329385 0.336285 0.006105 0.003310
0 0.312495 0.334922 0.004070 0.004478
0 0.355941 0.382336 0.002645 0.005452
0 0.346377 0.386619 0.004680 0.005452
0 0.341290 0.384185 0.004680 0.004868
0 0.335795 0.396745 0.003459 0.005841
0 0.335592 0.391974 0.003866 0.004868
0 0.328978 0.389053 0.003256 0.004868
0 0.328673 0.383991 0.003459 0.004089
0 0.325621 0.388372 0.003052 0.005452
0 0.321856 0.383893 0.003663 0.006620
0 0.322263 0.374060 0.004477 0.004089
0 0.325214 0.379025 0.002645 0.004673
0 0.326333 0.382141 0.002035 0.004284
0 0.314123 0.381362 0.004070 0.004673
0 0.307204 0.380583 0.004477 0.004673
0 0.304762 0.375034 0.004070 0.004868
0 0.300998 0.375229 0.004680 0.004089
0 0.297131 0.379999 0.005087 0.005841
0 0.304050 0.366077 0.005087 0.006815
0 0.303745 0.356049 0.003256 0.005841
0 0.304152 0.349039 0.004070 0.005452
0 0.296928 0.343198 0.003459 0.006231
0 0.291434 0.338622 0.004273 0.006426
0 0.288585 0.377955 0.004273 0.005647
0 0.286143 0.384380 0.004273 0.007204
0 0.270372 0.402586 0.003663 0.004284
0 0.271186 0.406772 0.004477 0.003700
0 0.270575 0.409693 0.003663 0.005257
0 0.270067 0.378149 0.005087 0.008373
0 0.276070 0.372892 0.003663 0.006815
0 0.279631 0.368998 0.004680 0.004478
0 0.256839 0.366272 0.006308 0.003700
0 0.261621 0.378636 0.004884 0.006231
0 0.257959 0.384575 0.004477 0.006426
0 0.243002 0.388372 0.004680 0.004673
0 0.232827 0.404241 0.005494 0.005257
0 0.223873 0.400736 0.005087 0.006426
0 0.207492 0.417190 0.003663 0.004673
0 0.242188 0.366174 0.004273 0.005063
0 0.238932 0.356049 0.005087 0.005452
0 0.275561 0.333462 0.003459 0.004284
0 0.280038 0.333949 0.003459 0.003700
0 0.279224 0.337259 0.003866 0.004089
0 0.258264 0.328886 0.003866 0.004478
0 0.251854 0.334436 0.002849 0.005452
0 0.249412 0.331515 0.005698 0.003894
0 0.249310 0.328886 0.004273 0.004478
0 0.242188 0.325381 0.005901 0.004868
0 0.235981 0.329665 0.003663 0.004868
0 0.239339 0.336480 0.003459 0.005257
0 0.232623 0.325771 0.003866 0.005257
0 0.226620 0.326842 0.004477 0.005841
0 0.206723 0.334270 0.004477 0.004284
0 0.209673 0.336704 0.002645 0.005647
0 0.227784 0.366496 0.003052 0.004478
0 0.225444 0.372532 0.004070 0.004089
0 0.218017 0.363672 0.003459 0.007010
0 0.207638 0.358902 0.004273 0.006036
0 0.197667 0.356760 0.004680 0.005647
0 0.227784 0.362796 0.003052 0.004478
0 0.177317 0.362114 0.003459 0.006620
0 0.164803 0.361433 0.004070 0.005257
0 0.159206 0.358220 0.003866 0.005841
0 0.155543 0.350626 0.005087 0.005452
0 0.209470 0.423158 0.001831 0.004478
0 0.206316 0.435912 0.005291 0.003505
0 0.207842 0.443506 0.003052 0.005063
0 0.204688 0.443798 0.004070 0.006036
0 0.187899 0.427247 0.004680 0.006426
0 0.185559 0.428026 0.002849 0.006036
0 0.183219 0.426176 0.003052 0.005841
0 0.180573 0.422963 0.002645 0.004089
0 0.176809 0.422671 0.003256 0.004284
0 0.165718 0.430849 0.002238 0.006231
0 0.162768 0.428999 0.002849 0.005257
0 0.157680 0.423742 0.004884 0.006426
0 0.154526 0.421795 0.002645 0.004089
0 0.152695 0.422866 0.002645 0.005063
0 0.154323 0.424813 0.002238 0.005452
0 0.141604 0.415661 0.002442 0.005063
0 0.135499 0.412643 0.004477 0.004089
0 0.145369 0.422963 0.005087 0.004089
0 0.148930 0.421016 0.002442 0.004868
0 0.150558 0.421892 0.002035 0.007789
0 0.122577 0.394535 0.004273 0.006036
0 0.115658 0.386941 0.004273 0.003700
0 0.121662 0.389959 0.004070 0.003894
0 0.119220 0.388012 0.002442 0.005063
0 0.117897 0.385286 0.001831 0.005841
0 0.103347 0.414590 0.003256 0.004478
0 0.096530 0.403589 0.004273 0.004284
0 0.100905 0.412156 0.003256 0.003505
0 0.098667 0.411572 0.003256 0.004284
0 0.100498 0.420626 0.002035 0.004868
0 0.098463 0.419166 0.002442 0.005452
0 0.103347 0.377789 0.004070 0.005257
0 0.081675 0.402907 0.003052 0.004089
0 0.080454 0.408457 0.004273 0.004673
0 0.094393 0.419166 0.002442 0.004673
0 0.092969 0.418679 0.004070 0.004478
0 0.092155 0.421795 0.002035 0.005257
0 0.090527 0.422768 0.002035 0.006036
0 0.089509 0.420237 0.002035 0.005257
0 0.087983 0.422184 0.002238 0.004089
0 0.086050 0.427052 0.004070 0.002142
0 0.085541 0.424910 0.002645 0.003700
0 0.082183 0.420821 0.002442 0.003310
0 0.079029 0.424229 0.003052 0.004284
0 0.074247 0.431628 0.002035 0.005063
0 0.074145 0.435522 0.003052 0.004284
0 0.066616 0.441558 0.003052 0.005841
0 0.063564 0.442727 0.002238 0.005841
0 0.068956 0.431336 0.003663 0.002531
0 0.065293 0.442435 0.004884 0.001752
0 0.065090 0.416732 0.003256 0.004868
0 0.062750 0.416635 0.003052 0.003894
0 0.055729 0.429583 0.003256 0.005257
0 0.054610 0.411670 0.004273 0.005647
0 0.054813 0.407775 0.003459 0.005647
0 0.061834 0.412156 0.004070 0.004284
0 0.062037 0.406120 0.003256 0.005063
0 0.069058 0.391711 0.003459 0.004284
0 0.066616 0.394243 0.004273 0.005452
0 0.061223 0.392101 0.005291 0.005452
0 0.061223 0.370974 0.004477 0.004478
0 0.061223 0.367274 0.004884 0.004868
0 0.051863 0.359778 0.004070 0.006620
0 0.066107 0.346245 0.005698 0.004478
0 0.058578 0.342838 0.004477 0.005063
0 0.048912 0.342351 0.003052 0.006036
0 0.043418 0.349847 0.004680 0.004673
0 0.036804 0.353450 0.004070 0.004868
0 0.017981 0.340112 0.003459 0.004673
0 0.030699 0.342448 0.002442 0.004673
0 0.028054 0.346148 0.002849 0.005841
0 0.023882 0.345077 0.002645 0.005647
0 0.020321 0.335438 0.004070 0.004284
0 0.026528 0.340209 0.005087 0.003310
0 0.027443 0.342156 0.002849 0.003700
0 0.131735 0.355494 0.005087 0.005841
0 0.132549 0.346732 0.004680 0.005063
0 0.088695 0.346829 0.003663 0.006426
0 0.076587 0.380710 0.002238 0.006815
0 0.074959 0.381391 0.002645 0.007789
0 0.141299 0.321808 0.004273 0.004284
0 0.139162 0.325508 0.002849 0.007399
0 0.137636 0.321419 0.004680 0.006231
0 0.123798 0.312365 0.005087 0.006426
0 0.111283 0.348484 0.004070 0.004673
0 0.104975 0.344298 0.003663 0.004868
0 0.101312 0.348290 0.003256 0.006231
0 0.569984 0.519002 0.004334 0.005442
0 0.569578 0.513560 0.004604 0.004406
0 0.562807 0.517318 0.004604 0.006738
0 0.557796 0.506433 0.005417 0.005183
0 0.556036 0.508117 0.002979 0.007516
0 0.550889 0.514208 0.004063 0.005702
0 0.547368 0.513689 0.004063 0.005183
0 0.775151 0.404830 0.003027 0.004184
0 0.777085 0.402416 0.002859 0.004506
0 0.774647 0.402416 0.002354 0.004184
