0 0.654449 0.401033 0.005258 0.007209
0 0.651163 0.406915 0.004820 0.006071
0 0.658173 0.424559 0.003944 0.006451
0 0.640208 0.422282 0.003067 0.007968
0 0.637798 0.419436 0.005258 0.005312
0 0.624599 0.426721 0.005397 0.003505
0 0.629433 0.417278 0.004272 0.006036
0 0.619315 0.420782 0.005621 0.004868
0 0.610995 0.418543 0.004722 0.005452
0 0.609084 0.408515 0.004497 0.006426
0 0.586598 0.409002 0.007195 0.003115
0 0.577267 0.401506 0.005172 0.006426
0 0.539603 0.400532 0.004497 0.004478
0 0.518916 0.412118 0.005397 0.005063
0 0.418904 0.399701 0.008081 0.005442
0 0.464095 0.395295 0.007482 0.006997
0 0.263995 0.372787 0.004205 0.005569
0 0.255833 0.373537 0.004205 0.005355
0 0.249525 0.360900 0.007915 0.006640
0 0.200923 0.349976 0.008162 0.004498
0 0.192389 0.350191 0.004947 0.004498
0 0.199315 0.362828 0.006926 0.008353
