0 0.436051 0.799681 0.002500 0.002708
0 0.429852 0.805750 0.002500 0.002894
0 0.460404 0.794791 0.002874 0.003737
0 0.424249 0.784801 0.002297 0.002957
0 0.441824 0.806308 0.002629 0.002811
0 0.435717 0.806921 0.001781 0.001980
0 0.435569 0.808782 0.002248 0.002297
0 0.436142 0.813079 0.002036 0.002415
0 0.451535 0.817434 0.001951 0.002891
0 0.455479 0.821473 0.003817 0.002415
0 0.451472 0.824958 0.002756 0.003287
0 0.446277 0.831293 0.002036 0.002891
0 0.461014 0.835154 0.003435 0.002851
0 0.473163 0.815613 0.002290 0.002970
0 0.474902 0.818464 0.002460 0.002811
0 0.499053 0.811614 0.003350 0.001623
0 0.499477 0.818899 0.002926 0.002495
0 0.499647 0.802982 0.002756 0.002099
0 0.511924 0.823671 0.001951 0.003089
0 0.511266 0.827571 0.003096 0.002178
0 0.513344 0.828482 0.002587 0.003287
0 0.519567 0.843005 0.003049 0.002127
0 0.537862 0.830831 0.002138 0.002716
0 0.465667 0.852174 0.002390 0.003061
0 0.472683 0.859920 0.002412 0.002827
0 0.483074 0.856758 0.002258 0.002444
0 0.489693 0.855392 0.002360 0.002300
0 0.499237 0.850481 0.003079 0.001964
0 0.501931 0.849906 0.002104 0.002539
0 0.517043 0.852086 0.002463 0.002779
0 0.557050 0.862866 0.002709 0.002372
0 0.569496 0.863894 0.001976 0.002319
0 0.574745 0.866186 0.002992 0.001950
0 0.589206 0.878764 0.002383 0.002454
0 0.618848 0.902424 0.002314 0.003472
0 0.372366 0.855221 0.003601 0.001797
0 0.371465 0.866757 0.002546 0.003420
0 0.419118 0.834234 0.002235 0.003073
0 0.430139 0.835394 0.003042 0.002145
0 0.391945 0.769893 0.002173 0.002841
0 0.367855 0.767053 0.002297 0.002841
0 0.359349 0.772473 0.002421 0.002667
0 0.351774 0.792648 0.002049 0.003131
0 0.346279 0.797663 0.002484 0.002957
0 0.376626 0.678015 0.002454 0.003310
0 0.372944 0.661081 0.003091 0.002716
0 0.385150 0.713713 0.002705 0.002876
0 0.394619 0.737450 0.001993 0.003366
0 0.430881 0.750874 0.002033 0.002847
0 0.449526 0.750253 0.002523 0.003502
0 0.454526 0.804506 0.003381 0.002525
0 0.516807 0.788652 0.002479 0.002806
0 0.526273 0.785566 0.002930 0.002385
0 0.492035 0.771174 0.001976 0.002951
0 0.486532 0.751068 0.003161 0.003847
0 0.493728 0.748169 0.001976 0.003109
0 0.500840 0.750488 0.002653 0.003109
0 0.511932 0.749777 0.002709 0.003795
0 0.523954 0.754309 0.003048 0.002214
0 0.529458 0.761635 0.002201 0.003057
0 0.535159 0.758420 0.002427 0.002846
0 0.541480 0.764586 0.002201 0.003373
0 0.543766 0.755232 0.002258 0.002793
0 0.543964 0.752017 0.002427 0.002793
0 0.546645 0.740053 0.002145 0.002793
0 0.538320 0.742372 0.002653 0.002477
0 0.537134 0.745165 0.002314 0.003215
0 0.557482 0.758552 0.003161 0.001950
0 0.564905 0.763506 0.002088 0.002582
0 0.580112 0.759289 0.002720 0.001821
0 0.586680 0.757732 0.002104 0.003114
0 0.588912 0.758786 0.002258 0.003210
0 0.611259 0.756103 0.002001 0.003689
0 0.592569 0.711104 0.002258 0.003402
0 0.598445 0.718075 0.002617 0.002587
0 0.592569 0.719488 0.002258 0.003114
0 0.592544 0.716278 0.002309 0.002539
0 0.617272 0.761407 0.001976 0.003162
0 0.652634 0.770287 0.002371 0.002793
0 0.655795 0.769734 0.002822 0.003057
0 0.670555 0.762434 0.002427 0.002688
0 0.673123 0.763805 0.002145 0.003004
0 0.647131 0.754555 0.002653 0.002635
0 0.663951 0.755662 0.002879 0.002741
0 0.643123 0.742513 0.002088 0.003215
0 0.619678 0.701146 0.002297 0.002841
0 0.628567 0.663872 0.002117 0.002997
0 0.571026 0.689859 0.003415 0.002041
0 0.688099 0.763601 0.002562 0.002546
0 0.696033 0.762058 0.002727 0.003009
0 0.696405 0.754149 0.001818 0.002624
0 0.698967 0.749326 0.002314 0.002855
0 0.691984 0.748053 0.002066 0.002778
0 0.687976 0.753416 0.002314 0.002392
0 0.673761 0.733778 0.002314 0.002624
0 0.688265 0.721123 0.002066 0.002624
0 0.692025 0.733315 0.002314 0.002624
0 0.713263 0.726910 0.002644 0.003087
0 0.696942 0.745429 0.002231 0.003549
0 0.708016 0.741533 0.002562 0.003318
0 0.713139 0.741803 0.002397 0.003395
0 0.701446 0.741455 0.002810 0.003781
0 0.727378 0.759577 0.002500 0.003174
0 0.743177 0.749493 0.002100 0.003361
0 0.746277 0.748420 0.002100 0.003081
0 0.758827 0.740530 0.002200 0.003735
0 0.764426 0.746692 0.003200 0.002801
0 0.761826 0.746972 0.002800 0.003361
0 0.770926 0.757803 0.002200 0.002988
0 0.752477 0.761818 0.002100 0.002801
0 0.746377 0.759297 0.001900 0.002988
0 0.743127 0.762004 0.002400 0.003174
0 0.733737 0.769476 0.003278 0.002615
0 0.726088 0.769508 0.003142 0.003444
0 0.763993 0.794697 0.002322 0.002933
0 0.776150 0.786758 0.002186 0.002870
0 0.788512 0.787172 0.002186 0.003061
0 0.840687 0.750667 0.002390 0.002997
0 0.842975 0.748818 0.002322 0.003252
0 0.868416 0.750221 0.002390 0.002997
0 0.889656 0.737211 0.002937 0.003252
0 0.889998 0.719866 0.002254 0.003125
0 0.869030 0.766386 0.002254 0.003061
0 0.849224 0.761508 0.002254 0.002870
0 0.888632 0.779364 0.004166 0.002232
0 0.901028 0.778917 0.003142 0.003252
0 0.879958 0.784561 0.002527 0.003316
0 0.874460 0.795530 0.003825 0.002551
0 0.888837 0.805382 0.002390 0.003507
0 0.870294 0.804139 0.002595 0.003316
0 0.866777 0.807678 0.002937 0.003125
0 0.864352 0.811983 0.003415 0.003316
0 0.870396 0.812142 0.002527 0.003380
0 0.893925 0.816925 0.002459 0.003125
0 0.910077 0.830986 0.002390 0.003061
0 0.854176 0.824772 0.002146 0.003092
0 0.836683 0.828583 0.002892 0.002875
0 0.838800 0.843645 0.001912 0.002615
0 0.821338 0.843216 0.002544 0.002891
0 0.838789 0.851313 0.002248 0.003089
0 0.841418 0.850185 0.002332 0.003207
0 0.848649 0.855016 0.002799 0.003128
0 0.821338 0.852957 0.002460 0.002811
0 0.816673 0.861504 0.001951 0.003009
0 0.784619 0.850333 0.002201 0.002688
0 0.784450 0.851888 0.001750 0.002741
0 0.775955 0.855340 0.003725 0.002055
0 0.783659 0.859451 0.002427 0.003109
0 0.795174 0.858291 0.002766 0.002688
0 0.865454 0.875675 0.002664 0.002933
0 0.852989 0.884890 0.002322 0.003252
0 0.840798 0.873347 0.001844 0.003252
0 0.828693 0.872232 0.002239 0.002831
0 0.771773 0.877185 0.002359 0.002667
0 0.762584 0.864807 0.002235 0.003073
0 0.757182 0.857850 0.002732 0.002609
0 0.751377 0.861851 0.003787 0.002841
0 0.732750 0.865590 0.002297 0.002551
0 0.712447 0.864285 0.002918 0.003420
0 0.702296 0.869416 0.003353 0.002435
0 0.744196 0.885285 0.002800 0.002742
0 0.763798 0.904129 0.002937 0.002423
0 0.757241 0.914141 0.002527 0.002933
0 0.904822 0.877079 0.002670 0.003420
0 0.885636 0.880181 0.002546 0.003015
0 0.938443 0.874818 0.002359 0.003189
0 0.956790 0.866673 0.001925 0.002667
0 0.956821 0.863832 0.002980 0.001971
0 0.957473 0.861455 0.001925 0.002319
0 0.957846 0.854904 0.003663 0.002435
0 0.911496 0.856759 0.002235 0.002435
0 0.923417 0.865194 0.002856 0.003536
0 0.970513 0.837881 0.003000 0.002122
0 0.087006 0.670885 0.001919 0.003320
0 0.089969 0.667353 0.002992 0.002688
0 0.093497 0.667327 0.002371 0.003373
0 0.104143 0.712858 0.002258 0.003210
0 0.129543 0.710942 0.002463 0.003018
0 0.161784 0.733357 0.002179 0.003087
0 0.136354 0.753314 0.002855 0.003437
0 0.180942 0.707227 0.002629 0.003437
0 0.193488 0.691619 0.002479 0.002806
0 0.205546 0.691338 0.003155 0.003227
0 0.219633 0.684043 0.003531 0.002946
0 0.219491 0.697853 0.002566 0.003114
0 0.238888 0.703722 0.002771 0.002875
0 0.223802 0.697925 0.002976 0.003641
0 0.254641 0.687408 0.002258 0.003306
0 0.260183 0.684006 0.001745 0.003114
0 0.285429 0.676340 0.002771 0.003114
0 0.299848 0.671046 0.002976 0.002683
0 0.204851 0.747611 0.002727 0.002392
