0 0.088884 0.406363 0.002914 0.003287
0 0.098651 0.398044 0.002158 0.003287
0 0.102537 0.396606 0.002806 0.002465
0 0.112142 0.389623 0.002158 0.003081
0 0.104842 0.382240 0.003162 0.002701
0 0.098679 0.381584 0.002027 0.003241
0 0.085301 0.409633 0.002351 0.002855
0 0.121626 0.408861 0.002838 0.003472
0 0.129613 0.410636 0.003081 0.003009
0 0.134640 0.392657 0.002270 0.003781
0 0.127383 0.382278 0.002676 0.003395
0 0.126167 0.376491 0.001865 0.003241
0 0.126329 0.370318 0.002676 0.003395
0 0.132532 0.365573 0.002433 0.003935
0 0.154951 0.380581 0.002514 0.003395
0 0.172141 0.380735 0.003324 0.001852
0 0.175952 0.378613 0.002676 0.003318
0 0.189331 0.371244 0.002838 0.003241
0 0.202710 0.395396 0.003324 0.003087
0 0.190547 0.404964 0.002514 0.003087
0 0.076840 0.382643 0.002676 0.003935
0 0.076516 0.379210 0.002027 0.002624
0 0.082320 0.372280 0.002437 0.003247
0 0.073548 0.367207 0.002559 0.002841
0 0.073609 0.363091 0.002559 0.003189
0 0.070471 0.368367 0.002010 0.003536
0 0.070410 0.373845 0.002620 0.003942
0 0.046235 0.321607 0.002071 0.003710
0 0.057779 0.306157 0.002741 0.002725
0 0.053027 0.318940 0.002498 0.004522
0 0.078857 0.318071 0.002132 0.003362
0 0.082482 0.319897 0.002193 0.002841
0 0.081172 0.322042 0.002498 0.003536
0 0.113033 0.328419 0.002376 0.003420
0 0.115713 0.328332 0.002132 0.002899
0 0.119429 0.340767 0.002254 0.002725
0 0.099813 0.341637 0.002010 0.003420
0 0.119612 0.349579 0.002132 0.002493
0 0.121957 0.350304 0.002193 0.002435
0 0.077905 0.283487 0.002580 0.003437
0 0.147932 0.284084 0.002580 0.004209
0 0.145278 0.307723 0.002580 0.003648
0 0.153055 0.306741 0.003686 0.003367
0 0.155008 0.312178 0.001990 0.003157
0 0.161421 0.310845 0.002138 0.003437
0 0.158804 0.307653 0.002654 0.004349
0 0.167207 0.311161 0.003391 0.002245
0 0.161753 0.307969 0.002064 0.002736
0 0.175058 0.316597 0.003022 0.002034
0 0.177638 0.319298 0.003464 0.002245
0 0.180439 0.319894 0.002727 0.002876
0 0.188879 0.319999 0.002801 0.003087
0 0.188326 0.322770 0.002285 0.002595
0 0.192159 0.322525 0.002138 0.002385
0 0.190021 0.328277 0.002433 0.003367
0 0.201373 0.327505 0.002433 0.003648
0 0.197429 0.322805 0.002654 0.004349
0 0.205280 0.331328 0.002580 0.003016
0 0.209260 0.330627 0.002580 0.002876
0 0.215047 0.333503 0.003391 0.002175
0 0.218327 0.336484 0.002138 0.003367
0 0.225919 0.342517 0.002580 0.003227
0 0.232406 0.349777 0.002138 0.003437
0 0.240049 0.350756 0.003686 0.002551
0 0.253652 0.348652 0.002345 0.002806
0 0.259180 0.353658 0.002010 0.003125
0 0.259482 0.357101 0.001943 0.002870
0 0.261995 0.358695 0.001876 0.003380
0 0.267255 0.360322 0.002479 0.002551
0 0.256801 0.358345 0.001809 0.003189
0 0.254590 0.356145 0.001809 0.002870
0 0.253384 0.353339 0.002613 0.003125
0 0.149422 0.422371 0.002968 0.002937
0 0.143235 0.461615 0.001943 0.003125
0 0.198210 0.473873 0.001865 0.002855
0 0.234779 0.474028 0.003162 0.002701
0 0.231616 0.467816 0.002351 0.002932
0 0.232589 0.458595 0.002351 0.002701
0 0.253266 0.447059 0.002351 0.003087
0 0.245117 0.436720 0.002108 0.003087
0 0.239846 0.439343 0.002433 0.002932
0 0.242765 0.427036 0.002108 0.003009
0 0.241427 0.422753 0.001703 0.003241
0 0.247914 0.406626 0.001865 0.003241
0 0.254441 0.405044 0.001946 0.002855
0 0.245157 0.413417 0.001703 0.002469
0 0.244711 0.415461 0.001946 0.002546
0 0.241630 0.393817 0.001946 0.003241
0 0.235427 0.389573 0.002189 0.003395
0 0.235601 0.533981 0.001946 0.002469
0 0.235560 0.526149 0.002027 0.003318
0 0.241413 0.504600 0.001828 0.002899
0 0.240712 0.501180 0.002132 0.003131
0 0.241809 0.495614 0.002376 0.003247
0 0.285346 0.431415 0.002654 0.003718
0 0.279928 0.410897 0.001990 0.003227
0 0.265075 0.403812 0.002654 0.003367
0 0.275063 0.399954 0.002138 0.003087
0 0.282398 0.398095 0.002654 0.003016
0 0.293823 0.393886 0.002801 0.002736
0 0.416003 0.598989 0.002351 0.003009
0 0.403597 0.610100 0.002189 0.003009
0 0.397070 0.605625 0.002433 0.003318
0 0.395002 0.606010 0.002351 0.003164
0 0.392529 0.601574 0.002108 0.003549
0 0.382799 0.599529 0.002108 0.003009
0 0.383124 0.596905 0.002433 0.002392
0 0.383732 0.595555 0.002189 0.002778
0 0.382921 0.592198 0.001865 0.003164
0 0.381624 0.592160 0.002351 0.003395
0 0.462811 0.635163 0.002158 0.003081
0 0.504631 0.601168 0.001835 0.002670
0 0.536954 0.600295 0.002590 0.002773
0 0.539706 0.604300 0.002482 0.002568
0 0.354159 0.434590 0.002374 0.003276
0 0.362053 0.431540 0.002968 0.002824
0 0.372322 0.424140 0.003087 0.002485
0 0.377190 0.425552 0.002374 0.003276
0 0.308573 0.393807 0.003087 0.002824
0 0.316348 0.391434 0.002018 0.002598
0 0.316705 0.388610 0.002493 0.002147
0 0.326261 0.386633 0.002612 0.003615
0 0.336649 0.386746 0.002018 0.003163
0 0.336471 0.389514 0.001899 0.003276
0 0.349707 0.401150 0.002018 0.003728
0 0.361460 0.397648 0.003443 0.001921
0 0.366208 0.397761 0.001781 0.003502
0 0.334630 0.401320 0.002256 0.003389
0 0.335640 0.403184 0.002137 0.002824
0 0.298897 0.369065 0.001781 0.003502
0 0.303646 0.358615 0.002256 0.003163
0 0.324599 0.357203 0.001899 0.002598
0 0.336114 0.361327 0.003087 0.002937
0 0.328457 0.350651 0.002256 0.003728
0 0.337954 0.345341 0.002968 0.003728
0 0.353862 0.335286 0.002018 0.003276
0 0.355762 0.326587 0.001781 0.002824
0 0.329763 0.324667 0.002018 0.003728
0 0.336174 0.315572 0.002018 0.002485
0 0.337361 0.312917 0.002018 0.003276
0 0.342525 0.317606 0.002137 0.003615
0 0.336292 0.302241 0.002256 0.003615
0 0.340269 0.297158 0.002374 0.002937
0 0.371847 0.318340 0.001899 0.003502
0 0.382294 0.317662 0.002374 0.003728
0 0.354596 0.315107 0.002315 0.002261
0 0.355022 0.317368 0.001949 0.002725
0 0.357246 0.317571 0.002132 0.003942
0 0.353377 0.318354 0.002193 0.003420
0 0.372384 0.303890 0.002315 0.003247
0 0.382101 0.302991 0.002010 0.002725
0 0.386456 0.304991 0.002437 0.003478
0 0.380273 0.306962 0.002254 0.003015
0 0.381370 0.305774 0.002010 0.003073
0 0.399859 0.304556 0.002802 0.003884
0 0.398549 0.301831 0.002010 0.003304
0 0.412195 0.302817 0.002010 0.002957
0 0.423556 0.295107 0.001828 0.003304
0 0.388536 0.374107 0.002698 0.002978
0 0.534055 0.639587 0.002948 0.002104
0 0.535160 0.633379 0.002064 0.001754
0 0.543610 0.579759 0.002211 0.003016
0 0.541473 0.559697 0.002064 0.003578
0 0.535686 0.552787 0.002433 0.003227
0 0.522197 0.539705 0.001695 0.003578
0 0.532074 0.527499 0.002580 0.003437
0 0.533814 0.523399 0.002014 0.003136
0 0.528894 0.509399 0.002875 0.002946
0 0.527162 0.506417 0.002359 0.003157
0 0.528636 0.503646 0.002506 0.002946
0 0.520907 0.495026 0.002376 0.003189
0 0.519627 0.500301 0.002254 0.002841
0 0.512163 0.498226 0.002996 0.001623
0 0.510915 0.496721 0.002580 0.002415
0 0.508959 0.496800 0.001831 0.002415
0 0.504736 0.493633 0.002288 0.002811
0 0.493793 0.483298 0.002788 0.002019
0 0.497496 0.479239 0.002122 0.003485
0 0.491629 0.483595 0.002621 0.002059
0 0.490609 0.484842 0.003079 0.001623
0 0.485991 0.475854 0.001914 0.002811
0 0.488737 0.473399 0.001997 0.003207
0 0.494559 0.455548 0.002164 0.002653
0 0.490835 0.455706 0.001956 0.002732
0 0.490648 0.458339 0.002746 0.002376
0 0.492458 0.451747 0.001706 0.002415
0 0.491854 0.450123 0.001914 0.002574
0 0.490979 0.434101 0.002039 0.002534
0 0.491187 0.421311 0.001956 0.002930
0 0.492893 0.417826 0.002205 0.002693
0 0.494370 0.417787 0.002247 0.002613
0 0.489647 0.417688 0.001872 0.003128
0 0.489231 0.411709 0.002122 0.002257
0 0.485008 0.413114 0.001748 0.003089
0 0.486194 0.416658 0.002122 0.003207
0 0.482095 0.416737 0.002413 0.003682
0 0.504855 0.415193 0.002164 0.002653
0 0.497324 0.401354 0.001997 0.002693
0 0.492706 0.407432 0.002746 0.002257
0 0.503878 0.399632 0.002205 0.002811
0 0.498468 0.396246 0.002122 0.002534
0 0.496409 0.396048 0.002413 0.002455
0 0.496757 0.389360 0.001999 0.003127
0 0.495318 0.383186 0.002575 0.002386
0 0.495809 0.381848 0.001931 0.003320
0 0.494047 0.373225 0.001795 0.002772
0 0.497824 0.370388 0.001762 0.003095
0 0.497164 0.358774 0.001835 0.003257
0 0.501255 0.351151 0.002182 0.003115
0 0.502470 0.348720 0.002133 0.002879
0 0.523082 0.385383 0.001965 0.003546
0 0.520033 0.382417 0.002981 0.002128
0 0.522997 0.392089 0.001795 0.003546
0 0.529586 0.383949 0.001965 0.003449
0 0.536107 0.386205 0.001999 0.002934
0 0.553079 0.400374 0.002405 0.002772
0 0.562835 0.400261 0.001931 0.003063
0 0.563207 0.390928 0.002134 0.003353
0 0.567730 0.390590 0.002575 0.003191
0 0.531448 0.409114 0.002008 0.003238
0 0.534420 0.411377 0.001722 0.003160
0 0.539605 0.412567 0.002008 0.003199
0 0.540282 0.417111 0.001722 0.002691
0 0.545200 0.425419 0.001886 0.003082
0 0.540626 0.337790 0.003631 0.002280
0 0.554604 0.336097 0.003994 0.001935
0 0.569599 0.341970 0.002905 0.002764
0 0.576875 0.377159 0.002400 0.003738
0 0.584840 0.377289 0.002400 0.002752
0 0.587213 0.394474 0.002564 0.003063
0 0.602189 0.403716 0.002510 0.003479
0 0.628216 0.416154 0.002376 0.002450
0 0.639051 0.393634 0.001800 0.002959
0 0.653536 0.407445 0.002510 0.002959
0 0.657573 0.424266 0.001855 0.003271
0 0.675141 0.413805 0.001964 0.003115
0 0.698605 0.446033 0.002033 0.003110
0 0.675949 0.402256 0.001743 0.002902
0 0.679471 0.399388 0.002106 0.003110
0 0.688112 0.397626 0.002106 0.002902
0 0.688366 0.392374 0.002469 0.002902
0 0.691525 0.388815 0.002106 0.003662
0 0.680632 0.408164 0.002687 0.003110
0 0.694865 0.386143 0.002182 0.002804
0 0.712133 0.385234 0.002673 0.002648
0 0.717807 0.386532 0.002237 0.003063
0 0.669926 0.354917 0.004553 0.002204
0 0.672562 0.345301 0.002636 0.002584
0 0.656702 0.350151 0.003422 0.001888
0 0.648593 0.345384 0.003472 0.001794
0 0.648816 0.336322 0.002629 0.002643
0 0.645022 0.338186 0.002281 0.003257
0 0.641154 0.328794 0.002281 0.003445
0 0.631879 0.329643 0.003472 0.002124
0 0.639988 0.317395 0.002033 0.003210
0 0.626820 0.316192 0.001785 0.002785
0 0.623547 0.318363 0.003670 0.002030
0 0.623770 0.324404 0.003025 0.003068
0 0.633169 0.312062 0.003273 0.003587
0 0.646485 0.314917 0.002033 0.002785
0 0.636392 0.324499 0.002281 0.002407
0 0.636764 0.326670 0.001934 0.002313
0 0.645766 0.326198 0.002182 0.002218
0 0.645345 0.328558 0.002232 0.002313
0 0.625283 0.304888 0.003174 0.003210
0 0.627316 0.301749 0.002777 0.001935
0 0.632499 0.300923 0.002232 0.002643
0 0.632846 0.297501 0.003521 0.003351
0 0.642146 0.300876 0.002381 0.003115
0 0.623596 0.307885 0.002381 0.002974
0 0.624886 0.308239 0.002182 0.002926
0 0.628085 0.307507 0.003224 0.002596
0 0.613255 0.304534 0.002430 0.002690
0 0.648172 0.297359 0.003323 0.002502
0 0.659480 0.310268 0.002629 0.002832
0 0.629052 0.318882 0.002182 0.003162
0 0.682096 0.318390 0.002119 0.003390
0 0.542235 0.280290 0.002556 0.002736
0 0.549824 0.284243 0.002716 0.003345
0 0.559489 0.283825 0.001757 0.003269
0 0.563682 0.282609 0.001837 0.003117
0 0.572908 0.278402 0.002112 0.003204
0 0.573668 0.268822 0.001914 0.002262
0 0.581919 0.275418 0.002575 0.002890
0 0.582811 0.272623 0.002244 0.002576
0 0.584362 0.271240 0.001914 0.002953
0 0.578223 0.273753 0.002971 0.003832
0 0.600601 0.287480 0.002046 0.003015
0 0.599913 0.268145 0.002400 0.003063
0 0.608260 0.268664 0.001746 0.003479
0 0.611834 0.266431 0.002346 0.003167
0 0.615871 0.265159 0.002019 0.002804
0 0.624763 0.263939 0.002237 0.002959
0 0.629346 0.252180 0.001909 0.002388
0 0.627546 0.249324 0.001800 0.002284
0 0.629564 0.247897 0.001800 0.002544
0 0.631938 0.261525 0.002182 0.002804
0 0.634365 0.261136 0.002455 0.003894
0 0.638703 0.264277 0.003710 0.002492
0 0.640094 0.261525 0.001800 0.003011
0 0.646013 0.262330 0.003164 0.003063
0 0.652696 0.261473 0.001909 0.003115
0 0.657143 0.259215 0.001855 0.002856
0 0.645556 0.268682 0.003021 0.002060
0 0.646750 0.270741 0.001894 0.003004
0 0.651530 0.272479 0.001804 0.002789
0 0.655588 0.273294 0.001894 0.002703
0 0.664493 0.275955 0.001939 0.002789
0 0.670873 0.276748 0.001804 0.002660
0 0.677455 0.264884 0.002435 0.002360
0 0.683069 0.261323 0.002750 0.003647
0 0.692425 0.262761 0.002525 0.003518
0 0.697114 0.260315 0.001894 0.003518
0 0.709738 0.257204 0.002435 0.003647
0 0.721484 0.268403 0.002390 0.003476
0 0.725497 0.250661 0.002570 0.002403
0 0.722160 0.251454 0.001939 0.003132
0 0.720357 0.250682 0.002299 0.002875
0 0.713481 0.245040 0.002164 0.003261
0 0.722746 0.241350 0.002119 0.003347
0 0.725519 0.244911 0.003697 0.001630
0 0.707529 0.248043 0.002074 0.002574
0 0.705996 0.249309 0.001984 0.002703
0 0.735213 0.241757 0.002525 0.003046
0 0.738527 0.243302 0.003562 0.002102
0 0.742495 0.243516 0.002390 0.002703
0 0.741661 0.246456 0.002525 0.002403
0 0.744885 0.245361 0.002029 0.002360
0 0.755187 0.238217 0.002254 0.002746
0 0.754376 0.250360 0.001804 0.003004
0 0.762785 0.249867 0.001939 0.003046
0 0.766775 0.245533 0.002345 0.003046
0 0.766752 0.233390 0.002299 0.003046
0 0.778047 0.234828 0.001984 0.002660
0 0.788891 0.238689 0.002570 0.002832
0 0.788643 0.233969 0.001804 0.003604
0 0.736820 0.384991 0.001934 0.002926
0 0.737340 0.381781 0.001984 0.002643
0 0.731885 0.361840 0.002579 0.002690
0 0.760104 0.336843 0.002106 0.003662
0 0.765768 0.315697 0.002106 0.003524
0 0.744891 0.320983 0.003486 0.003041
0 0.786318 0.312449 0.002396 0.003110
0 0.796339 0.304329 0.002542 0.003317
0 0.801749 0.309616 0.002614 0.002833
0 0.805053 0.306333 0.002832 0.003041
0 0.816998 0.320361 0.002033 0.003041
0 0.812133 0.294240 0.001743 0.002902
0 0.807304 0.287572 0.002687 0.002557
0 0.817216 0.281525 0.002469 0.003732
0 0.820193 0.288159 0.002469 0.003317
0 0.824550 0.281491 0.002178 0.003248
0 0.813367 0.276066 0.002759 0.003041
0 0.839254 0.270538 0.004575 0.002073
0 0.843720 0.271194 0.002178 0.003386
0 0.846661 0.288090 0.002106 0.002626
0 0.850510 0.291269 0.002251 0.003732
0 0.815618 0.259930 0.002759 0.002971
0 0.806759 0.247077 0.002178 0.003801
0 0.813549 0.251051 0.002106 0.003179
0 0.819394 0.247008 0.002178 0.002971
0 0.821391 0.246110 0.002542 0.002280
0 0.802983 0.242344 0.002033 0.002350
0 0.805525 0.220472 0.002614 0.003110
0 0.809337 0.223962 0.002106 0.002764
0 0.807667 0.227106 0.002396 0.003110
0 0.825385 0.240823 0.002251 0.003179
0 0.835260 0.237334 0.002251 0.003386
0 0.846843 0.236159 0.002033 0.003801
0 0.845209 0.228765 0.001961 0.002833
0 0.848404 0.227348 0.001815 0.002902
0 0.846843 0.225897 0.003921 0.002350
0 0.860422 0.224273 0.002905 0.003386
0 0.862927 0.239476 0.001815 0.003801
0 0.868010 0.241894 0.002396 0.002833
0 0.863253 0.252882 0.002905 0.002971
0 0.852615 0.259619 0.001961 0.003317
0 0.889758 0.263558 0.002178 0.003041
0 0.890520 0.259619 0.002542 0.003593
0 0.897019 0.252122 0.002614 0.003248
0 0.904063 0.251811 0.003195 0.003041
0 0.900178 0.260587 0.002251 0.003455
0 0.905842 0.264077 0.002396 0.002557
0 0.918441 0.259516 0.002178 0.003386
0 0.921164 0.263178 0.002106 0.004630
0 0.923814 0.267912 0.002469 0.003732
0 0.920619 0.276481 0.002324 0.003041
0 0.940552 0.266115 0.002106 0.002902
0 0.933980 0.259067 0.002759 0.004008
0 0.940007 0.258168 0.002178 0.003317
0 0.947850 0.251811 0.002469 0.003593
0 0.944146 0.248459 0.002469 0.004354
0 0.934598 0.247492 0.003268 0.002419
0 0.933944 0.249185 0.002106 0.002488
0 0.959831 0.258479 0.005373 0.002004
0 0.972866 0.268637 0.002396 0.003386
0 0.875152 0.376835 0.002690 0.003561
0 0.868429 0.346040 0.002100 0.003084
0 0.860327 0.335532 0.001860 0.003312
0 0.848145 0.334218 0.001980 0.003084
0 0.870413 0.308551 0.001934 0.002549
0 0.872000 0.304232 0.002133 0.003068
0 0.875348 0.307253 0.002281 0.003162
0 0.879613 0.302297 0.002381 0.003068
0 0.877406 0.298568 0.002827 0.002313
0 0.871603 0.295783 0.002331 0.003351
0 0.889434 0.295477 0.001885 0.003304
0 0.893476 0.297412 0.002033 0.003210
0 0.893501 0.287358 0.001984 0.002926
0 0.879613 0.281836 0.001984 0.003115
0 0.879564 0.285848 0.002281 0.003493
0 0.918598 0.299725 0.002442 0.003518
0 0.913833 0.250071 0.002900 0.003771
0 0.935193 0.235170 0.003479 0.003587
0 0.909556 0.238939 0.002280 0.003541
0 0.911656 0.235170 0.002641 0.002627
0 0.904935 0.229487 0.002400 0.003141
0 0.897133 0.227574 0.003121 0.002170
0 0.891942 0.229259 0.002340 0.003370
0 0.893742 0.234884 0.003061 0.003084
0 0.881770 0.222320 0.001920 0.003541
0 0.882070 0.213154 0.002280 0.003027
0 0.878679 0.208185 0.002100 0.003370
0 0.869137 0.212868 0.002461 0.002570
0 0.865867 0.201589 0.002761 0.002856
0 0.862026 0.213582 0.002641 0.003084
0 0.861576 0.218208 0.002701 0.002741
0 0.855155 0.210098 0.001860 0.002284
0 0.854434 0.213896 0.002701 0.003370
0 0.943976 0.130648 0.003169 0.003392
0 0.937737 0.138815 0.003895 0.001885
0 0.937440 0.139883 0.003169 0.002010
0 0.940510 0.142207 0.002971 0.002638
0 0.940708 0.147484 0.003103 0.002890
0 0.951543 0.160730 0.002510 0.003271
0 0.952961 0.160211 0.002182 0.003271
0 0.944505 0.180770 0.002510 0.003479
0 0.941095 0.195749 0.002782 0.004153
0 0.962372 0.217607 0.003546 0.002596
0 0.969083 0.234428 0.002019 0.003427
0 0.972247 0.236453 0.002237 0.002596
0 0.975166 0.232066 0.002182 0.003167
0 0.973120 0.228665 0.002128 0.002700
