0 0.251903 0.307638 0.002654 0.002653
0 0.253121 0.309340 0.002915 0.001940
0 0.257928 0.317379 0.003045 0.002732
0 0.267847 0.323041 0.003132 0.002653
0 0.276547 0.324545 0.003741 0.002574
0 0.285100 0.314010 0.002039 0.003043
0 0.289647 0.314314 0.002307 0.003104
0 0.299744 0.319138 0.002574 0.003439
0 0.329980 0.313758 0.002403 0.003362
0 0.247582 0.391398 0.004028 0.004529
0 0.361073 0.281838 0.003295 0.002526
0 0.368531 0.286574 0.002775 0.003631
0 0.382406 0.288271 0.003295 0.003236
0 0.403301 0.285476 0.002346 0.003240
0 0.418412 0.287706 0.002741 0.003564
0 0.426636 0.301207 0.003818 0.002139
0 0.750156 0.205181 0.003705 0.002368
0 0.756345 0.198758 0.002680 0.003731
0 0.771954 0.192910 0.002365 0.003229
0 0.775305 0.188497 0.002602 0.004018
0 0.771166 0.197287 0.003469 0.002799
0 0.761706 0.205934 0.002838 0.003444
0 0.761508 0.211603 0.003390 0.003157
0 0.775524 0.203742 0.002832 0.002678
0 0.780911 0.206855 0.001986 0.003749
0 0.774990 0.211676 0.002501 0.003214
0 0.790455 0.209148 0.002611 0.003716
0 0.794923 0.207525 0.002207 0.003348
0 0.809064 0.206520 0.002464 0.003615
0 0.814893 0.213115 0.002427 0.003615
0 0.824510 0.214036 0.003052 0.003381
0 0.838136 0.215693 0.003163 0.003281
0 0.779178 0.221971 0.002692 0.003431
0 0.783405 0.227191 0.002423 0.003088
0 0.782275 0.228759 0.001777 0.002892
0 0.750264 0.239787 0.003015 0.003186
0 0.793124 0.246109 0.002154 0.003480
0 0.891032 0.224847 0.003500 0.002304
0 0.982272 0.250872 0.004523 0.002500
0 0.955837 0.195309 0.002003 0.002876
0 0.874605 0.179565 0.002547 0.003666
0 0.865039 0.181210 0.002961 0.003504
