0 0.011854 0.789182 0.002840 0.003858
0 0.016531 0.794853 0.002506 0.002701
0 0.029602 0.794081 0.002756 0.003009
0 0.044302 0.811366 0.002255 0.002701
0 0.054825 0.821590 0.002756 0.002778
0 0.059795 0.826142 0.002840 0.003087
0 0.058208 0.832547 0.002840 0.001852
0 0.061923 0.842013 0.002357 0.001861
0 0.064430 0.847062 0.003429 0.001821
0 0.068673 0.851695 0.003172 0.001742
0 0.069552 0.850527 0.003643 0.002257
0 0.067473 0.860287 0.002400 0.003326
0 0.068909 0.867731 0.002186 0.003168
0 0.075094 0.877762 0.002479 0.003132
0 0.076005 0.879008 0.002042 0.002796
0 0.081583 0.880271 0.001969 0.003031
0 0.084372 0.883184 0.003536 0.002661
0 0.092994 0.887159 0.002333 0.003200
0 0.099939 0.890645 0.003026 0.001954
0 0.106647 0.891201 0.002297 0.003200
0 0.108014 0.892548 0.002333 0.002930
0 0.102637 0.894451 0.002078 0.002762
0 0.102637 0.896236 0.002224 0.002627
0 0.120665 0.887395 0.002260 0.002661
0 0.129104 0.885172 0.002005 0.003065
0 0.130690 0.885542 0.002479 0.002324
0 0.139330 0.885593 0.002260 0.002156
0 0.140661 0.879463 0.002880 0.002627
0 0.143377 0.880709 0.002260 0.002964
0 0.143450 0.883033 0.003937 0.002223
0 0.157413 0.884077 0.003791 0.002223
0 0.157467 0.876684 0.002734 0.002459
0 0.112688 0.813319 0.002187 0.003334
0 0.115423 0.815172 0.001969 0.002796
0 0.114292 0.816923 0.002114 0.002526
0 0.119141 0.819517 0.002406 0.002930
0 0.120490 0.812730 0.002187 0.003840
0 0.120709 0.816721 0.002625 0.002459
0 0.124245 0.816536 0.001969 0.002695
0 0.125156 0.814734 0.002260 0.002391
0 0.123753 0.813892 0.002370 0.003065
0 0.254395 0.820740 0.002290 0.002929
0 0.268927 0.808589 0.002818 0.002929
0 0.280523 0.799042 0.003347 0.002387
0 0.288185 0.788139 0.002583 0.003580
0 0.276119 0.821906 0.002055 0.003417
0 0.300720 0.823615 0.002055 0.003146
0 0.299135 0.826897 0.002642 0.003092
0 0.307179 0.817458 0.002055 0.002441
0 0.306768 0.820008 0.001938 0.002875
0 0.304331 0.829853 0.002349 0.002061
0 0.295960 0.770187 0.002629 0.003413
0 0.306439 0.763393 0.002842 0.003872
0 0.428778 0.818890 0.002042 0.003031
0 0.428979 0.822932 0.002443 0.003638
0 0.435158 0.827260 0.002552 0.002728
0 0.447025 0.837634 0.002807 0.002324
0 0.449759 0.839975 0.002370 0.001819
0 0.453550 0.842720 0.003318 0.001718
0 0.449376 0.843478 0.002333 0.002627
0 0.462355 0.842888 0.002625 0.003065
0 0.467859 0.829618 0.003719 0.002055
0 0.478122 0.826603 0.003172 0.004176
0 0.479234 0.820861 0.002771 0.003132
0 0.481695 0.823067 0.003099 0.002290
0 0.483208 0.822511 0.002260 0.003065
0 0.496204 0.838611 0.002953 0.002189
0 0.496223 0.844219 0.002917 0.002829
0 0.543876 0.785583 0.002956 0.002894
0 0.543832 0.787987 0.002073 0.002894
0 0.547802 0.788089 0.003132 0.001712
0 0.549677 0.789027 0.003441 0.001793
0 0.532693 0.781426 0.002294 0.002894
0 0.534899 0.778227 0.002117 0.002853
0 0.534105 0.773499 0.002559 0.003097
0 0.525040 0.755037 0.003750 0.001875
0 0.530333 0.755343 0.002867 0.002649
0 0.517298 0.738226 0.003617 0.001915
0 0.517497 0.736270 0.002250 0.002894
0 0.520188 0.733845 0.002603 0.003586
0 0.510924 0.736576 0.003485 0.002771
0 0.521423 0.745175 0.002338 0.002038
0 0.521246 0.749291 0.002162 0.002853
0 0.523364 0.745623 0.002250 0.002608
0 0.531194 0.758726 0.003705 0.001997
0 0.530466 0.757748 0.003397 0.001752
0 0.536172 0.770679 0.002877 0.003038
0 0.568758 0.776022 0.003699 0.002766
0 0.572134 0.781637 0.002701 0.002712
0 0.573073 0.786940 0.002911 0.002241
0 0.574068 0.788307 0.002281 0.002645
0 0.570332 0.793036 0.002475 0.003228
0 0.565625 0.790504 0.002669 0.002107
0 0.564970 0.792252 0.002038 0.002376
0 0.566474 0.792207 0.001941 0.002466
0 0.575461 0.776819 0.002114 0.002695
0 0.574531 0.779918 0.001932 0.002695
0 0.577776 0.777409 0.002224 0.003132
0 0.576273 0.752659 0.002135 0.002286
0 0.572391 0.741900 0.002814 0.001838
0 0.565912 0.727617 0.001932 0.001819
0 0.562375 0.726825 0.001823 0.001785
0 0.567224 0.729419 0.001823 0.001785
0 0.568919 0.734134 0.001422 0.002391
0 0.567643 0.733056 0.001422 0.002391
0 0.549662 0.713129 0.002235 0.003892
0 0.540507 0.722063 0.003181 0.003494
0 0.500276 0.704115 0.002149 0.002859
0 0.493024 0.704887 0.003758 0.001953
0 0.494051 0.708630 0.002407 0.003797
0 0.495636 0.715329 0.002642 0.003309
0 0.505999 0.716170 0.002583 0.003363
0 0.491292 0.709877 0.003112 0.002170
0 0.488884 0.709633 0.002877 0.002658
0 0.486418 0.712345 0.002055 0.002766
0 0.485655 0.711423 0.002525 0.002766
0 0.505412 0.729952 0.002246 0.003446
0 0.509783 0.730230 0.002406 0.003334
0 0.467405 0.738357 0.002911 0.003138
0 0.453113 0.748892 0.002647 0.002853
0 0.591826 0.699341 0.002984 0.002363
0 0.579999 0.669350 0.002629 0.003347
0 0.596126 0.661900 0.003055 0.003282
0 0.603017 0.641061 0.002629 0.003479
0 0.609162 0.648905 0.002273 0.003807
0 0.669774 0.687819 0.002273 0.003610
0 0.679400 0.688705 0.002487 0.003019
0 0.669099 0.696614 0.002771 0.002822
0 0.672935 0.697172 0.003481 0.002625
0 0.679613 0.697992 0.002487 0.003216
0 0.681354 0.694645 0.002984 0.002822
0 0.683059 0.693332 0.002700 0.003610
0 0.676168 0.710200 0.002558 0.003216
0 0.679791 0.712465 0.002273 0.003676
0 0.692614 0.713974 0.003623 0.002494
0 0.688352 0.719619 0.002202 0.003282
0 0.698937 0.717059 0.002344 0.002757
0 0.700216 0.717453 0.002344 0.002625
0 0.719078 0.711612 0.002984 0.003413
0 0.680471 0.740175 0.002454 0.003341
0 0.680826 0.749364 0.002648 0.003222
0 0.723646 0.735043 0.002648 0.003580
0 0.706951 0.739667 0.002196 0.002804
0 0.704658 0.741040 0.002777 0.002446
0 0.712118 0.737848 0.002196 0.002864
0 0.712957 0.738743 0.002454 0.002625
0 0.712763 0.741607 0.004004 0.002029
0 0.713442 0.746798 0.003423 0.002148
0 0.711246 0.747335 0.003423 0.001790
0 0.716671 0.756942 0.003681 0.002387
0 0.712537 0.760462 0.002519 0.003103
0 0.683401 0.775714 0.003661 0.003277
0 0.723675 0.786073 0.004119 0.002431
0 0.683629 0.795587 0.003432 0.003700
0 0.732534 0.778712 0.002913 0.003544
0 0.826151 0.728911 0.002288 0.002960
0 0.844228 0.734725 0.004805 0.002748
0 0.867812 0.758391 0.002266 0.003466
0 0.869062 0.754456 0.002266 0.003682
0 0.871211 0.754384 0.002813 0.003105
0 0.906051 0.807234 0.003404 0.004106
0 0.913899 0.834010 0.002648 0.002621
0 0.934182 0.835364 0.002364 0.003757
0 0.892670 0.853099 0.002742 0.004106
0 0.873050 0.842921 0.004350 0.002621
0 0.855131 0.852007 0.004066 0.002271
0 0.870071 0.852574 0.003499 0.003058
