0 0.162058 0.071131 0.002308 0.003426
0 0.165053 0.067151 0.002033 0.003057
0 0.166152 0.065254 0.002033 0.003057
0 0.166866 0.068206 0.002363 0.002424
0 0.170026 0.066466 0.002418 0.003162
0 0.170245 0.071921 0.002308 0.003215
0 0.165355 0.074293 0.002857 0.002899
0 0.175963 0.117871 0.002477 0.002844
0 0.177146 0.126582 0.001689 0.002340
0 0.191783 0.134250 0.002139 0.003348
0 0.192872 0.127662 0.002365 0.003060
0 0.197338 0.134988 0.002665 0.002232
0 0.116380 0.178753 0.002841 0.003073
0 0.127260 0.182000 0.002116 0.002957
0 0.121306 0.196957 0.003143 0.003304
0 0.138457 0.183829 0.001961 0.003108
0 0.140818 0.187629 0.002281 0.003032
0 0.154903 0.187571 0.002361 0.002226
0 0.170568 0.190085 0.002561 0.002955
0 0.176330 0.186612 0.002161 0.002533
0 0.176670 0.184674 0.002761 0.003185
0 0.201238 0.202691 0.002761 0.002840
0 0.209921 0.202979 0.002361 0.003262
0 0.212402 0.201693 0.002361 0.002686
0 0.194596 0.216852 0.002921 0.002993
0 0.222925 0.202730 0.002201 0.002763
0 0.217464 0.197913 0.002401 0.003262
0 0.234869 0.201099 0.002481 0.003339
0 0.238651 0.202634 0.001961 0.002648
0 0.235810 0.188722 0.002041 0.002533
0 0.255516 0.200235 0.002241 0.003300
0 0.262118 0.196877 0.002721 0.002878
0 0.268701 0.198950 0.002121 0.002878
0 0.169611 0.213626 0.002503 0.003269
0 0.170703 0.215158 0.002450 0.002860
0 0.165697 0.215950 0.001811 0.003831
0 0.164046 0.218070 0.002876 0.003473
0 0.160131 0.251398 0.002823 0.003218
0 0.190435 0.257553 0.002397 0.002758
0 0.193391 0.259060 0.002450 0.003320
0 0.204628 0.239088 0.002769 0.003933
0 0.206838 0.242868 0.002077 0.002401
0 0.230934 0.231702 0.002149 0.003045
0 0.232654 0.235127 0.002149 0.002601
0 0.244641 0.236665 0.001852 0.002569
0 0.239350 0.222789 0.003042 0.001649
0 0.234093 0.218952 0.002646 0.003045
0 0.242046 0.222567 0.002017 0.002537
0 0.242872 0.224994 0.002083 0.002379
0 0.247155 0.219903 0.002844 0.003552
0 0.255290 0.227642 0.002116 0.003552
0 0.260762 0.218619 0.002745 0.002950
0 0.264863 0.222774 0.002480 0.003711
0 0.260266 0.235270 0.002017 0.002950
0 0.276619 0.231147 0.002183 0.002823
0 0.293275 0.190227 0.002245 0.003208
0 0.296004 0.187568 0.002245 0.002871
0 0.239674 0.247472 0.002641 0.002571
0 0.231492 0.247127 0.002361 0.003953
0 0.239154 0.265758 0.002001 0.002763
0 0.224129 0.261959 0.002201 0.002610
0 0.214446 0.273626 0.002201 0.002686
0 0.205643 0.276216 0.002921 0.002878
0 0.203262 0.282855 0.002161 0.003185
0 0.202957 0.292331 0.002651 0.003664
0 0.200072 0.297977 0.002339 0.002842
0 0.179057 0.296556 0.002417 0.003739
0 0.194925 0.310541 0.002339 0.003889
0 0.204087 0.302240 0.002417 0.003291
0 0.246120 0.288110 0.002874 0.002233
0 0.249794 0.293064 0.001928 0.002233
0 0.268578 0.277755 0.003050 0.002275
0 0.298476 0.274158 0.002227 0.002461
0 0.304649 0.272068 0.002179 0.002647
0 0.308256 0.272741 0.002614 0.002136
0 0.308426 0.276967 0.002179 0.002693
0 0.311209 0.275922 0.002905 0.001997
0 0.295934 0.265544 0.002857 0.002415
0 0.317261 0.264128 0.002227 0.002647
0 0.323289 0.269507 0.002201 0.002648
0 0.331412 0.264595 0.003081 0.002187
0 0.335554 0.269373 0.002161 0.002840
0 0.335333 0.272903 0.002761 0.003070
0 0.348778 0.271176 0.002441 0.002917
0 0.352759 0.272001 0.002641 0.002878
0 0.345077 0.273652 0.002881 0.002111
0 0.346117 0.275801 0.002321 0.002725
0 0.251187 0.159993 0.002769 0.003831
0 0.255793 0.166097 0.002716 0.002452
0 0.257577 0.166761 0.002343 0.002043
0 0.244054 0.133620 0.002461 0.002809
0 0.240714 0.125444 0.002226 0.003090
0 0.230931 0.127355 0.002461 0.002866
0 0.211600 0.125625 0.002285 0.002978
0 0.302429 0.164674 0.003010 0.004380
0 0.327973 0.170508 0.002573 0.003515
0 0.330196 0.165160 0.004211 0.002094
0 0.333354 0.169161 0.002885 0.003365
0 0.322710 0.175892 0.003431 0.002617
0 0.337408 0.151699 0.002573 0.003590
0 0.318535 0.189639 0.002695 0.003596
0 0.336256 0.194921 0.002168 0.003146
0 0.317393 0.198994 0.002285 0.002641
0 0.360874 0.169163 0.002417 0.003814
0 0.371089 0.157197 0.002261 0.003365
0 0.371401 0.178511 0.002885 0.002917
0 0.363252 0.183297 0.003119 0.003066
0 0.359509 0.195599 0.002339 0.002393
0 0.372180 0.200161 0.002573 0.002543
0 0.330686 0.140321 0.002168 0.002753
0 0.334231 0.137568 0.002578 0.003764
0 0.338771 0.133775 0.002636 0.003146
0 0.337101 0.126106 0.002578 0.002978
0 0.344365 0.124842 0.001992 0.003146
0 0.349199 0.128438 0.002636 0.002809
0 0.362380 0.121021 0.002753 0.002697
0 0.374595 0.131022 0.002226 0.003034
0 0.376996 0.137006 0.002461 0.003652
0 0.379633 0.137933 0.002578 0.003259
0 0.390910 0.118043 0.002871 0.003933
0 0.440076 0.152685 0.003261 0.003467
0 0.452623 0.158158 0.002835 0.003263
0 0.462582 0.170259 0.002765 0.003671
0 0.463326 0.165364 0.002694 0.002583
0 0.468501 0.165840 0.002410 0.003127
0 0.470734 0.157648 0.002197 0.003059
0 0.458045 0.173250 0.002765 0.004079
0 0.378019 0.290035 0.002453 0.002986
0 0.422080 0.276733 0.002076 0.003167
0 0.428873 0.292206 0.002453 0.003348
0 0.429769 0.299400 0.002736 0.003077
0 0.393916 0.256961 0.001981 0.003439
0 0.378701 0.236713 0.002056 0.002379
0 0.381182 0.238446 0.002056 0.003399
0 0.383202 0.239126 0.001985 0.003399
0 0.386250 0.241948 0.002127 0.002923
0 0.382763 0.230839 0.002377 0.002997
0 0.380694 0.222100 0.002289 0.002322
0 0.393678 0.218618 0.002289 0.002195
0 0.393568 0.216549 0.002509 0.002195
0 0.396428 0.240835 0.002421 0.002647
0 0.400979 0.239790 0.002905 0.002043
0 0.406522 0.240440 0.002276 0.003158
0 0.412114 0.238977 0.002808 0.002554
0 0.410396 0.233568 0.002566 0.003715
0 0.400543 0.249332 0.002711 0.003483
0 0.403932 0.249332 0.003292 0.003297
0 0.413446 0.249959 0.002179 0.002972
0 0.418263 0.246964 0.002227 0.003761
0 0.429084 0.240463 0.002469 0.003018
0 0.431626 0.238327 0.001937 0.002925
0 0.427777 0.235309 0.002179 0.003390
0 0.435620 0.244225 0.002857 0.003483
0 0.441914 0.238327 0.002082 0.002740
0 0.423855 0.227763 0.002760 0.002693
0 0.412913 0.219080 0.003244 0.001950
0 0.460676 0.225233 0.001937 0.003297
0 0.453343 0.244847 0.003041 0.002917
0 0.463792 0.246941 0.002417 0.003216
0 0.477267 0.246899 0.002663 0.002911
0 0.476521 0.256400 0.002237 0.003524
0 0.482433 0.266411 0.002343 0.003218
0 0.486800 0.266743 0.002024 0.003167
0 0.490874 0.263168 0.002184 0.003678
0 0.486720 0.273358 0.002610 0.003524
0 0.475062 0.292390 0.002461 0.003315
0 0.547450 0.289521 0.002449 0.003461
0 0.543003 0.283001 0.002449 0.002781
0 0.536462 0.307321 0.001869 0.003337
0 0.548062 0.298360 0.002384 0.003337
0 0.552573 0.307507 0.001998 0.003708
0 0.506458 0.355881 0.002736 0.003891
0 0.509618 0.361084 0.002830 0.003077
0 0.503391 0.363391 0.002453 0.003348
0 0.510043 0.344027 0.001793 0.003348
0 0.517119 0.329865 0.003114 0.002896
0 0.529337 0.330182 0.003208 0.002624
0 0.560988 0.325926 0.002210 0.003312
0 0.570965 0.351679 0.002659 0.002961
0 0.594466 0.346332 0.002316 0.003291
0 0.594724 0.319761 0.003002 0.002961
0 0.637460 0.298558 0.002716 0.003524
0 0.663875 0.289058 0.002716 0.003218
0 0.557155 0.212130 0.002127 0.003276
0 0.559249 0.208731 0.002449 0.002905
0 0.564018 0.211543 0.002320 0.003090
0 0.540368 0.214293 0.002449 0.002287
0 0.541527 0.206598 0.003222 0.002719
0 0.605723 0.144214 0.002694 0.003467
0 0.611783 0.140509 0.002339 0.002855
0 0.616107 0.141426 0.002906 0.004011
0 0.589313 0.143534 0.002906 0.002108
0 0.596508 0.151250 0.002552 0.002447
0 0.582437 0.144690 0.002197 0.001972
0 0.682452 0.141106 0.002835 0.002787
0 0.659450 0.139882 0.002623 0.002651
0 0.860046 0.173517 0.002059 0.002550
0 0.860561 0.180962 0.002059 0.002797
0 0.863091 0.182114 0.002316 0.003291
0 0.866436 0.180304 0.003174 0.003291
0 0.871540 0.174134 0.002230 0.002797
0 0.876558 0.171419 0.002659 0.001810
0 0.879860 0.160108 0.003088 0.003373
0 0.897593 0.177281 0.002578 0.003090
0 0.891857 0.179197 0.002835 0.002349
0 0.904907 0.189086 0.002384 0.003214
0 0.906615 0.191589 0.002191 0.003770
0 0.910997 0.191558 0.003093 0.003337
0 0.913188 0.182751 0.002835 0.003152
0 0.897013 0.201602 0.002578 0.003152
0 0.889731 0.204908 0.002062 0.003585
0 0.888668 0.201076 0.003158 0.002967
0 0.885961 0.200242 0.002513 0.002905
0 0.879259 0.206330 0.002642 0.002596
0 0.880290 0.205094 0.002513 0.002719
0 0.884318 0.200273 0.002062 0.003461
0 0.883706 0.234884 0.002384 0.003214
0 0.877455 0.236614 0.002513 0.003832
0 0.879452 0.241126 0.002513 0.003585
0 0.864019 0.238098 0.002449 0.003585
0 0.891116 0.244371 0.001998 0.003028
0 0.891277 0.256887 0.002835 0.003337
0 0.899333 0.255527 0.002707 0.002967
0 0.922693 0.250706 0.003673 0.003090
0 0.920405 0.261862 0.002449 0.003894
0 0.917537 0.277622 0.002642 0.003647
0 0.900783 0.286028 0.002900 0.003276
0 0.900911 0.293877 0.002900 0.002781
0 0.920470 0.291343 0.002191 0.003152
0 0.926237 0.290601 0.002642 0.002905
0 0.933648 0.292270 0.003415 0.002905
0 0.807670 0.324602 0.002491 0.003982
0 0.808448 0.315444 0.002595 0.002787
0 0.821104 0.289177 0.002105 0.003515
0 0.815139 0.292018 0.001871 0.003216
0 0.816348 0.286036 0.002573 0.003365
0 0.827186 0.275790 0.002105 0.003365
0 0.835725 0.275379 0.002963 0.002543
0 0.833230 0.285811 0.002963 0.002917
0 0.846965 0.273135 0.002988 0.002978
0 0.847375 0.270523 0.002402 0.003034
0 0.847229 0.279260 0.002109 0.003203
0 0.855313 0.277574 0.002578 0.003427
0 0.863779 0.276759 0.002285 0.003146
0 0.870106 0.274765 0.003339 0.002978
0 0.878629 0.270607 0.003515 0.003090
0 0.869813 0.282743 0.002285 0.003540
0 0.852393 0.233945 0.002230 0.004195
0 0.836739 0.240444 0.002659 0.003537
0 0.798614 0.279971 0.002745 0.003455
0 0.801745 0.283590 0.002316 0.002468
0 0.791571 0.286459 0.002642 0.002658
0 0.783032 0.282905 0.002191 0.003708
0 0.770176 0.280217 0.002255 0.003152
0 0.770659 0.286861 0.002320 0.003585
