0 0.525977 0.443592 0.002091 0.003935
0 0.517665 0.442878 0.002242 0.002834
0 0.520301 0.442782 0.001849 0.003255
0 0.506827 0.442246 0.000787 0.002681
0 0.506158 0.441480 0.000787 0.002681
0 0.529152 0.453832 0.002321 0.001838
0 0.530509 0.455421 0.001888 0.002489
0 0.532319 0.455881 0.002675 0.002796
0 0.545734 0.458830 0.000787 0.002681
0 0.548133 0.463464 0.000787 0.002681
0 0.547386 0.462851 0.000787 0.002681
0 0.547130 0.460457 0.002085 0.002451
0 0.557614 0.458351 0.003305 0.002604
0 0.554998 0.456896 0.001928 0.003294
0 0.554959 0.454942 0.002557 0.002987
0 0.570498 0.462085 0.001849 0.003332
0 0.569829 0.459040 0.002872 0.002834
0 0.455290 0.441730 0.002713 0.002873
0 0.454172 0.443815 0.002380 0.003244
0 0.461532 0.439518 0.003957 0.001763
0 0.461515 0.440889 0.003655 0.001894
0 0.463846 0.432303 0.002482 0.003330
0 0.468926 0.431242 0.002180 0.003689
0 0.468658 0.427308 0.001844 0.003330
0 0.492501 0.426753 0.002716 0.002416
0 0.493775 0.421464 0.002046 0.003134
0 0.476069 0.427275 0.001979 0.003004
0 0.475767 0.425740 0.001979 0.002547
0 0.477578 0.423553 0.002180 0.002481
0 0.476924 0.413400 0.003488 0.002416
0 0.482675 0.421137 0.002716 0.002547
0 0.483413 0.422182 0.002381 0.002481
0 0.486582 0.416501 0.001811 0.003199
0 0.490807 0.418705 0.000671 0.002285
0 0.489667 0.424467 0.001945 0.003004
0 0.490422 0.422084 0.002180 0.002416
0 0.489013 0.421774 0.002515 0.002253
0 0.482189 0.412257 0.003488 0.001698
0 0.480110 0.413155 0.001811 0.002710
0 0.483128 0.413253 0.000671 0.002285
0 0.482491 0.414428 0.000671 0.002285
0 0.482055 0.415114 0.000671 0.002285
0 0.494781 0.417954 0.002046 0.002906
0 0.504657 0.413187 0.001006 0.002938
0 0.496777 0.409661 0.001006 0.002938
0 0.491109 0.412534 0.001006 0.002938
0 0.494597 0.413808 0.001006 0.002938
0 0.493893 0.414102 0.001006 0.002938
0 0.493121 0.413971 0.001006 0.002938
0 0.488795 0.413693 0.003018 0.001698
0 0.496642 0.412077 0.002280 0.002579
0 0.496810 0.413416 0.003018 0.001992
0 0.507206 0.416485 0.002750 0.001992
0 0.507893 0.414706 0.002716 0.001763
0 0.507256 0.415342 0.003186 0.001926
0 0.502410 0.418509 0.001006 0.002938
0 0.502008 0.412012 0.001006 0.002938
0 0.502913 0.412404 0.001006 0.002938
0 0.500968 0.416583 0.001006 0.002938
0 0.502176 0.416844 0.001006 0.002938
0 0.500465 0.415358 0.002683 0.000947
0 0.500935 0.418460 0.002683 0.000947
0 0.499091 0.414999 0.002683 0.000947
0 0.497347 0.414869 0.002683 0.000947
0 0.492384 0.416207 0.002683 0.000947
0 0.490841 0.414869 0.002683 0.000947
0 0.521659 0.450372 0.000973 0.002514
0 0.398719 0.430510 0.003218 0.004996
0 0.399198 0.440206 0.002957 0.003557
0 0.391630 0.463536 0.002261 0.003980
