0 0.468823 0.582832 0.002295 0.004174
0 0.465045 0.578003 0.002827 0.002999
0 0.443139 0.568472 0.002356 0.003213
0 0.414387 0.556817 0.003449 0.003763
0 0.429216 0.567949 0.003449 0.003450
0 0.383694 0.629727 0.002759 0.004077
0 0.449564 0.633803 0.003449 0.003450
0 0.435941 0.629727 0.003104 0.004704
0 0.416801 0.555562 0.002759 0.003763
0 0.459910 0.666417 0.004828 0.004077
0 0.412318 0.671748 0.003449 0.004077
0 0.403006 0.671434 0.003449 0.004077
0 0.112604 0.677123 0.004039 0.005510
0 0.242621 0.727398 0.005554 0.005050
0 0.458398 0.546174 0.004932 0.004829
0 0.401874 0.561524 0.004932 0.004484
