0 0.222131 0.791335 0.003079 0.003362
0 0.222612 0.793683 0.002373 0.003304
0 0.228289 0.796205 0.003720 0.003015
0 0.221393 0.786117 0.002373 0.003362
0 0.222644 0.787393 0.002694 0.003247
0 0.203881 0.774262 0.002245 0.003420
0 0.207859 0.774986 0.002373 0.002319
0 0.207442 0.776059 0.003207 0.001681
0 0.207666 0.777160 0.003785 0.001681
0 0.267723 0.741923 0.001738 0.002912
0 0.264210 0.745506 0.001883 0.002160
0 0.266908 0.745882 0.001847 0.002912
0 0.260789 0.744377 0.001991 0.002716
0 0.261640 0.745048 0.001883 0.002553
0 0.266365 0.739828 0.002281 0.002912
0 0.145879 0.696386 0.003159 0.002469
0 0.159950 0.699308 0.002258 0.002933
0 0.240448 0.663281 0.003864 0.004827
