0 0.002231 0.704323 0.002568 0.003777
0 0.037523 0.680350 0.002125 0.003941
0 0.052357 0.671319 0.003631 0.003448
0 0.024725 0.675137 0.002568 0.004351
0 0.008828 0.673125 0.003365 0.003120
0 0.002496 0.669718 0.002745 0.003530
0 0.003559 0.672961 0.003277 0.002299
0 0.003736 0.671648 0.004517 0.001642
0 0.006304 0.641764 0.002037 0.003612
0 0.010865 0.650630 0.002480 0.002956
0 0.017286 0.650179 0.002391 0.003530
0 0.021183 0.652888 0.004340 0.002709
0 0.009227 0.637454 0.001860 0.003038
0 0.020076 0.643077 0.002303 0.003448
0 0.011795 0.631502 0.002568 0.003284
0 0.007987 0.621362 0.001860 0.003366
0 0.010688 0.616190 0.002480 0.003202
0 0.023973 0.601043 0.002834 0.003612
0 0.191172 0.545929 0.002489 0.003460
0 0.154211 0.556106 0.002196 0.003867
0 0.127788 0.583110 0.002928 0.004546
0 0.136864 0.586197 0.002781 0.003528
0 0.110625 0.599530 0.003147 0.003053
0 0.095877 0.607434 0.002489 0.003664
0 0.084349 0.606926 0.003440 0.003189
0 0.082922 0.621378 0.003367 0.003325
0 0.081385 0.633217 0.002781 0.003528
0 0.077835 0.639324 0.002415 0.003800
0 0.070626 0.640986 0.002342 0.004139
0 0.064185 0.649637 0.002196 0.003664
0 0.059610 0.659882 0.003294 0.003257
0 0.111393 0.641258 0.002049 0.003867
0 0.113992 0.641563 0.002562 0.003664
0 0.125593 0.639901 0.002342 0.002782
0 0.131667 0.636915 0.002928 0.002510
0 0.129984 0.637729 0.003220 0.002239
0 0.126837 0.635558 0.002489 0.003596
0 0.124568 0.632301 0.003074 0.002918
0 0.125556 0.631148 0.002854 0.003867
0 0.128081 0.627416 0.003220 0.003053
0 0.129435 0.625788 0.003440 0.003460
0 0.184216 0.568229 0.002299 0.004766
0 0.189508 0.573360 0.001875 0.003701
0 0.190960 0.571089 0.002238 0.004206
0 0.251812 0.563687 0.002117 0.003869
0 0.271289 0.589789 0.003327 0.002467
0 0.297239 0.596995 0.002964 0.003308
0 0.272409 0.600612 0.002420 0.003589
0 0.247185 0.607789 0.001815 0.003140
0 0.247790 0.604453 0.001936 0.003421
0 0.227102 0.604705 0.003871 0.002804
0 0.199369 0.586120 0.002035 0.003823
0 0.193512 0.589968 0.002640 0.003568
0 0.193732 0.594939 0.002310 0.003925
0 0.189498 0.591013 0.002090 0.003721
0 0.189608 0.594250 0.001980 0.003976
0 0.185786 0.596799 0.002145 0.003568
0 0.176933 0.600495 0.002914 0.003721
0 0.189443 0.610665 0.002310 0.003262
0 0.194337 0.610690 0.001870 0.003721
0 0.198901 0.609722 0.002640 0.003517
0 0.183202 0.625117 0.003134 0.002804
0 0.187628 0.628507 0.002859 0.003772
0 0.146399 0.630621 0.002057 0.004262
0 0.163845 0.633630 0.002520 0.003830
0 0.153681 0.637268 0.002355 0.003294
0 0.154445 0.639432 0.001818 0.003945
0 0.158515 0.639432 0.001777 0.003715
0 0.155809 0.645311 0.002809 0.003907
0 0.151409 0.642745 0.002024 0.003753
0 0.149942 0.635162 0.002975 0.002221
0 0.149013 0.634472 0.003016 0.002298
0 0.172479 0.633649 0.002603 0.003332
0 0.171550 0.639087 0.002148 0.003638
0 0.178511 0.636253 0.001942 0.003409
0 0.175805 0.633534 0.003718 0.002336
0 0.182684 0.634147 0.003512 0.003255
0 0.188592 0.637096 0.002438 0.003332
0 0.180680 0.643013 0.002231 0.003447
0 0.178098 0.642553 0.001859 0.003600
0 0.168430 0.650596 0.001859 0.003524
0 0.156408 0.663905 0.002768 0.002872
0 0.166778 0.660344 0.003016 0.003102
0 0.160126 0.656763 0.003842 0.002221
0 0.159445 0.659443 0.001818 0.003753
0 0.158267 0.658352 0.001777 0.003868
0 0.203462 0.652353 0.003808 0.002545
0 0.212893 0.654775 0.002125 0.003612
0 0.214576 0.634455 0.002303 0.004187
0 0.206606 0.629488 0.002480 0.003777
0 0.202842 0.625055 0.003808 0.002463
0 0.202709 0.627231 0.001948 0.003694
0 0.204037 0.627723 0.001948 0.003694
0 0.229587 0.631254 0.001860 0.003530
0 0.229986 0.629037 0.003011 0.003038
0 0.227462 0.653174 0.003277 0.002217
0 0.232156 0.653379 0.003808 0.001806
0 0.237514 0.655021 0.002303 0.003120
0 0.241853 0.650957 0.002125 0.003530
0 0.242473 0.646647 0.001771 0.003777
0 0.235831 0.630433 0.002480 0.003366
0 0.236407 0.626738 0.002745 0.002709
0 0.237159 0.627149 0.002657 0.002709
0 0.243713 0.629776 0.001771 0.003202
0 0.247255 0.628750 0.002125 0.003612
0 0.256643 0.643117 0.002657 0.003612
0 0.262887 0.639956 0.002037 0.003038
0 0.270370 0.643938 0.002125 0.003448
0 0.259964 0.630186 0.002391 0.003694
0 0.274045 0.638273 0.002568 0.002956
0 0.267357 0.628933 0.002657 0.003582
0 0.265384 0.626321 0.003703 0.002538
0 0.265908 0.624305 0.004267 0.002239
0 0.270577 0.623037 0.002818 0.002836
0 0.265263 0.618447 0.002174 0.003806
0 0.261278 0.618708 0.001610 0.002911
0 0.260232 0.619603 0.001610 0.002911
0 0.259185 0.619156 0.001610 0.002911
0 0.276145 0.614155 0.002123 0.003257
0 0.271681 0.608999 0.002562 0.003392
0 0.269814 0.607913 0.002196 0.003935
0 0.282110 0.623213 0.002342 0.004003
0 0.284965 0.619583 0.002489 0.003664
0 0.293492 0.613850 0.001830 0.003325
0 0.294882 0.614393 0.001830 0.003596
0 0.297920 0.620397 0.002489 0.003528
0 0.298286 0.625690 0.001903 0.003528
0 0.294407 0.625656 0.004099 0.001832
0 0.306483 0.628912 0.003367 0.002375
0 0.307142 0.611339 0.002049 0.003732
0 0.306666 0.609338 0.003440 0.003257
0 0.317243 0.597735 0.002928 0.002850
0 0.341652 0.596921 0.002123 0.003664
0 0.353619 0.591358 0.001903 0.003935
0 0.311460 0.617615 0.001464 0.002646
0 0.312924 0.617955 0.001464 0.002646
0 0.317682 0.620058 0.002342 0.002850
0 0.327416 0.610763 0.003367 0.002850
0 0.322000 0.626538 0.002489 0.003867
0 0.328002 0.628471 0.002196 0.003257
0 0.309008 0.637699 0.002415 0.003121
0 0.314095 0.638106 0.001903 0.003121
0 0.288368 0.643263 0.003294 0.002035
0 0.302202 0.645603 0.002854 0.002918
0 0.324086 0.643873 0.002708 0.002850
0 0.324928 0.650590 0.002049 0.003800
0 0.334772 0.648758 0.002123 0.003392
0 0.353912 0.646723 0.002342 0.003935
0 0.359547 0.650014 0.002635 0.002782
0 0.367672 0.646655 0.002635 0.003800
0 0.369172 0.640345 0.002123 0.003257
0 0.374222 0.641465 0.002123 0.004139
0 0.396143 0.644687 0.001757 0.003664
0 0.365688 0.634036 0.002630 0.002980
0 0.358089 0.623470 0.002241 0.003522
0 0.357992 0.612994 0.002241 0.003522
0 0.340213 0.612227 0.002338 0.002890
0 0.341869 0.613536 0.002728 0.002800
0 0.340262 0.618548 0.002241 0.003793
0 0.338655 0.621528 0.003117 0.002890
0 0.343964 0.621619 0.002630 0.002529
0 0.346204 0.622928 0.003215 0.002800
0 0.350588 0.621258 0.002241 0.003070
0 0.354875 0.618142 0.004189 0.002258
0 0.354729 0.626586 0.003507 0.003432
0 0.354193 0.627624 0.003410 0.002800
0 0.378645 0.629250 0.002435 0.003341
0 0.388874 0.624418 0.002241 0.002709
0 0.386146 0.617871 0.001851 0.003703
0 0.385610 0.615975 0.003507 0.002980
0 0.411231 0.621438 0.002728 0.003070
0 0.419804 0.616652 0.001754 0.003612
0 0.421216 0.640719 0.001851 0.002619
0 0.416833 0.648124 0.002825 0.003341
0 0.384051 0.586986 0.002533 0.003341
0 0.393160 0.595068 0.002241 0.003432
0 0.395303 0.590914 0.002046 0.003612
0 0.399492 0.591772 0.001851 0.003703
0 0.393696 0.573214 0.002923 0.003612
0 0.390871 0.566666 0.002923 0.003703
0 0.436608 0.607621 0.002435 0.003612
0 0.464860 0.605679 0.004384 0.002258
0 0.445035 0.620580 0.002338 0.003883
0 0.453900 0.622793 0.003117 0.003070
0 0.449760 0.631914 0.001851 0.003432
0 0.452926 0.653181 0.001754 0.003341
0 0.457505 0.635255 0.002143 0.002709
0 0.459404 0.635662 0.002435 0.003522
0 0.463057 0.639726 0.002923 0.002800
0 0.465980 0.641622 0.001948 0.003703
0 0.468513 0.644963 0.002143 0.003703
0 0.470072 0.646228 0.001754 0.003161
0 0.496423 0.630198 0.003020 0.002167
0 0.491016 0.628121 0.002143 0.004154
0 0.492770 0.628347 0.002338 0.003341
0 0.472557 0.630213 0.002657 0.002388
0 0.468652 0.627563 0.001932 0.003359
0 0.468491 0.629242 0.004187 0.001941
0 0.472677 0.627227 0.002737 0.003284
0 0.468531 0.661858 0.002335 0.002239
0 0.475334 0.652305 0.002093 0.003582
0 0.478434 0.647789 0.002013 0.002911
0 0.478957 0.644543 0.001932 0.002836
0 0.476461 0.639542 0.004026 0.002239
0 0.481533 0.641632 0.002093 0.003135
0 0.482741 0.645028 0.002415 0.003359
0 0.489665 0.643945 0.002254 0.002687
0 0.493047 0.643311 0.001932 0.003806
0 0.496508 0.643983 0.001932 0.002911
0 0.496307 0.646632 0.002013 0.003135
0 0.498642 0.644281 0.002496 0.003657
0 0.503795 0.639990 0.002496 0.002687
0 0.506250 0.644319 0.001932 0.003732
0 0.514945 0.648871 0.002898 0.003433
0 0.515670 0.641856 0.003703 0.002090
0 0.524285 0.646894 0.002415 0.003806
0 0.524687 0.637079 0.001771 0.003582
0 0.532899 0.638945 0.002576 0.002687
0 0.542681 0.638609 0.002657 0.002761
0 0.543245 0.641408 0.002174 0.002985
0 0.550249 0.635922 0.002979 0.003209
0 0.555563 0.632601 0.002013 0.004030
0 0.552625 0.648610 0.002415 0.003657
0 0.557455 0.659581 0.001932 0.003508
0 0.571102 0.657268 0.002013 0.004105
0 0.576134 0.652193 0.001932 0.004254
0 0.580039 0.644543 0.002657 0.003433
0 0.590344 0.645699 0.001852 0.003060
0 0.581085 0.634915 0.002657 0.002836
0 0.575973 0.630399 0.002254 0.003060
0 0.566513 0.626966 0.002335 0.003209
0 0.563655 0.609203 0.001771 0.003209
0 0.538092 0.599612 0.002657 0.003582
0 0.608056 0.598381 0.002013 0.003956
0 0.594691 0.620062 0.002335 0.003433
0 0.592679 0.615472 0.002174 0.003508
0 0.607332 0.624279 0.002013 0.003508
0 0.580039 0.622413 0.002174 0.003657
0 0.584668 0.621854 0.002415 0.003582
0 0.580964 0.616666 0.001932 0.004105
0 0.584185 0.616256 0.001771 0.003135
0 0.583017 0.615398 0.001852 0.003657
0 0.618040 0.635773 0.002818 0.003359
0 0.647507 0.636930 0.003623 0.001791
0 0.660630 0.623607 0.001852 0.003806
0 0.696618 0.658089 0.002013 0.003806
0 0.679952 0.665739 0.001852 0.003582
0 0.687802 0.667269 0.002576 0.003359
0 0.684179 0.670814 0.001932 0.003433
0 0.681039 0.670702 0.002737 0.002463
0 0.679952 0.672829 0.002979 0.002239
0 0.717994 0.662380 0.002093 0.003582
0 0.600746 0.512326 0.003312 0.003161
0 0.603571 0.508804 0.002143 0.003703
0 0.580483 0.491736 0.002533 0.002980
0 0.590517 0.491194 0.002143 0.003703
0 0.507667 0.596749 0.001860 0.003448
0 0.681663 0.683249 0.003536 0.002980
0 0.731439 0.668646 0.003000 0.003179
0 0.734868 0.670235 0.002358 0.003378
0 0.734868 0.673116 0.001715 0.003378
0 0.745905 0.673364 0.002786 0.003080
0 0.765891 0.668546 0.002679 0.002583
0 0.768784 0.662586 0.002465 0.002781
0 0.772910 0.662238 0.002143 0.003080
0 0.767820 0.651559 0.001822 0.003378
0 0.758842 0.680157 0.001797 0.002776
0 0.760173 0.682192 0.002196 0.003269
0 0.760472 0.678800 0.001863 0.003022
0 0.784692 0.689224 0.003327 0.002406
0 0.798199 0.675685 0.001863 0.002837
0 0.792444 0.676456 0.002063 0.002776
0 0.794041 0.676702 0.001797 0.003146
0 0.806417 0.691352 0.002196 0.003331
0 0.808779 0.684228 0.002262 0.003392
0 0.816730 0.689100 0.002728 0.003146
0 0.810376 0.684906 0.001730 0.003022
0 0.817262 0.684567 0.001930 0.003207
0 0.818959 0.686325 0.001730 0.003639
0 0.820256 0.686448 0.002329 0.003022
0 0.831834 0.683333 0.002329 0.003824
0 0.834862 0.690026 0.002262 0.003146
0 0.844277 0.683919 0.001930 0.003639
0 0.844443 0.693819 0.002262 0.003331
0 0.849799 0.705323 0.001930 0.003269
0 0.861843 0.711768 0.001930 0.003331
0 0.874618 0.706525 0.002196 0.003207
0 0.877945 0.706402 0.002462 0.003454
0 0.897305 0.708551 0.003020 0.003070
0 0.911492 0.717454 0.003749 0.001668
0 0.930638 0.714882 0.002650 0.003846
0 0.935512 0.718566 0.002100 0.003707
0 0.950950 0.718363 0.004125 0.001789
0 0.963492 0.727245 0.002063 0.003763
0 0.967052 0.726629 0.002395 0.003269
0 0.970179 0.726721 0.002662 0.003331
0 0.964524 0.737762 0.002662 0.003331
0 0.942367 0.682650 0.001730 0.003516
0 0.952148 0.672596 0.001730 0.004009
0 0.961650 0.659343 0.001983 0.003562
0 0.969273 0.654862 0.003264 0.002413
0 0.965203 0.650286 0.002479 0.003677
0 0.953387 0.650362 0.001735 0.003294
0 0.945785 0.649539 0.002148 0.002260
0 0.945413 0.648313 0.002148 0.002336
0 0.942480 0.650056 0.003305 0.001685
0 0.936696 0.648907 0.001900 0.003524
0 0.929280 0.644483 0.002107 0.003409
0 0.942976 0.645096 0.001735 0.003102
0 0.964501 0.641036 0.002066 0.003485
0 0.968219 0.635100 0.001818 0.003562
0 0.962662 0.637589 0.002107 0.002336
0 0.962580 0.635828 0.002768 0.002183
0 0.961753 0.634066 0.002933 0.002183
0 0.624885 0.972615 0.002049 0.003862
0 0.793032 0.623559 0.002013 0.003881
0 0.800398 0.607587 0.001771 0.003732
0 0.807363 0.612028 0.002335 0.003657
0 0.813646 0.604253 0.001863 0.003269
0 0.819401 0.646998 0.001930 0.003146
0 0.830927 0.620291 0.001738 0.003096
0 0.829828 0.622961 0.001328 0.002401
0 0.830791 0.623330 0.001793 0.002586
0 0.833282 0.623884 0.001727 0.003079
0 0.835075 0.625793 0.001727 0.003079
0 0.849355 0.632689 0.002125 0.003202
0 0.852277 0.636845 0.002125 0.003386
0 0.854203 0.637707 0.002657 0.003633
0 0.856960 0.648082 0.003653 0.001724
0 0.857757 0.646234 0.002325 0.002709
0 0.868450 0.651560 0.002192 0.003386
0 0.872834 0.651899 0.002590 0.003325
0 0.844034 0.624433 0.002352 0.002844
0 0.845670 0.625539 0.001738 0.002907
0 0.845709 0.622695 0.001098 0.001985
0 0.846697 0.624629 0.001098 0.001985
0 0.891043 0.628235 0.002103 0.003173
0 0.888095 0.645114 0.002227 0.003517
0 0.898343 0.649319 0.001938 0.003288
0 0.905890 0.643030 0.002021 0.003097
0 0.894446 0.643948 0.001732 0.003173
0 0.891394 0.645611 0.002474 0.002829
0 0.892940 0.644082 0.001938 0.002829
0 0.911478 0.638863 0.002474 0.002485
0 0.923458 0.645630 0.001938 0.003479
0 0.917210 0.644177 0.001732 0.003173
0 0.917025 0.646012 0.002681 0.002179
0 0.914757 0.647389 0.002021 0.002256
0 0.914509 0.645783 0.002433 0.002103
