0 0.116687 0.707934 0.005644 0.008478
0 0.130998 0.710145 0.006047 0.007741
0 0.143495 0.713279 0.004434 0.008110
0 0.089678 0.702588 0.004031 0.006635
0 0.076173 0.688949 0.005241 0.005898
0 0.072948 0.692820 0.004434 0.005529
0 0.039287 0.721204 0.004031 0.007004
0 0.041504 0.735949 0.004434 0.007741
0 0.034852 0.735212 0.004838 0.006267
0 0.203964 0.757146 0.004434 0.008110
0 0.194894 0.747193 0.004031 0.006635
0 0.178567 0.741479 0.003628 0.010690
0 0.165667 0.737793 0.006047 0.005529
0 0.255968 0.742953 0.006047 0.007741
0 0.282574 0.763228 0.005241 0.007004
0 0.290636 0.762491 0.004434 0.008478
0 0.339415 0.766914 0.005241 0.004792
0 0.349493 0.775577 0.006853 0.007373
0 0.346470 0.788479 0.004838 0.008110
0 0.367231 0.781291 0.005241 0.007004
0 0.383356 0.782397 0.004434 0.007004
0 0.197917 0.777052 0.004434 0.005161
0 0.191669 0.779632 0.004031 0.005898
0 0.189048 0.765993 0.003628 0.006635
0 0.181994 0.762491 0.004031 0.006267
0 0.162845 0.753275 0.004434 0.007004
0 0.047752 0.667937 0.006450 0.008847
0 0.400690 0.770785 0.004434 0.007373
0 0.416412 0.765255 0.006853 0.007373
0 0.428707 0.769495 0.004838 0.007004
0 0.478091 0.784240 0.006047 0.007004
0 0.497642 0.783503 0.003225 0.008478
0 0.507720 0.779632 0.004031 0.008110
0 0.452089 0.794377 0.004838 0.006635
0 0.526264 0.820918 0.005644 0.007373
0 0.666552 0.837875 0.004838 0.005161
0 0.667963 0.842852 0.004434 0.004792
0 0.663126 0.848750 0.004434 0.006267
0 0.670181 0.852436 0.004838 0.007004
0 0.696384 0.824605 0.004838 0.006635
0 0.701624 0.830503 0.005644 0.007373
0 0.706865 0.822209 0.004838 0.004792
0 0.709687 0.827554 0.004031 0.006635
0 0.552669 0.911232 0.005241 0.007373
0 0.573833 0.924872 0.007256 0.008847
0 0.583710 0.925609 0.004434 0.006635
0 0.609711 0.919158 0.005644 0.007004
0 0.596408 0.922476 0.004838 0.004792
0 0.597215 0.925609 0.004838 0.005898
0 0.587943 0.926346 0.004031 0.007373
0 0.755240 0.885981 0.004838 0.007004
0 0.748790 0.883032 0.005644 0.007741
0 0.740929 0.893354 0.005241 0.007741
0 0.748589 0.915103 0.005241 0.006267
0 0.720975 0.913813 0.004031 0.007373
0 0.719362 0.904229 0.004031 0.007373
0 0.698803 0.860915 0.004031 0.007004
0 0.764714 0.861099 0.006853 0.005898
0 0.764714 0.856307 0.006853 0.008110
0 0.778219 0.919895 0.004031 0.007741
0 0.771567 0.924134 0.006047 0.007373
0 0.767536 0.928005 0.006047 0.008478
0 0.760884 0.843773 0.007256 0.006635
0 0.932415 0.893170 0.004434 0.008847
0 0.984015 0.921554 0.006047 0.008110
0 0.871942 0.983996 0.005805 0.006635
