0 0.155964 0.242961 0.001773 0.003084
0 0.161481 0.254125 0.001773 0.003084
0 0.160036 0.254865 0.001773 0.003084
0 0.124799 0.237718 0.001314 0.003084
0 0.123682 0.236854 0.001314 0.003084
0 0.130414 0.236361 0.003612 0.001234
0 0.158000 0.251164 0.001117 0.002467
0 0.156883 0.251288 0.001117 0.002467
0 0.156194 0.249190 0.002627 0.000987
0 0.155800 0.250239 0.002627 0.000987
0 0.145437 0.301440 0.001351 0.003732
0 0.157596 0.309127 0.001351 0.003732
0 0.171822 0.305246 0.002623 0.003359
0 0.169596 0.302186 0.002305 0.003806
0 0.173689 0.314725 0.002384 0.003508
0 0.175318 0.313232 0.002623 0.003060
0 0.178934 0.315732 0.002384 0.003881
0 0.178537 0.325696 0.001907 0.003359
0 0.179848 0.322599 0.002146 0.003284
0 0.184855 0.307747 0.001828 0.003433
0 0.182153 0.310060 0.002146 0.003284
0 0.180246 0.307635 0.002940 0.003508
0 0.163080 0.299201 0.001351 0.002985
0 0.165702 0.299201 0.001351 0.002985
0 0.164669 0.297783 0.001351 0.002985
0 0.163556 0.296514 0.001351 0.002985
0 0.176272 0.301962 0.001351 0.002985
0 0.175000 0.302186 0.001351 0.002985
0 0.173649 0.301589 0.001351 0.002985
0 0.158709 0.306739 0.001351 0.002985
0 0.160616 0.306888 0.001351 0.002985
0 0.163954 0.305470 0.001351 0.002985
0 0.162285 0.307261 0.001351 0.002985
0 0.161570 0.304798 0.001351 0.001941
0 0.161649 0.303306 0.001351 0.001941
0 0.159503 0.304351 0.001351 0.002985
0 0.159742 0.302410 0.001351 0.002985
0 0.183176 0.321853 0.001015 0.002243
0 0.184968 0.322919 0.001015 0.002243
0 0.184848 0.325554 0.001015 0.002243
0 0.193357 0.322919 0.003105 0.001738
0 0.201656 0.314031 0.002866 0.003364
0 0.197118 0.319807 0.002150 0.002804
0 0.198671 0.322891 0.002030 0.002916
0 0.197686 0.321180 0.004239 0.001963
0 0.212075 0.318068 0.003762 0.003252
0 0.210732 0.313975 0.003105 0.003028
0 0.204731 0.318769 0.003403 0.002635
0 0.206164 0.322190 0.001015 0.002243
0 0.205627 0.320507 0.001015 0.002243
0 0.214822 0.316246 0.001015 0.002243
0 0.220375 0.319947 0.001015 0.002243
0 0.224077 0.318152 0.001015 0.002243
0 0.215956 0.317311 0.001015 0.002243
0 0.241870 0.325610 0.001015 0.002243
0 0.241989 0.330040 0.001015 0.002804
0 0.235421 0.329984 0.001015 0.002804
0 0.231719 0.330545 0.001015 0.002804
0 0.229152 0.327348 0.001015 0.002804
0 0.228436 0.323535 0.001015 0.002804
0 0.250047 0.338659 0.000763 0.002106
0 0.248207 0.338195 0.000763 0.002528
0 0.246861 0.336721 0.000763 0.002528
0 0.982062 0.820604 0.001117 0.003701
