0 0.962256 0.769457 0.002479 0.004219
0 0.919942 0.741957 0.002479 0.004219
0 0.911264 0.739691 0.002479 0.004219
0 0.942173 0.743363 0.002479 0.004219
0 0.949777 0.748558 0.003967 0.002734
0 0.933744 0.742933 0.003967 0.002734
0 0.983496 0.749730 0.003967 0.002734
0 0.938320 0.721551 0.003967 0.002734
0 0.864931 0.752098 0.003967 0.002734
0 0.919807 0.708973 0.003967 0.003672
0 0.918650 0.697020 0.002479 0.003672
0 0.913278 0.705535 0.002479 0.003672
0 0.915262 0.705614 0.002479 0.003672
0 0.870904 0.751287 0.002479 0.003672
0 0.852970 0.731443 0.002479 0.003672
0 0.849169 0.733475 0.002479 0.003672
0 0.866772 0.736600 0.002479 0.003672
0 0.834045 0.727225 0.002479 0.003672
0 0.907433 0.736365 0.002479 0.003672
0 0.948545 0.659511 0.002479 0.003672
0 0.948443 0.606720 0.002479 0.003672
0 0.942245 0.610939 0.002479 0.003672
0 0.922854 0.877434 0.002479 0.003672
0 0.930623 0.878294 0.002479 0.003672
0 0.808351 0.709846 0.002479 0.003672
0 0.793889 0.709612 0.002479 0.003672
0 0.795293 0.702581 0.002479 0.003672
0 0.792153 0.694846 0.002479 0.003672
0 0.781740 0.702268 0.002479 0.003672
0 0.791905 0.704065 0.002479 0.003672
0 0.777690 0.707737 0.002479 0.003672
0 0.889880 0.728831 0.003554 0.003672
0 0.877731 0.731799 0.003554 0.003672
0 0.876079 0.740628 0.003554 0.003672
0 0.794971 0.747955 0.004050 0.002344
0 0.769806 0.775415 0.002314 0.003828
0 0.737515 0.677657 0.002314 0.003828
0 0.719829 0.682422 0.002314 0.003828
0 0.713300 0.681953 0.002314 0.003828
0 0.750903 0.677891 0.002314 0.003828
0 0.767845 0.664063 0.002314 0.003828
0 0.751037 0.689662 0.002800 0.004632
0 0.662237 0.653821 0.002314 0.003828
0 0.663642 0.655384 0.002314 0.003828
0 0.666369 0.656243 0.002314 0.003828
0 0.679675 0.658118 0.002314 0.003828
0 0.678353 0.651478 0.002314 0.003828
0 0.698518 0.663978 0.002314 0.003828
0 0.705295 0.654290 0.002314 0.003828
0 0.686948 0.658821 0.002314 0.003828
0 0.696107 0.658788 0.002314 0.003828
