0 0.065754 0.843056 0.002478 0.003689
0 0.070650 0.844400 0.002360 0.003004
0 0.069853 0.851331 0.002772 0.002741
0 0.070709 0.854256 0.002949 0.003004
0 0.169488 0.790025 0.004680 0.002047
0 0.163857 0.789698 0.002486 0.003572
0 0.190281 0.790352 0.002876 0.003049
0 0.193791 0.784580 0.003461 0.003267
0 0.179653 0.794424 0.004144 0.002308
0 0.198932 0.796019 0.001792 0.002987
0 0.202087 0.794449 0.001965 0.002310
0 0.203293 0.794757 0.002172 0.002433
0 0.207000 0.777817 0.003045 0.002310
0 0.149541 0.749039 0.003109 0.003373
0 0.144323 0.733564 0.003775 0.002480
0 0.140908 0.730712 0.002387 0.003125
0 0.140714 0.727587 0.002443 0.003224
0 0.183034 0.686793 0.002357 0.003413
0 0.209905 0.667007 0.002831 0.003274
0 0.273235 0.811687 0.003359 0.002401
0 0.274411 0.809586 0.002888 0.003601
0 0.297127 0.692354 0.003129 0.002841
0 0.277952 0.648767 0.002423 0.002660
0 0.294178 0.640020 0.002473 0.003382
0 0.321381 0.671764 0.002574 0.002931
0 0.323652 0.660446 0.002574 0.003021
0 0.328623 0.667457 0.003028 0.003427
0 0.324585 0.668788 0.002523 0.002570
0 0.347130 0.654020 0.002523 0.003156
0 0.357774 0.807555 0.003836 0.001578
0 0.342381 0.798560 0.002322 0.001804
0 0.340842 0.791435 0.004088 0.002074
0 0.339833 0.789045 0.002271 0.002886
0 0.394353 0.639371 0.004389 0.004502
0 0.468830 0.624363 0.006314 0.002461
0 0.461978 0.614220 0.003224 0.002821
0 0.581983 0.580056 0.002982 0.003402
0 0.581295 0.586778 0.001881 0.002746
0 0.582304 0.587660 0.003258 0.002132
0 0.582121 0.589607 0.002615 0.003074
0 0.639928 0.653074 0.002150 0.003421
0 0.634991 0.659826 0.004366 0.002641
0 0.652712 0.668266 0.002601 0.002760
0 0.691483 0.686384 0.003089 0.003268
0 0.886840 0.680073 0.002950 0.003778
0 0.886250 0.656612 0.002557 0.003075
0 0.891561 0.652922 0.002950 0.003075
0 0.880841 0.667069 0.003934 0.002724
0 0.845527 0.664787 0.002836 0.003764
0 0.835162 0.668346 0.002795 0.002161
0 0.830866 0.667060 0.002544 0.002944
0 0.827112 0.664079 0.002961 0.002348
0 0.829448 0.671010 0.003045 0.003242
0 0.824359 0.672426 0.002878 0.002869
0 0.816747 0.663333 0.003003 0.002720
