0 0.450348 0.623888 0.002392 0.003310
0 0.455269 0.628004 0.003587 0.002377
0 0.459250 0.657065 0.002529 0.002894
0 0.460059 0.658139 0.002327 0.002988
0 0.483431 0.681667 0.002934 0.002241
0 0.507917 0.679613 0.002327 0.003361
0 0.542121 0.677052 0.002440 0.003018
0 0.551207 0.667565 0.002336 0.002923
0 0.565018 0.680046 0.003063 0.002587
0 0.571171 0.682849 0.003011 0.003018
0 0.592322 0.696011 0.002482 0.003207
0 0.596906 0.670238 0.002447 0.002520
0 0.599902 0.664823 0.002695 0.002618
0 0.596179 0.656249 0.001986 0.003142
0 0.594282 0.651847 0.001880 0.003043
0 0.622642 0.656013 0.001738 0.002782
0 0.626880 0.646949 0.002553 0.003109
0 0.668466 0.708560 0.002399 0.002741
0 0.853247 0.802947 0.002737 0.002595
0 0.861760 0.811225 0.002128 0.003437
0 0.864877 0.805297 0.003801 0.002525
0 0.871225 0.816381 0.003117 0.003648
0 0.844657 0.808735 0.002889 0.003227
0 0.876622 0.836092 0.002813 0.003227
0 0.893726 0.841844 0.003269 0.003087
0 0.932875 0.861240 0.002661 0.004419
0 0.935460 0.863555 0.002661 0.003297
0 0.941237 0.857733 0.003117 0.003578
0 0.959671 0.860223 0.003345 0.002525
0 0.973544 0.875726 0.003573 0.003507
0 0.987114 0.880075 0.003041 0.003788
0 0.772690 0.772814 0.003440 0.002428
0 0.810025 0.787753 0.003035 0.002801
0 0.807647 0.789621 0.002529 0.002801
0 0.593488 0.623773 0.002938 0.003502
0 0.193962 0.593122 0.003406 0.003639
0 0.239646 0.567639 0.003703 0.003144
0 0.244165 0.572834 0.002666 0.002871
0 0.181369 0.532156 0.003911 0.003158
0 0.168822 0.552982 0.005214 0.002707
