0 0.984632 0.733217 0.005860 0.007513
0 0.985984 0.724661 0.003156 0.006261
0 0.982603 0.749287 0.003606 0.006261
0 0.973362 0.752417 0.004057 0.005009
0 0.970882 0.748869 0.006311 0.007096
0 0.965022 0.785808 0.005410 0.008348
0 0.979332 0.857724 0.006334 0.008624
0 0.968342 0.866348 0.006706 0.007934
0 0.948596 0.832715 0.007451 0.007589
0 0.953067 0.802360 0.005216 0.009659
0 0.960704 0.787872 0.005588 0.006209
0 0.932948 0.804947 0.005216 0.005174
0 0.924379 0.805982 0.004471 0.007244
0 0.922330 0.836510 0.006334 0.006899
0 0.888613 0.838407 0.007451 0.008624
0 0.892152 0.854447 0.006334 0.006209
0 0.888427 0.854102 0.004098 0.006209
0 0.885819 0.849445 0.004098 0.006554
0 0.882466 0.845478 0.004098 0.007589
0 0.872593 0.844616 0.004471 0.006554
0 0.896623 0.873247 0.004843 0.004484
0 0.969087 0.734577 0.004471 0.007244
0 0.974116 0.716812 0.003353 0.005519
0 0.975048 0.706981 0.004471 0.005864
0 0.975979 0.696977 0.007079 0.006554
0 0.963685 0.705946 0.006334 0.007244
0 0.962381 0.712673 0.004471 0.006899
0 0.971509 0.709740 0.003353 0.003105
0 0.969459 0.712673 0.004471 0.004829
0 0.956047 0.742683 0.003726 0.007589
0 0.950459 0.736647 0.005216 0.005864
0 0.922144 0.729403 0.005961 0.005174
0 0.922144 0.742338 0.003726 0.004139
0 0.916928 0.743546 0.003726 0.005864
0 0.909104 0.731817 0.005216 0.006554
0 0.907427 0.742511 0.004843 0.005864
0 0.907055 0.746650 0.004843 0.004484
0 0.903329 0.743718 0.003353 0.006899
0 0.897368 0.743546 0.006334 0.005864
0 0.888240 0.735612 0.004471 0.005864
0 0.891593 0.725781 0.003726 0.006209
0 0.894201 0.813226 0.004471 0.006554
0 0.864396 0.766485 0.004471 0.004829
0 0.875946 0.765450 0.006706 0.005519
0 0.809257 0.738371 0.003726 0.005864
0 0.812237 0.733542 0.005961 0.005864
0 0.818198 0.729403 0.007451 0.007244
0 0.811492 0.725091 0.005216 0.007589
0 0.957724 0.700254 0.004098 0.006899
0 0.955861 0.695942 0.003353 0.007244
0 0.951204 0.696115 0.004471 0.006209
0 0.948968 0.697322 0.003726 0.008624
0 0.940586 0.683697 0.004098 0.004829
0 0.935929 0.684387 0.005216 0.007589
0 0.922889 0.677833 0.005216 0.006899
0 0.937978 0.670934 0.005588 0.006899
0 0.937978 0.663172 0.005588 0.008624
0 0.991068 0.664380 0.005216 0.006899
0 0.975979 0.654376 0.004843 0.006209
0 0.969646 0.651616 0.004098 0.004139
0 0.967038 0.651444 0.003353 0.004484
0 0.965920 0.656273 0.004843 0.003105
0 0.961077 0.653514 0.004098 0.003105
0 0.956792 0.652651 0.003726 0.004139
0 0.965734 0.635921 0.005961 0.005864
0 0.969646 0.632299 0.002608 0.004829
0 0.972626 0.632989 0.002608 0.005519
0 0.969832 0.617466 0.005216 0.006899
0 0.965548 0.619881 0.004843 0.004829
0 0.964430 0.625228 0.004098 0.005174
0 0.961449 0.625055 0.004098 0.006899
0 0.967410 0.607635 0.004098 0.006554
0 0.960704 0.604358 0.003353 0.005519
0 0.953812 0.599874 0.004471 0.006899
0 0.951390 0.591250 0.006334 0.006899
0 0.955696 0.633578 0.004416 0.007399
0 0.951280 0.636791 0.002734 0.005257
0 0.948861 0.645456 0.005047 0.005841
0 0.941606 0.643996 0.002734 0.003700
0 0.950649 0.631437 0.003155 0.006231
0 0.952331 0.628126 0.003155 0.004673
0 0.949808 0.625790 0.002313 0.003894
0 0.955801 0.623648 0.003365 0.003894
0 0.957799 0.624037 0.002313 0.005841
0 0.942447 0.640004 0.003155 0.004284
0 0.941921 0.636986 0.002944 0.003700
0 0.934981 0.623453 0.002524 0.003115
0 0.926254 0.620338 0.003155 0.003894
0 0.922679 0.629003 0.004416 0.004478
0 0.930039 0.642633 0.003575 0.005647
0 0.929619 0.658405 0.004416 0.004478
0 0.908904 0.673203 0.003365 0.004868
0 0.906275 0.671548 0.003155 0.003505
0 0.903121 0.666291 0.003155 0.004673
0 0.899020 0.668140 0.002944 0.004868
0 0.894814 0.672619 0.003785 0.004868
0 0.903121 0.657236 0.003575 0.004868
0 0.907642 0.652855 0.003365 0.004284
0 0.902279 0.648961 0.003996 0.005452
0 0.893552 0.644775 0.003365 0.004089
0 0.883247 0.645553 0.004627 0.004478
0 0.878200 0.626179 0.003365 0.004284
0 0.873678 0.614302 0.003575 0.005063
0 0.879356 0.610894 0.004837 0.006036
0 0.885560 0.604468 0.003785 0.005647
0 0.862427 0.615762 0.004206 0.006036
0 0.865371 0.627542 0.003785 0.005063
0 0.872101 0.634455 0.005047 0.005257
0 0.871049 0.653926 0.002524 0.003310
0 0.870208 0.656360 0.004206 0.004673
0 0.866318 0.659670 0.003575 0.002337
0 0.866633 0.662396 0.002944 0.003505
0 0.863373 0.661910 0.002313 0.003700
0 0.865266 0.652466 0.002734 0.004284
0 0.863373 0.651395 0.001893 0.004478
0 0.861481 0.655289 0.004416 0.002921
0 0.859272 0.655971 0.003785 0.003894
0 0.854225 0.654218 0.003785 0.003894
0 0.854961 0.660741 0.003575 0.004868
0 0.849493 0.661910 0.003575 0.004089
0 0.852437 0.673495 0.003996 0.006620
0 0.894183 0.625887 0.003365 0.004868
0 0.885350 0.629684 0.002944 0.003894
0 0.854330 0.618488 0.005258 0.004089
0 0.851386 0.625303 0.003996 0.003700
0 0.859272 0.629976 0.003365 0.003310
0 0.857380 0.630074 0.003785 0.003505
0 0.843184 0.631145 0.003155 0.005257
0 0.838452 0.630755 0.003365 0.003700
0 0.835718 0.631534 0.002944 0.004868
0 0.834246 0.633384 0.002944 0.006620
0 0.838978 0.652466 0.004416 0.005452
0 0.820156 0.653829 0.005888 0.004284
0 0.846759 0.657236 0.004416 0.003700
0 0.894858 0.597165 0.004206 0.005647
0 0.908318 0.624036 0.003365 0.002921
0 0.909685 0.628417 0.003575 0.003894
0 0.907266 0.630656 0.003365 0.006036
0 0.831027 0.671381 0.002734 0.004478
0 0.829134 0.668558 0.003575 0.004284
0 0.822405 0.670116 0.002734 0.003894
0 0.820091 0.666903 0.003575 0.003700
0 0.819040 0.672550 0.003575 0.005647
0 0.815570 0.669337 0.004627 0.003894
0 0.811364 0.665345 0.004206 0.004478
0 0.808209 0.657654 0.003785 0.004673
0 0.803793 0.672063 0.002524 0.003505
0 0.793067 0.669824 0.003365 0.005257
0 0.790123 0.669532 0.002524 0.003894
0 0.794750 0.681604 0.003785 0.007399
0 0.785076 0.685693 0.003785 0.004284
0 0.782237 0.696500 0.003575 0.004868
0 0.784550 0.693676 0.002734 0.004284
0 0.782973 0.692021 0.001682 0.003310
0 0.779608 0.671868 0.002103 0.005063
0 0.777505 0.671771 0.003785 0.006036
0 0.770460 0.669921 0.003155 0.005452
0 0.761732 0.656388 0.003785 0.006815
0 0.760575 0.650644 0.005678 0.005063
0 0.752899 0.663788 0.002524 0.006036
0 0.741753 0.656875 0.005468 0.005063
0 0.792226 0.620950 0.004206 0.005257
0 0.798430 0.618322 0.003996 0.005452
0 0.780134 0.613064 0.004416 0.006620
0 0.770775 0.612188 0.005888 0.006426
0 0.805049 0.558025 0.003059 0.005841
0 0.801035 0.562716 0.004971 0.006373
0 0.744922 0.583161 0.006309 0.004425
0 0.726473 0.566345 0.005353 0.004779
0 0.709935 0.562362 0.003633 0.006018
0 0.697221 0.557671 0.004588 0.006195
0 0.680493 0.540412 0.003633 0.004956
0 0.672855 0.527030 0.004580 0.004712
0 0.645118 0.502999 0.006616 0.007539
0 0.625270 0.501349 0.005598 0.006597
0 0.615219 0.504412 0.006362 0.007539
0 0.605676 0.496166 0.005089 0.006126
0 0.606821 0.490512 0.007380 0.005655
0 0.583156 0.494046 0.006871 0.006126
0 0.578957 0.494517 0.006107 0.004712
0 0.574886 0.495813 0.003563 0.007304
0 0.626797 0.536808 0.004580 0.004005
0 0.623743 0.538457 0.005089 0.003534
0 0.621453 0.540224 0.005089 0.005183
0 0.619163 0.533038 0.005089 0.005890
0 0.595370 0.532803 0.003817 0.006833
0 0.586464 0.540460 0.005853 0.004712
0 0.581120 0.546350 0.005344 0.003770
0 0.584937 0.551062 0.004326 0.003770
0 0.594480 0.549060 0.004071 0.002592
0 0.594352 0.551651 0.002799 0.003534
0 0.593207 0.555539 0.003563 0.004712
0 0.598424 0.556010 0.003308 0.003298
0 0.608094 0.554243 0.003308 0.004477
0 0.610384 0.542698 0.004326 0.003063
0 0.609239 0.539871 0.003563 0.003534
0 0.624379 0.569440 0.004326 0.007539
0 0.613819 0.587817 0.007125 0.006597
0 0.696708 0.688859 0.007082 0.003991
0 0.689472 0.708814 0.004926 0.003421
0 0.681005 0.663344 0.004003 0.005417
0 0.632818 0.641820 0.005542 0.006842
0 0.622965 0.636261 0.003695 0.004846
0 0.619732 0.638114 0.004003 0.006842
0 0.610033 0.626996 0.004311 0.005131
0 0.608647 0.632982 0.003387 0.006272
0 0.603413 0.630702 0.003387 0.005131
0 0.606184 0.624572 0.006466 0.005987
0 0.598486 0.620581 0.004003 0.004846
0 0.599256 0.627281 0.005542 0.008552
0 0.604490 0.612314 0.004926 0.005987
0 0.595561 0.590362 0.003695 0.007127
0 0.584015 0.588937 0.004003 0.004846
0 0.582937 0.593213 0.006158 0.004846
0 0.561692 0.687576 0.006158 0.005417
0 0.554456 0.687576 0.004003 0.004846
0 0.550453 0.677598 0.004003 0.005417
0 0.880527 0.865325 0.002155 0.005702
0 0.881143 0.860764 0.002155 0.004561
0 0.876216 0.856772 0.002155 0.002281
0 0.877294 0.859908 0.002463 0.003991
0 0.870366 0.868461 0.004619 0.005131
0 0.873599 0.871739 0.002463 0.003706
0 0.870982 0.875160 0.002155 0.004276
0 0.876216 0.877298 0.003387 0.005702
0 0.863900 0.883285 0.004619 0.007412
0 0.856664 0.883570 0.003079 0.005702
0 0.847427 0.879151 0.004311 0.007697
0 0.855433 0.898395 0.004926 0.006272
0 0.850660 0.894974 0.005234 0.009123
0 0.842039 0.890555 0.006466 0.005987
0 0.835111 0.900105 0.004926 0.005702
0 0.829261 0.896969 0.005542 0.005131
0 0.821717 0.893406 0.005234 0.007127
0 0.825720 0.876443 0.004003 0.005131
0 0.868365 0.838955 0.004311 0.005987
0 0.859128 0.832968 0.003695 0.004276
0 0.853585 0.837529 0.005542 0.004846
0 0.844348 0.843088 0.004926 0.004561
0 0.846042 0.847935 0.004003 0.005131
0 0.848043 0.826981 0.004926 0.004846
0 0.823565 0.813725 0.004003 0.006842
0 0.785538 0.830545 0.004311 0.007412
0 0.772760 0.830687 0.005234 0.005987
0 0.765986 0.823560 0.004003 0.004846
0 0.761676 0.815008 0.003387 0.007127
0 0.765525 0.806313 0.004926 0.004561
0 0.769219 0.799898 0.005542 0.003136
0 0.754286 0.816433 0.005234 0.004846
0 0.749821 0.788353 0.003695 0.005702
0 0.750591 0.778375 0.005234 0.005702
0 0.727652 0.811872 0.003695 0.005987
0 0.728895 0.768315 0.004071 0.006126
0 0.727241 0.758891 0.003817 0.006597
0 0.713118 0.758184 0.003563 0.005183
0 0.704721 0.743223 0.005089 0.007304
0 0.681183 0.716599 0.003817 0.006361
0 0.653191 0.732032 0.006362 0.008011
0 0.630416 0.722961 0.003054 0.004477
0 0.626727 0.717777 0.003817 0.005890
0 0.635760 0.765134 0.004071 0.004948
0 0.668968 0.782805 0.005344 0.004477
0 0.674058 0.786574 0.004326 0.006833
0 0.681692 0.788813 0.003817 0.004712
0 0.685509 0.798708 0.006362 0.002827
0 0.689962 0.803185 0.006616 0.004241
0 0.696323 0.808957 0.004580 0.006361
0 0.705102 0.812844 0.005344 0.005183
0 0.649212 0.847959 0.004926 0.005702
0 0.633509 0.849954 0.005542 0.003991
0 0.639667 0.860217 0.004311 0.003421
0 0.643515 0.866061 0.004003 0.004276
0 0.650905 0.862640 0.004003 0.005417
0 0.606413 0.900129 0.005542 0.004561
0 0.592403 0.887870 0.004619 0.005131
0 0.591172 0.880886 0.004619 0.004276
0 0.582396 0.882311 0.004311 0.004846
0 0.569772 0.896565 0.007390 0.004276
0 0.601179 0.845250 0.004926 0.005417
0 0.558072 0.850667 0.004926 0.005987
0 0.564076 0.847959 0.004619 0.005131
0 0.565308 0.853660 0.004619 0.005702
0 0.576700 0.829713 0.004003 0.006272
0 0.564076 0.829286 0.007082 0.004276
0 0.574237 0.812751 0.007082 0.007127
0 0.573929 0.792938 0.005234 0.007412
0 0.565000 0.803628 0.006466 0.005417
0 0.553145 0.804768 0.004311 0.004846
0 0.541445 0.802773 0.002463 0.004276
0 0.543908 0.799494 0.003079 0.003991
0 0.546064 0.794220 0.003695 0.003706
0 0.550990 0.793793 0.005542 0.005702
0 0.565000 0.788804 0.004003 0.006557
0 0.560997 0.776973 0.006466 0.007412
0 0.540829 0.770131 0.004311 0.004561
0 0.541907 0.742193 0.005850 0.008552
0 0.477247 0.751600 0.003387 0.005131
0 0.528513 0.801490 0.004311 0.006842
0 0.541137 0.837553 0.004311 0.005987
0 0.546987 0.843112 0.004311 0.006272
0 0.520815 0.844395 0.004311 0.005417
0 0.508191 0.818167 0.004926 0.005987
0 0.508807 0.806907 0.004926 0.006272
0 0.513734 0.805481 0.004311 0.006272
0 0.517582 0.807334 0.003387 0.007127
0 0.497415 0.806051 0.005542 0.005702
0 0.486484 0.810755 0.004003 0.005417
0 0.496645 0.851380 0.005234 0.006272
0 0.480942 0.851665 0.004003 0.005702
0 0.475399 0.858079 0.005850 0.008267
0 0.544855 0.690825 0.003996 0.005452
0 0.538230 0.688488 0.003785 0.005452
0 0.532026 0.689657 0.003155 0.003115
0 0.529923 0.688586 0.002313 0.004089
0 0.518987 0.683815 0.003996 0.003894
0 0.514045 0.687612 0.003785 0.004478
0 0.509313 0.685957 0.004416 0.004284
0 0.505738 0.684789 0.001893 0.003894
0 0.504687 0.682063 0.003155 0.003505
0 0.514886 0.676319 0.002944 0.003310
0 0.513099 0.671353 0.002734 0.003505
0 0.518777 0.674956 0.002734 0.003700
0 0.516989 0.670672 0.002944 0.001752
0 0.518672 0.672522 0.004627 0.001558
0 0.499955 0.652953 0.005468 0.004478
0 0.486706 0.652271 0.004206 0.003505
0 0.499009 0.663760 0.006099 0.004284
0 0.494487 0.668335 0.004206 0.004089
0 0.497747 0.676903 0.002734 0.004478
0 0.494487 0.676903 0.002944 0.003310
0 0.501112 0.688586 0.003575 0.004089
0 0.497536 0.686152 0.003155 0.003505
0 0.495433 0.689365 0.002313 0.003700
0 0.492805 0.690338 0.003785 0.004478
0 0.490281 0.685762 0.004206 0.003894
0 0.485759 0.685665 0.002734 0.004478
0 0.487862 0.694817 0.002734 0.003310
0 0.493961 0.699392 0.002734 0.003505
0 0.485339 0.697445 0.003996 0.003894
0 0.488178 0.710199 0.003365 0.004089
0 0.475770 0.704747 0.004206 0.004478
0 0.472195 0.706305 0.004206 0.004478
0 0.480607 0.715846 0.003365 0.004478
0 0.471879 0.717112 0.003155 0.006231
0 0.467568 0.710783 0.004206 0.005257
0 0.486285 0.671548 0.003365 0.004673
0 0.490386 0.667654 0.001893 0.004284
0 0.484813 0.668725 0.003365 0.004478
0 0.484918 0.662104 0.004416 0.006426
0 0.477978 0.660547 0.003996 0.007204
0 0.472510 0.654413 0.004416 0.005063
0 0.479345 0.649740 0.004627 0.003894
0 0.475349 0.644385 0.003785 0.004868
0 0.465886 0.638641 0.004627 0.004673
0 0.466517 0.650616 0.003785 0.005257
0 0.477452 0.669406 0.003785 0.003894
0 0.477978 0.675832 0.004837 0.004284
0 0.472405 0.685665 0.006309 0.005257
0 0.468304 0.684205 0.004416 0.003894
0 0.456738 0.688683 0.004416 0.007399
0 0.454214 0.680894 0.003155 0.004284
0 0.458630 0.681479 0.002734 0.003894
0 0.457894 0.676319 0.004206 0.004478
0 0.462626 0.671061 0.003575 0.006426
0 0.462626 0.738920 0.005258 0.004673
0 0.431922 0.725387 0.003155 0.005647
0 0.509392 0.595293 0.003817 0.004005
0 0.413076 0.636642 0.004071 0.003770
0 0.394754 0.672689 0.004071 0.004712
0 0.383685 0.665621 0.005853 0.003770
0 0.420964 0.679993 0.003563 0.003298
0 0.437377 0.671983 0.003817 0.004712
0 0.372616 0.682349 0.006616 0.004241
0 0.363073 0.680582 0.004835 0.004948
0 0.357475 0.685648 0.004326 0.005183
0 0.343352 0.683527 0.004071 0.006126
0 0.330883 0.660909 0.004071 0.005655
0 0.351749 0.643003 0.004580 0.004241
0 0.386357 0.716512 0.005089 0.006126
0 0.430252 0.675752 0.004326 0.005183
0 0.431525 0.679640 0.003817 0.004477
0 0.327193 0.688828 0.007380 0.004477
0 0.320195 0.671865 0.005598 0.004477
0 0.425417 0.746787 0.004835 0.005419
0 0.431525 0.749968 0.003817 0.005183
0 0.431016 0.745492 0.002799 0.005183
0 0.436487 0.749026 0.003563 0.004712
0 0.462442 0.763515 0.003563 0.004005
0 0.469059 0.768110 0.003563 0.006126
0 0.466387 0.770348 0.003308 0.005890
0 0.440685 0.789196 0.002799 0.004005
0 0.417275 0.785191 0.003817 0.005419
0 0.405187 0.773411 0.006107 0.005890
0 0.377196 0.770819 0.005598 0.005419
0 0.450482 0.760688 0.003563 0.004948
0 0.449083 0.756212 0.004835 0.004477
0 0.474530 0.798032 0.002799 0.003770
0 0.473384 0.795558 0.005089 0.002592
0 0.477583 0.820885 0.003308 0.004712
0 0.473512 0.822063 0.002799 0.003770
0 0.471603 0.823713 0.003563 0.005183
0 0.462951 0.831959 0.005598 0.005183
0 0.459516 0.834315 0.003308 0.006126
0 0.456844 0.834551 0.003563 0.005655
0 0.449083 0.836553 0.004326 0.006361
0 0.443357 0.836671 0.003563 0.004712
0 0.437250 0.834433 0.005089 0.004477
0 0.435469 0.829603 0.005089 0.004241
0 0.428089 0.840676 0.005089 0.004241
0 0.423509 0.838438 0.004580 0.003534
0 0.419438 0.832901 0.004071 0.004712
0 0.413330 0.836671 0.004580 0.005183
0 0.415366 0.847627 0.004071 0.006361
0 0.544508 0.886855 0.003817 0.005183
0 0.514354 0.887797 0.004580 0.004712
0 0.508119 0.886266 0.005344 0.004477
0 0.502012 0.880611 0.005853 0.004948
0 0.502139 0.892863 0.005598 0.005419
0 0.494378 0.895690 0.006362 0.005419
0 0.488907 0.880847 0.004071 0.004948
0 0.478601 0.891332 0.003817 0.005183
0 0.476184 0.896515 0.003563 0.004712
0 0.468168 0.894630 0.004326 0.005183
0 0.468550 0.890154 0.004580 0.005183
0 0.467913 0.912418 0.003308 0.008246
0 0.456717 0.909002 0.004326 0.005183
0 0.449465 0.901345 0.006107 0.005890
0 0.454045 0.926201 0.007125 0.007539
0 0.444121 0.922549 0.003563 0.004005
0 0.440558 0.925141 0.003054 0.004005
0 0.434960 0.916777 0.004071 0.003770
0 0.433942 0.921489 0.004071 0.004712
0 0.427708 0.913950 0.004326 0.002827
0 0.432034 0.900402 0.004835 0.004477
0 0.427453 0.907117 0.004835 0.003770
0 0.419692 0.906057 0.005598 0.004948
0 0.419056 0.910887 0.004326 0.003770
0 0.423000 0.920429 0.003563 0.006361
0 0.425926 0.918544 0.004835 0.004948
0 0.430252 0.925966 0.002799 0.003770
0 0.415621 0.919722 0.005598 0.004005
0 0.410786 0.923963 0.003563 0.004948
0 0.415366 0.930678 0.003054 0.004712
0 0.404933 0.920311 0.003563 0.004712
0 0.400480 0.924905 0.003817 0.004477
0 0.391573 0.923727 0.004835 0.004948
0 0.423382 0.901345 0.005853 0.004477
0 0.423255 0.897929 0.004580 0.003298
0 0.421219 0.892627 0.004580 0.004948
0 0.421219 0.887326 0.004580 0.005655
0 0.422873 0.881554 0.003308 0.005890
0 0.437250 0.870480 0.004580 0.006361
0 0.431143 0.865886 0.003563 0.006126
0 0.420583 0.868713 0.004835 0.006126
0 0.416257 0.870952 0.005344 0.005890
0 0.412312 0.884146 0.004071 0.005419
0 0.405442 0.882025 0.004071 0.005419
0 0.411676 0.878962 0.004835 0.004948
0 0.411549 0.875899 0.005598 0.004477
0 0.408495 0.871894 0.003563 0.004477
0 0.406841 0.872601 0.002799 0.005419
0 0.404551 0.870598 0.003817 0.005183
0 0.404806 0.863883 0.004835 0.006833
0 0.400225 0.860349 0.003308 0.005890
0 0.399462 0.857522 0.002799 0.005419
0 0.400098 0.853517 0.004071 0.003063
0 0.399462 0.850454 0.002799 0.004005
0 0.403152 0.845035 0.006616 0.007304
0 0.404835 0.837031 0.003633 0.004425
0 0.398622 0.834288 0.002294 0.004248
0 0.401203 0.828712 0.002485 0.003717
0 0.400343 0.837562 0.003824 0.003009
0 0.396614 0.842342 0.003250 0.005133
0 0.392026 0.846856 0.003250 0.004956
0 0.386099 0.833668 0.005544 0.004779
0 0.376158 0.841191 0.003633 0.004956
0 0.372238 0.840041 0.002677 0.004071
0 0.371952 0.843227 0.004015 0.004071
0 0.366121 0.847387 0.004971 0.005310
0 0.360481 0.848626 0.003633 0.004248
0 0.398431 0.876860 0.004588 0.002655
0 0.391835 0.876594 0.004780 0.003894
0 0.402254 0.888454 0.004971 0.004956
0 0.396901 0.893853 0.003059 0.004779
0 0.390497 0.894561 0.004397 0.005133
0 0.391166 0.886595 0.004588 0.004779
0 0.377783 0.879957 0.004206 0.004956
0 0.364304 0.873939 0.004397 0.004248
0 0.361628 0.879515 0.002868 0.005841
0 0.358855 0.878807 0.002677 0.005487
0 0.359333 0.893853 0.004397 0.004779
0 0.382799 0.903532 0.004627 0.003700
0 0.387005 0.908887 0.003365 0.005841
0 0.399202 0.907621 0.005047 0.004868
0 0.382799 0.920764 0.004627 0.002337
0 0.383324 0.918330 0.005258 0.002921
0 0.378698 0.920667 0.003155 0.004478
0 0.379118 0.929235 0.003996 0.005647
0 0.365344 0.923198 0.005468 0.004089
0 0.364608 0.931376 0.004837 0.005257
0 0.354618 0.921056 0.004627 0.004868
0 0.347678 0.920862 0.002944 0.003700
0 0.345154 0.924951 0.003365 0.004868
0 0.341790 0.920472 0.004206 0.004868
0 0.340528 0.917065 0.004206 0.003505
0 0.348414 0.910931 0.003996 0.004868
0 0.345680 0.892531 0.004416 0.005841
0 0.342526 0.887468 0.002734 0.005063
0 0.319392 0.915118 0.004416 0.004673
0 0.309298 0.930598 0.003996 0.006815
0 0.346732 0.939068 0.003575 0.004673
0 0.320234 0.954840 0.002313 0.007010
0 0.318131 0.952406 0.002313 0.004089
0 0.321075 0.945591 0.002734 0.005257
0 0.319708 0.944909 0.002103 0.005063
0 0.318236 0.945980 0.003365 0.006036
0 0.315502 0.946856 0.002524 0.005452
0 0.312452 0.953087 0.003996 0.003505
0 0.312347 0.958734 0.003785 0.005063
0 0.301096 0.942378 0.004416 0.003505
0 0.297521 0.945493 0.003575 0.003894
0 0.295523 0.948803 0.004206 0.005063
0 0.290370 0.941015 0.003575 0.005452
0 0.279512 0.949252 0.002442 0.004522
0 0.278147 0.950250 0.002298 0.003059
0 0.278793 0.957232 0.002442 0.004522
0 0.276782 0.956767 0.002155 0.004389
0 0.273766 0.954506 0.003016 0.004389
0 0.272832 0.945529 0.003447 0.006650
0 0.266512 0.943135 0.003735 0.005852
0 0.261557 0.942204 0.003016 0.004522
0 0.264501 0.952112 0.002298 0.004123
0 0.260767 0.950183 0.002586 0.003990
0 0.258756 0.951513 0.002586 0.005320
0 0.255596 0.944332 0.002586 0.004522
0 0.256386 0.955038 0.002442 0.005453
0 0.251358 0.955437 0.003304 0.003857
0 0.246187 0.954107 0.003016 0.002793
0 0.246762 0.951048 0.002442 0.003325
0 0.238574 0.950250 0.003591 0.004921
0 0.234624 0.957365 0.001724 0.003458
0 0.233331 0.958429 0.002011 0.004522
0 0.229166 0.958828 0.002873 0.004522
0 0.225072 0.960424 0.003016 0.003990
0 0.229740 0.955703 0.001724 0.003857
0 0.231608 0.955437 0.002011 0.004389
0 0.229238 0.952378 0.003304 0.005187
0 0.234193 0.947923 0.003160 0.003990
0 0.232254 0.949186 0.002155 0.004389
0 0.233978 0.952843 0.002729 0.003990
0 0.220404 0.943334 0.002298 0.004389
0 0.224785 0.951380 0.003304 0.003724
0 0.211929 0.937616 0.002298 0.004655
0 0.208482 0.931298 0.002586 0.003458
0 0.213868 0.954040 0.004166 0.001862
0 0.210924 0.948721 0.002586 0.002926
0 0.211354 0.952178 0.002586 0.003724
0 0.211354 0.953309 0.003160 0.003591
0 0.208410 0.952577 0.002442 0.004256
0 0.207333 0.953974 0.002011 0.004389
0 0.205322 0.952112 0.002011 0.003059
0 0.204963 0.954040 0.002729 0.002660
0 0.205178 0.956567 0.003160 0.003192
0 0.196344 0.951114 0.003591 0.004522
0 0.193759 0.963815 0.003878 0.003857
0 0.188013 0.952112 0.002442 0.003325
0 0.184422 0.957764 0.001867 0.003724
0 0.182842 0.957166 0.002729 0.003059
0 0.180616 0.957698 0.003735 0.003857
0 0.173498 0.968180 0.002873 0.003990
0 0.172133 0.962395 0.002442 0.004921
0 0.168614 0.963060 0.002011 0.003591
0 0.167824 0.958605 0.002155 0.003458
0 0.165957 0.957208 0.003016 0.003591
0 0.164664 0.968911 0.003304 0.004389
0 0.162079 0.962661 0.002155 0.003059
0 0.160642 0.962993 0.002442 0.003724
0 0.160929 0.957807 0.001867 0.003990
0 0.159637 0.957341 0.001867 0.005453
0 0.146063 0.967981 0.003735 0.003857
0 0.141610 0.969443 0.002873 0.005719
0 0.137229 0.969643 0.003016 0.004256
0 0.134428 0.970640 0.002298 0.004655
0 0.132991 0.964390 0.002873 0.005719
0 0.130478 0.961264 0.003304 0.005586
0 0.138450 0.953817 0.002298 0.002926
0 0.136798 0.958073 0.002155 0.003192
0 0.137732 0.960400 0.001724 0.004655
0 0.136223 0.962594 0.001867 0.004522
0 0.127677 0.970507 0.003735 0.004389
0 0.123870 0.972303 0.002729 0.003990
0 0.123296 0.968911 0.003304 0.004921
0 0.119705 0.969643 0.004166 0.004256
0 0.113456 0.972901 0.002586 0.004655
0 0.111733 0.972103 0.002298 0.004921
0 0.109865 0.971571 0.001724 0.004123
0 0.102252 0.974032 0.002586 0.004522
0 0.098805 0.971638 0.002298 0.004256
0 0.097728 0.970175 0.002155 0.003990
0 0.096220 0.974231 0.003160 0.004921
0 0.093203 0.977889 0.002586 0.005320
0 0.090043 0.978221 0.002586 0.003857
0 0.089109 0.973699 0.001867 0.003857
0 0.092198 0.969842 0.003447 0.003857
0 0.088607 0.956876 0.002586 0.004788
0 0.073094 0.979019 0.002298 0.004655
0 0.070077 0.976359 0.002298 0.003591
0 0.068138 0.979684 0.002729 0.005187
0 0.067635 0.975561 0.002298 0.005453
0 0.066271 0.975561 0.002442 0.004655
0 0.066343 0.979085 0.002298 0.006118
0 0.145129 0.958804 0.003016 0.003059
0 0.142903 0.958937 0.002011 0.003591
0 0.141107 0.957208 0.002155 0.005187
0 0.152258 0.911001 0.003633 0.004779
0 0.137632 0.912594 0.003824 0.003717
0 0.137154 0.917196 0.004780 0.005133
0 0.138206 0.905513 0.004588 0.005841
0 0.139066 0.896397 0.003250 0.007435
0 0.137537 0.889139 0.002103 0.003894
0 0.135720 0.888166 0.001912 0.004779
0 0.136294 0.854179 0.003441 0.005487
0 0.118410 0.850454 0.003476 0.004667
0 0.135616 0.833606 0.003470 0.005355
0 0.122893 0.818934 0.005783 0.007711
0 0.095133 0.821718 0.004395 0.005997
0 0.091085 0.819255 0.003701 0.005783
0 0.105080 0.803834 0.003007 0.007068
0 0.099644 0.803513 0.004164 0.006854
0 0.082872 0.788091 0.003933 0.005569
0 0.079402 0.788841 0.003933 0.007068
0 0.069108 0.782415 0.003701 0.005783
0 0.048635 0.771385 0.005783 0.007282
0 0.181883 0.808867 0.003470 0.004712
0 0.167309 0.800407 0.004395 0.005355
0 0.149265 0.786485 0.004395 0.005355
0 0.144754 0.782736 0.004627 0.006854
0 0.134691 0.779417 0.006246 0.006211
0 0.119886 0.771813 0.004395 0.005997
0 0.200043 0.821290 0.002313 0.005569
0 0.196573 0.817542 0.003701 0.005355
0 0.207908 0.806618 0.004164 0.005355
0 0.177603 0.842816 0.005089 0.005783
0 0.094555 0.758426 0.004164 0.004498
0 0.084145 0.749002 0.004627 0.006640
0 0.077783 0.741291 0.007634 0.007497
0 0.079402 0.670717 0.004395 0.005569
0 0.079518 0.713447 0.004164 0.004498
0 0.079981 0.726405 0.002776 0.006854
0 0.077783 0.721158 0.004395 0.004926
0 0.073850 0.725656 0.002545 0.005783
0 0.070149 0.726941 0.005783 0.009210
0 0.056385 0.731439 0.006477 0.006211
0 0.052568 0.736258 0.008559 0.006854
0 0.044240 0.733688 0.005783 0.008996
0 0.161757 0.667397 0.005321 0.005355
0 0.226299 0.702523 0.004395 0.003641
0 0.222598 0.700382 0.005321 0.003213
0 0.221557 0.695455 0.004627 0.004926
0 0.216814 0.698347 0.005321 0.003855
0 0.211147 0.701988 0.003701 0.005140
0 0.208139 0.706379 0.003701 0.003641
0 0.202125 0.706057 0.003701 0.004284
0 0.202587 0.703059 0.004627 0.005140
0 0.199927 0.699203 0.002082 0.004712
0 0.250474 0.710341 0.003239 0.006854
0 0.234743 0.698240 0.004164 0.006211
0 0.239716 0.690208 0.002545 0.004712
0 0.255794 0.698025 0.003701 0.005355
0 0.261346 0.698133 0.003239 0.005569
0 0.254985 0.687316 0.003470 0.006211
0 0.264701 0.688494 0.003007 0.005997
0 0.278234 0.697490 0.004164 0.007282
0 0.281588 0.695241 0.003007 0.008782
0 0.280431 0.682390 0.004395 0.004926
0 0.254175 0.663863 0.003701 0.004712
0 0.312623 0.671695 0.003002 0.004681
0 0.319496 0.689323 0.002212 0.003950
0 0.317916 0.686763 0.002528 0.004096
0 0.309068 0.686251 0.003792 0.004535
0 0.303142 0.693127 0.002370 0.005120
0 0.300377 0.691371 0.003476 0.004242
0 0.292872 0.683398 0.002370 0.005267
0 0.287579 0.683545 0.001896 0.004974
0 0.285683 0.685300 0.002212 0.004974
0 0.282997 0.680107 0.003160 0.005120
0 0.304091 0.683106 0.003002 0.005852
0 0.302431 0.681935 0.002212 0.006437
0 0.354694 0.851738 0.003054 0.003770
0 0.351513 0.850678 0.003817 0.005419
0 0.346042 0.840429 0.004580 0.004712
0 0.344133 0.850324 0.004326 0.004241
0 0.344388 0.853505 0.002290 0.004005
0 0.334209 0.855036 0.005344 0.007068
0 0.329374 0.851149 0.004326 0.005419
0 0.329756 0.833361 0.004580 0.005655
0 0.306599 0.819931 0.004071 0.004241
0 0.320086 0.850324 0.005598 0.006126
0 0.318687 0.844788 0.005344 0.004005
0 0.307490 0.843845 0.004835 0.004005
0 0.303673 0.849500 0.003817 0.006833
0 0.295061 0.838202 0.004759 0.006997
0 0.287223 0.816043 0.004759 0.005183
0 0.280925 0.784425 0.006158 0.007775
0 0.277146 0.812803 0.005878 0.003369
0 0.276306 0.815784 0.005318 0.004665
0 0.286943 0.833925 0.006438 0.004665
0 0.283164 0.835739 0.003919 0.004147
0 0.280645 0.836387 0.002799 0.006479
0 0.277006 0.832629 0.002799 0.006220
0 0.275047 0.832500 0.002239 0.008034
0 0.276726 0.830686 0.003359 0.009589
0 0.264410 0.823947 0.003919 0.004406
0 0.271128 0.829131 0.003359 0.005961
0 0.264830 0.828872 0.004759 0.004924
0 0.256712 0.829519 0.004199 0.006738
0 0.273227 0.838590 0.002519 0.005183
0 0.270568 0.843514 0.004479 0.005183
0 0.273647 0.849216 0.003919 0.005183
0 0.251674 0.834962 0.001959 0.006220
0 0.245796 0.828742 0.001959 0.006738
0 0.243137 0.830167 0.002239 0.007516
0 0.245096 0.817339 0.003919 0.005702
0 0.245656 0.812803 0.006158 0.007516
0 0.254333 0.813840 0.005038 0.006479
0 0.230541 0.810989 0.005038 0.003887
0 0.232220 0.816302 0.005038 0.006220
0 0.236979 0.827835 0.002799 0.008552
0 0.239498 0.844422 0.004479 0.007516
0 0.237678 0.844292 0.004759 0.006738
0 0.218644 0.822522 0.004199 0.008812
0 0.211087 0.827446 0.004759 0.007775
