0 0.597549 0.493360 0.004066 0.004704
0 0.595515 0.498534 0.004744 0.006272
0 0.591788 0.494614 0.004744 0.003450
0 0.591788 0.498691 0.002711 0.003450
0 0.587722 0.498377 0.004066 0.004704
0 0.587213 0.509824 0.005083 0.003763
0 0.584841 0.506217 0.005083 0.004077
0 0.578742 0.501200 0.002372 0.003450
0 0.581791 0.497907 0.003728 0.004390
0 0.582469 0.501513 0.004405 0.002822
0 0.579758 0.503395 0.003050 0.004077
0 0.569762 0.498377 0.004744 0.005331
0 0.562984 0.493203 0.004744 0.004390
0 0.560443 0.492576 0.003050 0.005017
0 0.559426 0.493517 0.005761 0.006272
0 0.552818 0.490224 0.002033 0.004077
0 0.551124 0.488656 0.002711 0.003450
0 0.552649 0.493360 0.003050 0.005958
0 0.551124 0.494458 0.002033 0.005017
0 0.548582 0.491322 0.004405 0.004390
0 0.546549 0.492419 0.003050 0.004704
0 0.539094 0.494458 0.005083 0.006272
0 0.544008 0.561252 0.004066 0.004390
0 0.515204 0.528325 0.004066 0.006272
0 0.532147 0.495869 0.004744 0.006585
0 0.530114 0.496026 0.004066 0.006899
0 0.527403 0.495398 0.002711 0.005645
0 0.526048 0.496496 0.002033 0.007213
0 0.524862 0.494614 0.003050 0.007213
0 0.523676 0.491792 0.003389 0.005958
0 0.522490 0.488656 0.003050 0.006585
0 0.521304 0.492262 0.003389 0.005017
0 0.518254 0.490851 0.002711 0.005958
0 0.516221 0.483482 0.005422 0.004390
0 0.513130 0.488039 0.002487 0.004071
0 0.511791 0.485650 0.002104 0.003186
0 0.509974 0.483437 0.001913 0.004779
0 0.510070 0.488924 0.002487 0.005487
0 0.506914 0.485650 0.001913 0.003540
0 0.504809 0.487508 0.003826 0.003717
0 0.499071 0.485561 0.002295 0.003717
0 0.494863 0.482817 0.003826 0.002832
0 0.495437 0.485384 0.002678 0.003717
0 0.495532 0.490429 0.002487 0.004602
0 0.494193 0.491137 0.002487 0.003540
0 0.493141 0.492022 0.001913 0.004248
0 0.492089 0.491491 0.002487 0.005664
0 0.490942 0.487508 0.003252 0.003363
0 0.485873 0.487243 0.003060 0.003894
0 0.483960 0.484145 0.003826 0.005133
0 0.477169 0.485030 0.002487 0.004071
0 0.472292 0.485119 0.002678 0.003894
0 0.471048 0.481401 0.003634 0.003540
0 0.468657 0.486446 0.003826 0.004071
0 0.459730 0.483448 0.002434 0.004667
0 0.459904 0.486666 0.002434 0.003701
0 0.458165 0.486908 0.002782 0.003218
0 0.456426 0.487632 0.002087 0.004023
0 0.448427 0.482965 0.002782 0.004345
0 0.442254 0.482643 0.002608 0.003701
0 0.440602 0.484172 0.002087 0.004184
0 0.439471 0.483045 0.001913 0.004506
0 0.436950 0.483448 0.002434 0.004345
0 0.432603 0.484574 0.005565 0.004023
0 0.464572 0.484088 0.003023 0.002298
0 0.463115 0.486286 0.002267 0.003098
0 0.453829 0.514854 0.004481 0.005442
