0 0.412496 0.792883 0.001875 0.003228
0 0.411871 0.796248 0.001875 0.003777
0 0.406996 0.789448 0.001875 0.003777
0 0.436808 0.796317 0.001875 0.003777
0 0.438746 0.795973 0.001875 0.003777
0 0.449058 0.791578 0.001875 0.003777
0 0.445527 0.797347 0.002437 0.003777
0 0.453902 0.798171 0.002437 0.003777
0 0.442933 0.791372 0.003000 0.001992
0 0.429933 0.795286 0.003000 0.002541
0 0.430433 0.798102 0.003000 0.002541
0 0.393933 0.788968 0.003000 0.002541
0 0.388246 0.796111 0.003000 0.002541
0 0.399621 0.790135 0.003375 0.002541
0 0.368933 0.806962 0.003375 0.002541
0 0.395308 0.811907 0.003375 0.002541
0 0.365183 0.809606 0.002125 0.003709
0 0.362433 0.804387 0.002125 0.003709
0 0.437062 0.822149 0.002125 0.003709
0 0.455437 0.838839 0.002125 0.003709
0 0.453312 0.839319 0.002125 0.004396
0 0.456937 0.833619 0.002125 0.003571
0 0.459062 0.833825 0.002125 0.003571
0 0.480408 0.795657 0.002125 0.003571
0 0.479845 0.799984 0.002125 0.003571
0 0.489564 0.798404 0.002562 0.003571
0 0.495314 0.793322 0.002562 0.003571
0 0.498752 0.785561 0.002562 0.003571
0 0.496564 0.784256 0.002562 0.003571
0 0.481002 0.769352 0.002562 0.003571
0 0.480064 0.773336 0.002562 0.003571
0 0.507314 0.798336 0.002562 0.003571
0 0.511939 0.798473 0.002562 0.003571
0 0.489064 0.784668 0.002562 0.003571
0 0.549331 0.775091 0.002562 0.003571
0 0.555581 0.777770 0.002562 0.003571
0 0.559738 0.788209 0.003375 0.002473
0 0.746406 0.730157 0.007958 0.005830
0 0.738595 0.759875 0.003832 0.007288
0 0.671541 0.745947 0.003832 0.007288
0 0.669478 0.776069 0.003832 0.007288
0 0.690699 0.840362 0.003832 0.007288
0 0.691731 0.830483 0.003832 0.007288
0 0.702194 0.832346 0.005600 0.003887
0 0.680531 0.840119 0.005600 0.003887
0 0.709121 0.831860 0.005600 0.003887
0 0.684657 0.845949 0.005600 0.003887
0 0.686720 0.852103 0.005600 0.003887
0 0.672131 0.838986 0.005600 0.003887
0 0.666530 0.838014 0.005600 0.003887
0 0.694826 0.864411 0.005600 0.003887
0 0.806647 0.799436 0.005600 0.003887
0 0.807973 0.830530 0.005600 0.003887
0 0.796580 0.778927 0.004207 0.002920
0 0.803555 0.793650 0.004207 0.002920
0 0.794033 0.762866 0.004207 0.002920
0 0.753035 0.819497 0.003161 0.002194
0 0.753047 0.947699 0.007454 0.005173
0 0.749263 0.947036 0.005091 0.003533
0 0.728363 0.961759 0.005091 0.003533
0 0.837954 0.916855 0.005091 0.003533
0 0.892114 0.911679 0.004628 0.003212
0 0.948230 0.914025 0.004628 0.003212
0 0.947012 0.917504 0.004628 0.003212
0 0.975147 0.957924 0.004628 0.003212
0 0.952980 0.967561 0.004628 0.003212
0 0.874300 0.977465 0.004628 0.003212
0 0.854529 0.835271 0.003477 0.002413
0 0.844372 0.846031 0.003477 0.002413
0 0.849588 0.866142 0.003477 0.002413
0 0.859132 0.793326 0.003477 0.002413
0 0.687096 0.829192 0.002375 0.001648
0 0.681033 0.827750 0.002375 0.001648
0 0.535034 0.853783 0.005091 0.003533
