0 0.745117 0.901941 0.004216 0.002281
0 0.746241 0.910351 0.002529 0.003706
0 0.743712 0.916053 0.002529 0.003136
0 0.836035 0.933728 0.004497 0.003136
0 0.717997 0.897095 0.002248 0.003991
0 0.788679 0.835944 0.002529 0.004276
0 0.762401 0.874003 0.002810 0.003421
0 0.662356 0.799635 0.001920 0.004089
0 0.662931 0.797201 0.003071 0.003115
0 0.623264 0.836295 0.003401 0.004077
0 0.602551 0.848525 0.002782 0.004704
0 0.554411 0.765785 0.001904 0.003701
0 0.536801 0.775441 0.002538 0.003379
0 0.553935 0.762084 0.002538 0.004345
0 0.552190 0.761119 0.002538 0.003701
0 0.507773 0.831640 0.002248 0.004846
0 0.167320 0.807959 0.002323 0.003534
0 0.161165 0.801480 0.002555 0.003298
0 0.158958 0.797003 0.002323 0.003770
0 0.080801 0.804543 0.003484 0.002827
0 0.033186 0.799595 0.002555 0.004712
0 0.024476 0.803129 0.004645 0.003298
0 0.019250 0.802305 0.002555 0.004477
0 0.012052 0.797445 0.004088 0.004406
