0 0.218804 0.301664 0.002929 0.003316
0 0.218455 0.303959 0.002789 0.002551
0 0.228042 0.298507 0.002998 0.002870
0 0.231947 0.294713 0.003138 0.002933
0 0.235747 0.293501 0.003068 0.002678
0 0.235120 0.295861 0.002929 0.002933
0 0.227101 0.300962 0.003207 0.002296
0 0.245613 0.306478 0.002998 0.002997
0 0.255898 0.308615 0.002929 0.003571
0 0.260500 0.311612 0.003068 0.003699
0 0.262208 0.316012 0.002301 0.003189
0 0.273260 0.318531 0.002929 0.002870
0 0.279361 0.304087 0.002162 0.003189
0 0.281732 0.306415 0.002162 0.003252
0 0.283056 0.306255 0.003138 0.003444
0 0.278943 0.295287 0.002440 0.003316
0 0.280895 0.294426 0.002859 0.002997
0 0.287379 0.282022 0.002859 0.003571
0 0.289576 0.277431 0.002231 0.003061
0 0.286752 0.275263 0.002580 0.003061
0 0.287066 0.277877 0.002231 0.003061
0 0.554897 0.368948 0.002219 0.003594
0 0.576955 0.381905 0.001965 0.003073
0 0.574927 0.380166 0.001965 0.002493
0 0.574293 0.382166 0.002092 0.002551
0 0.572170 0.381065 0.002028 0.002783
0 0.572645 0.383500 0.002092 0.002899
0 0.574261 0.390080 0.002409 0.002609
0 0.575434 0.390514 0.002852 0.003247
0 0.575529 0.393935 0.002409 0.002667
0 0.566940 0.377325 0.001838 0.002493
0 0.563169 0.377586 0.002662 0.003131
0 0.564183 0.377731 0.002282 0.002725
0 0.847093 0.579751 0.002043 0.002923
0 0.848822 0.577068 0.002567 0.002923
0 0.820993 0.603121 0.002784 0.003472
0 0.827574 0.617820 0.002784 0.003704
0 0.848792 0.561221 0.002194 0.002855
0 0.850944 0.559601 0.002784 0.003009
0 0.851830 0.540966 0.002531 0.002778
0 0.851703 0.537069 0.001940 0.003472
0 0.854065 0.536761 0.002447 0.002083
0 0.854276 0.535256 0.003037 0.002006
0 0.859338 0.524646 0.002700 0.003472
0 0.866468 0.516660 0.003122 0.003549
0 0.865961 0.504429 0.003290 0.003318
0 0.875281 0.489372 0.001994 0.002876
0 0.876431 0.491477 0.002148 0.002736
0 0.886287 0.482884 0.002838 0.002946
0 0.896603 0.479727 0.003068 0.003087
0 0.907226 0.478254 0.003298 0.002666
0 0.913707 0.474045 0.002454 0.002806
0 0.926822 0.473975 0.002301 0.003648
0 0.927474 0.464505 0.002684 0.002946
0 0.932690 0.463277 0.002531 0.003578
0 0.932613 0.458016 0.001764 0.002876
0 0.930197 0.456263 0.002454 0.004139
0 0.933035 0.451282 0.002608 0.003297
0 0.915049 0.476816 0.002531 0.003297
0 0.956107 0.460073 0.001959 0.002582
0 0.956770 0.462049 0.002017 0.002741
0 0.962302 0.455435 0.002593 0.003215
0 0.965788 0.453775 0.002190 0.003373
0 0.969476 0.451746 0.002305 0.002793
0 0.969937 0.454961 0.003112 0.003742
0 0.966163 0.459730 0.002824 0.003478
0 0.975818 0.419244 0.001834 0.002779
0 0.975609 0.422023 0.001834 0.002779
0 0.969218 0.418860 0.002253 0.002683
0 0.968537 0.421017 0.002462 0.002875
0 0.964398 0.421304 0.002148 0.003354
0 0.963193 0.422933 0.001834 0.002587
0 0.961281 0.422574 0.002305 0.002635
