0 0.952737 0.275026 0.005222 0.009600
0 0.968839 0.234540 0.003482 0.007930
0 0.975367 0.228070 0.004352 0.005843
0 0.973191 0.219305 0.004352 0.006678
0 0.977543 0.213461 0.002611 0.007513
0 0.973191 0.204696 0.005222 0.008348
0 0.963399 0.196975 0.003917 0.007930
0 0.948167 0.224940 0.004787 0.007096
0 0.918792 0.240383 0.006093 0.006261
0 0.919227 0.250818 0.005222 0.005426
0 0.913134 0.256244 0.003482 0.011270
0 0.908565 0.266261 0.003046 0.011270
0 0.905301 0.265009 0.003482 0.007096
0 0.896379 0.276696 0.005658 0.008765
0 0.890939 0.270853 0.003482 0.007096
0 0.886587 0.273774 0.005222 0.010435
0 0.894259 0.264120 0.002432 0.004924
0 0.893989 0.258288 0.002432 0.003628
0 0.900339 0.261269 0.002702 0.003887
0 0.900745 0.256215 0.003513 0.005183
0 0.900880 0.238592 0.004324 0.006220
0 0.897097 0.232113 0.003783 0.005702
0 0.924119 0.228743 0.005404 0.003110
0 0.917093 0.220450 0.002702 0.005183
0 0.917093 0.214360 0.003243 0.005961
0 0.926785 0.239658 0.003020 0.004023
0 0.925358 0.211095 0.001846 0.004828
0 0.919905 0.206428 0.003020 0.004184
0 0.907321 0.205141 0.003020 0.003862
0 0.925778 0.200635 0.002013 0.004184
0 0.950862 0.196209 0.003188 0.004667
0 0.935898 0.185560 0.003188 0.004345
0 0.928767 0.190951 0.002349 0.004506
0 0.926334 0.195698 0.002517 0.004023
0 0.921552 0.191031 0.003356 0.003701
0 0.930864 0.180732 0.002852 0.002736
0 0.936737 0.150398 0.002181 0.003862
0 0.936988 0.140904 0.003020 0.004184
0 0.927341 0.144525 0.003188 0.002736
0 0.930277 0.138651 0.002685 0.003862
0 0.909891 0.168663 0.003524 0.003379
0 0.939254 0.149111 0.003859 0.003540
0 0.975412 0.121593 0.002349 0.004506
0 0.953180 0.123444 0.002852 0.003701
0 0.949908 0.132858 0.003691 0.002575
0 0.965093 0.111938 0.002852 0.004506
0 0.969455 0.092386 0.003188 0.003701
0 0.962828 0.099386 0.003356 0.005149
0 0.959388 0.106225 0.002852 0.004023
0 0.956955 0.104133 0.001678 0.003701
0 0.955697 0.103248 0.002181 0.004506
0 0.964170 0.083616 0.002685 0.004506
0 0.954438 0.085386 0.004362 0.005149
0 0.947978 0.082328 0.002181 0.003218
0 0.947307 0.083696 0.002852 0.003058
0 0.948482 0.090455 0.004530 0.005310
0 0.929934 0.130153 0.002593 0.003365
0 0.927875 0.131835 0.003051 0.002926
0 0.946408 0.156925 0.001983 0.004828
0 0.966237 0.147708 0.002288 0.004242
0 0.876896 0.160443 0.002768 0.003894
0 0.864438 0.163275 0.002953 0.003894
0 0.876619 0.173631 0.004060 0.003363
0 0.884740 0.189739 0.004060 0.003009
0 0.805212 0.063855 0.004161 0.004561
0 0.802388 0.059436 0.003270 0.004276
0 0.784851 0.069414 0.002675 0.004846
0 0.788864 0.082528 0.003567 0.004846
0 0.785743 0.077112 0.003864 0.003136
0 0.789161 0.091651 0.003567 0.005417
0 0.782176 0.063713 0.002675 0.004276
0 0.787972 0.067134 0.003567 0.004846
0 0.835261 0.174978 0.002436 0.004868
0 0.822979 0.181598 0.002233 0.003700
0 0.812320 0.179067 0.002842 0.003310
0 0.804301 0.180624 0.002639 0.004089
0 0.801763 0.180040 0.002436 0.004868
0 0.749485 0.165826 0.003045 0.004868
0 0.745729 0.165534 0.002436 0.005452
0 0.748571 0.157356 0.004060 0.005452
0 0.750398 0.150444 0.004873 0.005257
0 0.763899 0.142363 0.002233 0.005063
0 0.750804 0.141973 0.004060 0.004673
0 0.724411 0.132335 0.002842 0.004089
0 0.721468 0.142168 0.005482 0.006231
0 0.720896 0.121109 0.005076 0.003505
0 0.724145 0.116728 0.005076 0.003310
0 0.910719 0.196952 0.001941 0.005054
0 0.904895 0.194226 0.002496 0.003857
0 0.892276 0.197484 0.002773 0.003458
0 0.910857 0.211382 0.002219 0.004123
0 0.932836 0.224415 0.003744 0.006251
0 0.870298 0.205796 0.002635 0.004655
0 0.861839 0.208190 0.002635 0.003857
0 0.861284 0.215172 0.003189 0.004256
0 0.849428 0.210118 0.003328 0.004522
0 0.841178 0.210118 0.004299 0.002128
0 0.825508 0.217499 0.002080 0.004921
0 0.823983 0.216369 0.002357 0.003458
0 0.807759 0.207791 0.002912 0.004123
0 0.807690 0.212313 0.004160 0.003059
0 0.808591 0.217632 0.003189 0.003591
0 0.795210 0.218829 0.002773 0.003857
0 0.820608 0.245598 0.003045 0.003700
0 0.809442 0.259228 0.003451 0.003310
0 0.804671 0.255626 0.002436 0.003894
0 0.798174 0.265264 0.004060 0.006426
0 0.804975 0.274611 0.003857 0.004089
0 0.792286 0.246572 0.003654 0.004089
0 0.884255 0.290675 0.003654 0.005063
0 0.774285 0.301181 0.003691 0.004184
0 0.755073 0.273825 0.002852 0.004506
0 0.741063 0.269238 0.003356 0.004023
0 0.741315 0.263928 0.003188 0.004345
0 0.737959 0.261192 0.002181 0.005310
0 0.733093 0.258135 0.002517 0.004345
0 0.725123 0.253227 0.002349 0.003862
0 0.725543 0.246387 0.003188 0.004667
0 0.719574 0.244558 0.002436 0.003700
0 0.741805 0.229468 0.002639 0.005841
0 0.728913 0.231999 0.003248 0.003894
0 0.735308 0.212917 0.003857 0.004284
0 0.728710 0.222263 0.003654 0.005063
0 0.727999 0.218563 0.002639 0.003894
0 0.727898 0.210775 0.002842 0.005063
0 0.725462 0.211262 0.003248 0.004868
0 0.716427 0.203668 0.002639 0.005647
0 0.714092 0.202889 0.002436 0.006036
0 0.709829 0.209217 0.002842 0.004673
0 0.713382 0.218953 0.003045 0.006231
0 0.710235 0.225963 0.003654 0.004673
0 0.710032 0.238911 0.002842 0.004478
0 0.694704 0.240858 0.003451 0.004478
0 0.682928 0.241540 0.003857 0.003894
0 0.701238 0.211323 0.004864 0.004406
0 0.693672 0.207177 0.003243 0.004924
0 0.677864 0.199920 0.003513 0.004406
0 0.666785 0.207047 0.004053 0.005702
0 0.677729 0.214952 0.004324 0.004406
0 0.656381 0.254215 0.003243 0.006220
0 0.637330 0.262249 0.004053 0.006220
0 0.623279 0.248514 0.002972 0.006738
0 0.619901 0.246959 0.003783 0.006220
0 0.623279 0.239313 0.002972 0.006997
0 0.628954 0.230890 0.004053 0.006220
0 0.620307 0.264971 0.005134 0.004406
0 0.626587 0.255862 0.003248 0.004478
0 0.608417 0.256738 0.003451 0.005063
0 0.606691 0.259075 0.002436 0.004673
0 0.604965 0.258296 0.002233 0.004673
0 0.575832 0.257323 0.002436 0.005841
0 0.568827 0.251481 0.003045 0.005063
0 0.565985 0.241843 0.003451 0.004089
0 0.566391 0.235904 0.003045 0.005063
0 0.661994 0.150661 0.003864 0.005702
0 0.637323 0.174608 0.004459 0.005702
0 0.628406 0.170902 0.003864 0.005131
0 0.615921 0.180595 0.003864 0.005131
0 0.592142 0.164630 0.005053 0.004561
0 0.550528 0.166198 0.003864 0.005417
0 0.544880 0.156648 0.004459 0.007412
0 0.552014 0.135409 0.003864 0.004276
0 0.549636 0.123436 0.005053 0.005417
0 0.588963 0.105237 0.002903 0.003641
0 0.582379 0.096599 0.003020 0.004184
0 0.588503 0.100461 0.002517 0.004506
0 0.584225 0.102875 0.003020 0.004184
0 0.585819 0.102875 0.002852 0.004506
0 0.585399 0.107220 0.003020 0.004184
0 0.582882 0.106898 0.002685 0.004506
0 0.590190 0.257217 0.003045 0.004478
0 0.581562 0.275520 0.004060 0.005257
0 0.602371 0.274741 0.003045 0.006036
0 0.567248 0.265005 0.003451 0.004868
0 0.554154 0.263642 0.003654 0.004868
0 0.542175 0.267536 0.003654 0.005257
0 0.537709 0.267342 0.002436 0.005647
0 0.527862 0.263837 0.003451 0.005257
0 0.525020 0.268413 0.003451 0.005452
0 0.515275 0.263934 0.003857 0.005063
0 0.500251 0.264032 0.003857 0.004478
0 0.500759 0.275909 0.002842 0.006815
0 0.495785 0.274741 0.005076 0.003310
0 0.494770 0.277272 0.003045 0.004478
0 0.491115 0.286813 0.003857 0.004478
0 0.489187 0.290513 0.004060 0.005257
0 0.486649 0.299275 0.002639 0.004868
0 0.483197 0.303461 0.002639 0.004673
0 0.486446 0.310471 0.002639 0.003894
0 0.399779 0.284419 0.003203 0.003804
0 0.402143 0.284931 0.003966 0.003072
0 0.397567 0.287857 0.003661 0.003072
0 0.397262 0.285735 0.003356 0.002633
0 0.393983 0.283687 0.003508 0.004096
0 0.391924 0.290709 0.001830 0.004389
0 0.387958 0.283833 0.003051 0.004389
0 0.381780 0.287710 0.002898 0.005120
0 0.379111 0.280469 0.003051 0.004389
0 0.382161 0.274471 0.003051 0.004096
0 0.381551 0.271179 0.002746 0.004242
0 0.373314 0.263645 0.002441 0.004681
0 0.380102 0.262036 0.003508 0.004389
0 0.379645 0.252088 0.002593 0.004974
0 0.382466 0.248358 0.002746 0.004828
0 0.380636 0.236874 0.002746 0.004389
0 0.374001 0.239141 0.002288 0.004535
0 0.371637 0.245944 0.002441 0.004096
0 0.365001 0.248577 0.002593 0.004389
0 0.370111 0.236874 0.002746 0.003804
0 0.367900 0.232339 0.001983 0.004096
0 0.367900 0.223707 0.002288 0.004096
0 0.361798 0.215954 0.003203 0.003804
0 0.368357 0.202056 0.002898 0.004681
0 0.367061 0.184720 0.002746 0.004828
0 0.370493 0.179527 0.003508 0.003804
0 0.390780 0.161387 0.002288 0.004096
0 0.424947 0.173163 0.001983 0.005413
0 0.443175 0.182892 0.002441 0.004974
0 0.451411 0.189694 0.002746 0.005413
0 0.463538 0.192986 0.003508 0.004974
0 0.463614 0.189621 0.003356 0.004974
0 0.463919 0.181429 0.003051 0.004974
0 0.467351 0.181063 0.002593 0.005705
0 0.421353 0.152321 0.005159 0.003534
0 0.410299 0.155148 0.004667 0.004948
0 0.336459 0.217799 0.003573 0.004926
0 0.319822 0.240503 0.003350 0.004926
0 0.319598 0.249285 0.005583 0.005355
0 0.291348 0.244465 0.005360 0.003855
0 0.767564 0.167214 0.002943 0.005331
0 0.301834 0.134821 0.004053 0.005183
0 0.308184 0.146225 0.004324 0.004665
0 0.378982 0.159572 0.003783 0.004406
0 0.316054 0.339830 0.004053 0.006479
0 0.273223 0.353436 0.004324 0.005702
0 0.229583 0.357453 0.005134 0.003887
0 0.211207 0.343458 0.002432 0.006479
0 0.209316 0.343328 0.003513 0.005702
0 0.224448 0.328945 0.005675 0.004406
0 0.216477 0.348641 0.002162 0.005442
0 0.215531 0.345531 0.003513 0.005961
0 0.244715 0.279185 0.002972 0.004924
0 0.228907 0.298493 0.004864 0.005702
0 0.041731 0.309549 0.003020 0.003379
0 0.040641 0.310193 0.002181 0.004023
0 0.042319 0.317595 0.002517 0.004023
0 0.044164 0.311963 0.003188 0.004667
0 0.041396 0.321216 0.002013 0.003540
0 0.031664 0.325722 0.003691 0.005471
0 0.043661 0.321136 0.005201 0.001770
