0 0.025311 0.339661 0.001739 0.002599
0 0.026498 0.341188 0.001906 0.002599
0 0.030225 0.341789 0.002006 0.002437
0 0.031713 0.340977 0.001772 0.002177
0 0.035692 0.339613 0.002173 0.001852
0 0.032933 0.341058 0.001939 0.002469
0 0.036996 0.339125 0.001772 0.002307
0 0.040974 0.340587 0.003042 0.003606
0 0.066824 0.348038 0.003884 0.001926
0 0.067435 0.370391 0.002208 0.002878
0 0.078527 0.373635 0.003931 0.002459
0 0.078016 0.380777 0.002477 0.003035
0 0.088004 0.382713 0.002208 0.002930
0 0.086981 0.384911 0.002531 0.001884
0 0.092554 0.385041 0.002800 0.002878
0 0.098800 0.386062 0.002369 0.003663
0 0.109353 0.378606 0.002369 0.003087
0 0.132545 0.382246 0.002350 0.003235
0 0.063707 0.291457 0.002576 0.003152
0 0.064218 0.269047 0.002150 0.002646
0 0.256662 0.300968 0.003285 0.002198
0 0.271765 0.290321 0.002369 0.003296
0 0.275023 0.292963 0.002315 0.002825
0 0.267323 0.296704 0.002315 0.002982
0 0.268642 0.298640 0.002692 0.001936
0 0.273165 0.297750 0.002261 0.003506
0 0.362737 0.292572 0.002314 0.002940
0 0.365184 0.291123 0.001869 0.002724
0 0.366653 0.291253 0.002136 0.003070
0 0.709226 0.302031 0.002808 0.002859
0 0.706200 0.310429 0.002240 0.001982
0 0.707454 0.313450 0.001939 0.002632
0 0.710045 0.310803 0.001973 0.002924
0 0.708507 0.309730 0.001906 0.002274
0 0.708424 0.311485 0.001872 0.002079
0 0.122009 0.377805 0.002427 0.002673
0 0.125184 0.387652 0.003115 0.002241
0 0.330924 0.280604 0.003469 0.003447
0 0.378422 0.282519 0.004651 0.004060
0 0.390875 0.071607 0.004317 0.002961
0 0.338356 0.107896 0.002862 0.002444
