0 0.934445 0.366270 0.002747 0.003641
0 0.886143 0.394328 0.005036 0.004926
0 0.878131 0.400111 0.003663 0.004498
0 0.891179 0.415318 0.006410 0.004498
0 0.846998 0.396042 0.004578 0.003641
0 0.815728 0.405582 0.002752 0.003540
0 0.816416 0.407433 0.003440 0.002414
0 0.825790 0.412019 0.002236 0.003540
0 0.825360 0.414272 0.004128 0.002253
0 0.810224 0.424571 0.002752 0.003540
0 0.898626 0.469966 0.005297 0.002832
0 0.795683 0.317584 0.003122 0.004478
0 0.755934 0.362271 0.003538 0.003505
0 0.747714 0.279712 0.003330 0.003894
0 0.717850 0.385345 0.003538 0.004478
0 0.643243 0.308335 0.002497 0.005063
0 0.647301 0.292660 0.002705 0.004089
0 0.642307 0.292174 0.002289 0.003894
0 0.634711 0.295484 0.003330 0.003894
0 0.633046 0.303467 0.004162 0.003505
0 0.913748 0.198227 0.003892 0.005355
0 0.874602 0.216862 0.003892 0.004498
0 0.848391 0.205724 0.002747 0.004498
0 0.831222 0.214934 0.005036 0.004498
0 0.806384 0.231212 0.003434 0.004498
0 0.784065 0.202725 0.003205 0.004070
0 0.775709 0.203368 0.004349 0.003641
0 0.763691 0.205938 0.005036 0.003213
0 0.293991 0.149876 0.003892 0.004712
0 0.324666 0.165083 0.002518 0.005140
0 0.287123 0.189287 0.003434 0.004284
0 0.285063 0.189072 0.002976 0.004284
0 0.246483 0.078599 0.003127 0.003950
0 0.238352 0.070918 0.002189 0.003804
0 0.233192 0.070845 0.002502 0.003072
0 0.231942 0.072601 0.002502 0.003657
0 0.194964 0.037929 0.003283 0.003657
0 0.190117 0.041879 0.002345 0.004242
0 0.186286 0.043049 0.003127 0.003657
0 0.166742 0.040050 0.002814 0.002926
0 0.093087 0.181120 0.004570 0.004561
0 0.137572 0.169289 0.003961 0.004846
0 0.185256 0.170715 0.004266 0.006557
0 0.186323 0.196657 0.004570 0.005987
0 0.025598 0.173280 0.003656 0.005987
0 0.027426 0.187107 0.004266 0.004561
0 0.231569 0.213477 0.003047 0.005987
0 0.201513 0.205708 0.002976 0.004284
0 0.234251 0.247734 0.003878 0.005702
0 0.324415 0.205237 0.002705 0.004478
0 0.340647 0.210787 0.003538 0.004284
0 0.330138 0.235224 0.002914 0.005257
0 0.201553 0.306434 0.002649 0.004602
0 0.204958 0.308204 0.001892 0.003186
0 0.207985 0.312187 0.003405 0.004425
0 0.228039 0.297849 0.004541 0.002655
0 0.230972 0.328472 0.004730 0.003009
0 0.198431 0.346704 0.003973 0.003363
0 0.171377 0.337500 0.002838 0.004425
0 0.160215 0.339624 0.002838 0.004071
0 0.115353 0.302545 0.003538 0.004089
0 0.131274 0.307218 0.004578 0.003700
0 0.109422 0.336620 0.003746 0.004868
0 0.127329 0.363236 0.002408 0.004345
0 0.233190 0.352374 0.002580 0.004184
0 0.243165 0.355995 0.003612 0.003701
0 0.294990 0.324668 0.004351 0.002832
0 0.299057 0.328297 0.004541 0.003363
0 0.324409 0.337413 0.004919 0.002124
0 0.336044 0.323783 0.003216 0.004248
0 0.339638 0.335378 0.002838 0.004425
0 0.354111 0.342458 0.002649 0.004425
0 0.370476 0.343609 0.002838 0.003894
0 0.381260 0.346795 0.003973 0.004602
0 0.351841 0.371488 0.003027 0.004071
0 0.407368 0.356354 0.003216 0.003894
0 0.421841 0.367152 0.003405 0.004602
0 0.358463 0.382906 0.003784 0.003894
0 0.306152 0.371311 0.005108 0.002301
0 0.305963 0.377241 0.003216 0.004602
0 0.462517 0.383614 0.002270 0.004248
0 0.474909 0.390695 0.002838 0.004956
0 0.536268 0.421606 0.003216 0.004779
0 0.921878 0.076393 0.004022 0.005958
0 0.919495 0.069613 0.002081 0.003717
0 0.920441 0.067666 0.002081 0.004071
0 0.920158 0.065010 0.002270 0.003009
0 0.645178 0.336368 0.003274 0.003770
0 0.617605 0.252964 0.003022 0.003770
0 0.670972 0.243281 0.003777 0.004477
0 0.444832 0.244390 0.005678 0.005692
0 0.384811 0.243062 0.005678 0.004553
0 0.438090 0.129335 0.005540 0.002356
