0 0.168504 0.297325 0.003115 0.002019
0 0.173414 0.301483 0.001953 0.002336
0 0.181465 0.305858 0.002640 0.002059
0 0.161139 0.293999 0.002534 0.001703
0 0.163119 0.294672 0.002376 0.001703
0 0.112971 0.353615 0.002242 0.002609
0 0.120353 0.347180 0.002628 0.002377
0 0.130634 0.349383 0.003092 0.001913
0 0.130054 0.351760 0.002705 0.001797
0 0.133416 0.355064 0.002010 0.001913
0 0.142151 0.358659 0.002164 0.001913
0 0.148219 0.364717 0.002396 0.002087
0 0.147755 0.366195 0.003169 0.001565
0 0.110150 0.366340 0.002474 0.002203
0 0.112585 0.372108 0.002242 0.002493
0 0.119309 0.374978 0.003169 0.001275
0 0.067906 0.371847 0.002860 0.002087
0 0.110691 0.384225 0.002319 0.002493
0 0.114285 0.394921 0.002396 0.002319
0 0.132821 0.411697 0.002490 0.002521
0 0.177654 0.365278 0.001980 0.002156
0 0.185767 0.364799 0.002108 0.001869
0 0.198384 0.369686 0.002683 0.002060
0 0.211895 0.376514 0.002619 0.002108
0 0.222924 0.399071 0.002811 0.002319
0 0.249170 0.418308 0.002600 0.002319
0 0.251911 0.424711 0.003162 0.002477
0 0.277524 0.432380 0.002811 0.002003
0 0.286941 0.417649 0.002951 0.001845
0 0.312414 0.418545 0.002459 0.002582
0 0.356368 0.405633 0.002811 0.002688
0 0.359636 0.399862 0.002741 0.002741
0 0.372812 0.404473 0.003514 0.002161
0 0.390309 0.410719 0.002249 0.002846
0 0.384196 0.414487 0.003232 0.002372
0 0.367818 0.414560 0.002592 0.002124
0 0.356947 0.417494 0.002832 0.002376
0 0.421830 0.400707 0.002670 0.002161
0 0.461814 0.412354 0.002530 0.002266
0 0.472003 0.407638 0.002811 0.002319
0 0.415259 0.432487 0.002600 0.002161
0 0.404648 0.435333 0.002881 0.002582
0 0.434169 0.472002 0.002670 0.002055
0 0.261768 0.463864 0.003189 0.002392
0 0.234356 0.453610 0.002459 0.002319
0 0.191491 0.464098 0.003022 0.002424
0 0.171674 0.497644 0.002459 0.002793
0 0.169601 0.502703 0.002670 0.002372
0 0.282519 0.396401 0.002338 0.002245
0 0.113831 0.278377 0.003112 0.001587
0 0.199945 0.309640 0.002806 0.001849
0 0.199350 0.312701 0.001956 0.002104
0 0.208107 0.311777 0.003486 0.001530
0 0.208235 0.313052 0.003401 0.001530
0 0.206704 0.314870 0.002721 0.002360
0 0.196647 0.312785 0.002899 0.002736
0 0.262527 0.334986 0.003450 0.001533
0 0.266967 0.338220 0.002619 0.002252
0 0.279328 0.341263 0.002683 0.002491
0 0.289932 0.343275 0.003194 0.001821
0 0.308969 0.350606 0.003066 0.002300
0 0.314048 0.350055 0.003258 0.001389
0 0.316220 0.351396 0.003258 0.001485
0 0.320149 0.355565 0.002428 0.002252
0 0.301080 0.359302 0.002619 0.002060
0 0.308363 0.353313 0.002108 0.002156
0 0.328454 0.358295 0.002428 0.002252
0 0.334427 0.360763 0.002236 0.001629
0 0.335034 0.362392 0.003322 0.001342
0 0.338739 0.359853 0.003066 0.001916
0 0.347171 0.359230 0.002300 0.001629
0 0.342412 0.361003 0.002108 0.001533
0 0.341997 0.363135 0.002555 0.001294
0 0.341997 0.361865 0.003066 0.001342
0 0.315945 0.330370 0.003180 0.002525
0 0.338860 0.334052 0.003367 0.002455
0 0.351674 0.325705 0.002993 0.002876
0 0.365927 0.353914 0.003092 0.001507
0 0.359820 0.359306 0.002319 0.002203
0 0.355491 0.360552 0.001855 0.001449
0 0.356380 0.365973 0.003015 0.002551
0 0.363956 0.368437 0.002396 0.002145
0 0.374816 0.363567 0.003401 0.001565
0 0.381773 0.358523 0.002628 0.002029
0 0.396765 0.358500 0.002693 0.001544
0 0.398798 0.359767 0.002429 0.001544
0 0.393809 0.366776 0.002270 0.002574
0 0.379369 0.371547 0.002323 0.001901
0 0.403153 0.359688 0.003009 0.001703
0 0.406664 0.359411 0.002429 0.002099
0 0.413950 0.360401 0.003168 0.001386
0 0.421025 0.370162 0.002534 0.002217
0 0.430528 0.371349 0.002323 0.002059
0 0.433669 0.371963 0.002481 0.002019
0 0.436283 0.374161 0.002112 0.001821
0 0.440902 0.374141 0.002165 0.001703
0 0.441826 0.366954 0.002112 0.001742
0 0.444096 0.365133 0.002217 0.001742
0 0.438183 0.368202 0.001901 0.001782
0 0.432640 0.364598 0.002112 0.001386
0 0.431188 0.364301 0.002059 0.002059
0 0.433986 0.366915 0.001848 0.001901
0 0.437629 0.370835 0.001953 0.001584
0 0.438236 0.371884 0.001795 0.001623
0 0.435332 0.369389 0.002112 0.001861
0 0.437797 0.356437 0.001825 0.001636
0 0.446286 0.353834 0.002539 0.001309
0 0.450510 0.354712 0.002182 0.001755
0 0.452593 0.351990 0.002221 0.001606
0 0.455032 0.353983 0.002658 0.001309
0 0.459257 0.353626 0.002618 0.001428
0 0.463326 0.353647 0.002182 0.002094
0 0.464832 0.354972 0.002051 0.001931
0 0.467733 0.354530 0.002094 0.001636
0 0.467908 0.352698 0.002618 0.002094
0 0.306008 0.357006 0.003508 0.002037
0 0.605356 0.361419 0.002010 0.002029
0 0.607868 0.360260 0.002705 0.002029
0 0.609260 0.352694 0.003633 0.002087
0 0.618729 0.357187 0.003401 0.001449
0 0.623135 0.356897 0.002474 0.002377
0 0.615830 0.361013 0.002396 0.002145
0 0.632179 0.358028 0.004019 0.001623
0 0.626459 0.360897 0.003092 0.001333
0 0.627038 0.362057 0.003169 0.001681
0 0.631251 0.364347 0.002164 0.002319
0 0.627038 0.367854 0.003478 0.001797
0 0.644469 0.357941 0.002783 0.001681
0 0.644546 0.359506 0.002474 0.001913
0 0.640604 0.365622 0.001855 0.002087
0 0.657958 0.363999 0.002242 0.002203
0 0.662750 0.364782 0.002860 0.002377
0 0.668161 0.363390 0.002705 0.002377
0 0.667620 0.365651 0.002396 0.002145
0 0.682152 0.353245 0.003478 0.001797
0 0.684973 0.354462 0.002628 0.002261
0 0.682113 0.358375 0.003092 0.002551
0 0.687022 0.357216 0.003015 0.002667
0 0.695911 0.354230 0.002860 0.002261
0 0.724702 0.350283 0.002777 0.001636
0 0.727796 0.352128 0.002380 0.002350
0 0.719625 0.349659 0.003491 0.001696
0 0.717443 0.350224 0.002935 0.001755
0 0.715619 0.350997 0.003015 0.001577
0 0.715242 0.352634 0.003689 0.001815
0 0.753884 0.316338 0.002891 0.002615
0 0.777758 0.379817 0.005319 0.003141
0 0.784379 0.399212 0.003622 0.002037
0 0.800449 0.401504 0.002716 0.002207
0 0.815841 0.401589 0.002942 0.002377
0 0.755106 0.410084 0.003432 0.002534
0 0.738053 0.411034 0.003537 0.001505
0 0.730292 0.417033 0.003748 0.001703
0 0.711828 0.431757 0.002636 0.002615
0 0.694066 0.435536 0.003173 0.001974
0 0.660569 0.446920 0.002846 0.002439
0 0.651785 0.479448 0.002572 0.001929
0 0.834603 0.385737 0.003258 0.002108
0 0.841630 0.394936 0.002364 0.002204
0 0.855333 0.389785 0.002683 0.002252
0 0.863414 0.376442 0.002491 0.002396
0 0.868461 0.377232 0.002491 0.002156
0 0.857217 0.371291 0.002364 0.001389
0 0.827984 0.348547 0.002091 0.001699
0 0.824005 0.342688 0.002846 0.002265
0 0.828884 0.345650 0.002497 0.002091
0 0.842212 0.353839 0.002671 0.002526
0 0.842502 0.351247 0.002439 0.002134
0 0.871714 0.330862 0.003835 0.002455
0 0.872602 0.343173 0.002619 0.002946
0 0.879944 0.342366 0.002712 0.002315
0 0.882937 0.339175 0.002712 0.001824
0 0.887754 0.334194 0.002806 0.002525
0 0.895657 0.336825 0.002712 0.001754
0 0.889836 0.349241 0.002788 0.001960
0 0.881851 0.347042 0.002149 0.002004
0 0.894366 0.350918 0.003020 0.001655
0 0.889778 0.365575 0.002439 0.002308
0 0.897531 0.366294 0.002613 0.002004
0 0.900522 0.362548 0.003368 0.001742
0 0.911963 0.365248 0.001858 0.001916
0 0.904878 0.355034 0.001975 0.002134
0 0.908304 0.352160 0.003717 0.002657
0 0.899302 0.353575 0.003485 0.001916
0 0.911237 0.341075 0.003078 0.002178
0 0.920117 0.333342 0.002182 0.001815
0 0.923429 0.329817 0.002459 0.001963
0 0.931557 0.330407 0.002632 0.002407
0 0.936876 0.340778 0.002452 0.002272
0 0.933468 0.340332 0.002632 0.002191
0 0.926617 0.341089 0.002200 0.002191
0 0.916971 0.338196 0.002308 0.001812
0 0.919802 0.345971 0.002560 0.001731
0 0.916484 0.345268 0.002200 0.002218
0 0.923191 0.347161 0.002344 0.002110
0 0.926563 0.348459 0.002019 0.002542
0 0.950621 0.312604 0.002951 0.001581
0 0.947634 0.307782 0.002459 0.002055
0 0.967415 0.333422 0.002670 0.002319
0 0.967521 0.336479 0.002038 0.001687
0 0.965659 0.336848 0.002530 0.001265
0 0.960154 0.347852 0.003505 0.001488
0 0.961923 0.347220 0.002546 0.001662
0 0.932341 0.365568 0.002964 0.002030
0 0.925639 0.362185 0.003222 0.003190
0 0.928635 0.371320 0.003544 0.002610
0 0.852472 0.442239 0.003014 0.002543
0 0.801734 0.421991 0.002916 0.002444
0 0.527895 0.413353 0.003197 0.002997
