0 0.188805 0.108453 0.002258 0.003009
0 0.186338 0.115321 0.001672 0.002701
0 0.174464 0.127011 0.002341 0.003241
0 0.188222 0.142629 0.001999 0.002582
0 0.190421 0.140811 0.001828 0.002424
0 0.187651 0.136673 0.001999 0.002688
0 0.184167 0.140099 0.001656 0.002477
0 0.181511 0.139124 0.002056 0.002319
0 0.171203 0.134961 0.001770 0.002635
0 0.171060 0.143261 0.001713 0.002582
0 0.173230 0.144921 0.001828 0.002635
0 0.162493 0.150218 0.002284 0.003320
0 0.157895 0.153591 0.002799 0.002161
0 0.141390 0.160205 0.004283 0.001792
0 0.124884 0.164975 0.002570 0.003109
0 0.118688 0.168032 0.002399 0.002899
0 0.110378 0.169718 0.003370 0.002055
0 0.102268 0.177439 0.002342 0.003689
0 0.105152 0.184554 0.002056 0.002846
0 0.109007 0.185371 0.002227 0.003215
0 0.090874 0.175410 0.001942 0.002372
0 0.091759 0.182183 0.002342 0.002846
0 0.134993 0.177387 0.002684 0.003162
0 0.150071 0.174488 0.002227 0.003162
0 0.158895 0.177360 0.002284 0.003215
0 0.164435 0.174646 0.002399 0.002741
0 0.169432 0.178810 0.002227 0.002741
0 0.173287 0.181735 0.002056 0.002582
0 0.144788 0.195358 0.002056 0.002530
0 0.158923 0.195938 0.001770 0.002003
0 0.167776 0.201946 0.002342 0.002741
0 0.133994 0.202974 0.003313 0.002161
0 0.134708 0.206294 0.002113 0.003215
0 0.174561 0.158440 0.001935 0.002657
0 0.179116 0.156371 0.002171 0.002526
0 0.188626 0.157460 0.001935 0.002962
0 0.191506 0.154847 0.002218 0.002265
0 0.214477 0.177727 0.002124 0.001829
0 0.223941 0.173524 0.002077 0.002831
0 0.226159 0.176856 0.002077 0.002875
0 0.229156 0.176399 0.002218 0.002221
0 0.229086 0.169451 0.002549 0.003049
0 0.185346 0.205762 0.001833 0.002772
0 0.198082 0.206842 0.002184 0.003132
0 0.238129 0.176902 0.001738 0.002454
0 0.240558 0.167101 0.002270 0.002618
0 0.242952 0.167985 0.002305 0.002814
0 0.252107 0.160631 0.002170 0.002741
0 0.263615 0.156652 0.003027 0.002477
0 0.272810 0.170645 0.002227 0.003057
0 0.280692 0.171594 0.002342 0.003057
0 0.276494 0.173965 0.002741 0.003162
0 0.284633 0.190435 0.001770 0.002899
0 0.264391 0.189698 0.002170 0.003268
0 0.280354 0.195179 0.002913 0.003162
0 0.211655 0.181044 0.002024 0.002894
0 0.314124 0.255260 0.001751 0.003107
0 0.310219 0.258553 0.003636 0.002237
0 0.346714 0.235066 0.003367 0.004225
0 0.344492 0.218973 0.002424 0.003107
0 0.368867 0.227175 0.002424 0.002610
0 0.369473 0.245443 0.002289 0.003604
0 0.378765 0.258802 0.002289 0.003231
0 0.384893 0.264705 0.002155 0.003355
0 0.383883 0.280860 0.002289 0.002610
0 0.240458 0.273576 0.002281 0.003367
0 0.240382 0.279118 0.003041 0.002385
0 0.237379 0.282696 0.003269 0.002245
0 0.235593 0.297216 0.002128 0.002806
0 0.250682 0.274208 0.002357 0.002806
0 0.248744 0.272524 0.002889 0.002104
0 0.255813 0.277435 0.001976 0.002946
0 0.261021 0.275330 0.002357 0.003087
0 0.262199 0.278627 0.002737 0.003087
0 0.260184 0.279223 0.002661 0.003437
0 0.273411 0.290201 0.002204 0.002946
0 0.275654 0.297357 0.002281 0.002946
0 0.292986 0.283783 0.002433 0.003016
0 0.299371 0.289500 0.001976 0.003507
0 0.300853 0.289149 0.001900 0.003227
0 0.305718 0.286484 0.003421 0.002245
0 0.303020 0.291219 0.001824 0.002034
0 0.318983 0.300583 0.003497 0.003928
0 0.331868 0.302197 0.001748 0.002806
0 0.324951 0.296901 0.002661 0.002736
0 0.328485 0.313175 0.001976 0.003297
0 0.308987 0.324679 0.002052 0.002034
0 0.299105 0.340006 0.002204 0.002806
0 0.300891 0.342427 0.003041 0.003016
0 0.346729 0.314858 0.002281 0.002736
0 0.347908 0.322925 0.002357 0.003297
0 0.358626 0.330361 0.002813 0.003157
0 0.365810 0.334675 0.002433 0.003227
0 0.366152 0.342041 0.002357 0.003648
0 0.366646 0.303775 0.002128 0.002876
0 0.421084 0.281019 0.002125 0.002894
0 0.421408 0.272680 0.001976 0.002946
0 0.457326 0.265385 0.001748 0.002666
0 0.467436 0.262158 0.002813 0.002245
0 0.464547 0.254757 0.002661 0.001613
0 0.488074 0.268541 0.001672 0.003367
0 0.485756 0.252723 0.001900 0.003437
0 0.411719 0.225988 0.001948 0.002957
0 0.431634 0.228510 0.002576 0.003478
0 0.449067 0.233003 0.002387 0.003189
0 0.458522 0.234974 0.002199 0.003073
0 0.467286 0.226510 0.002136 0.003073
0 0.488113 0.237739 0.002360 0.002653
0 0.514931 0.252528 0.002188 0.003247
0 0.498888 0.271113 0.001976 0.002385
0 0.507668 0.298611 0.002357 0.002245
0 0.535072 0.282863 0.001824 0.003016
0 0.562798 0.298092 0.002341 0.002932
0 0.548876 0.268809 0.002258 0.002855
0 0.574797 0.259202 0.002090 0.003087
0 0.587173 0.267420 0.001923 0.003318
0 0.591229 0.257312 0.002007 0.002392
0 0.569279 0.247589 0.002592 0.003009
0 0.560393 0.240734 0.001999 0.003162
0 0.551398 0.238521 0.003427 0.002108
0 0.555938 0.233804 0.002227 0.003320
0 0.571587 0.228797 0.002570 0.003426
0 0.597886 0.282849 0.001728 0.002933
0 0.602378 0.272295 0.002695 0.003125
0 0.606386 0.273092 0.003524 0.003444
0 0.601618 0.263654 0.002419 0.002933
0 0.606731 0.257660 0.002281 0.003699
0 0.611292 0.259668 0.002419 0.002997
0 0.613158 0.243662 0.002419 0.003252
0 0.641215 0.264260 0.002833 0.001977
0 0.651927 0.250198 0.002557 0.002806
0 0.669514 0.243662 0.002902 0.002742
0 0.641561 0.276918 0.002419 0.003444
0 0.680360 0.253790 0.003679 0.002716
0 0.692918 0.254173 0.001869 0.002683
0 0.698110 0.256880 0.001973 0.002923
0 0.693047 0.262606 0.002336 0.002396
0 0.691022 0.261408 0.002544 0.002683
0 0.685986 0.259156 0.003063 0.003737
0 0.723523 0.255858 0.002570 0.003268
0 0.730519 0.246477 0.002513 0.003373
0 0.752850 0.257756 0.002170 0.003373
0 0.767129 0.245001 0.002284 0.002741
0 0.778527 0.236966 0.002116 0.002886
0 0.782160 0.240785 0.002943 0.002716
0 0.685351 0.218335 0.002300 0.002801
0 0.693997 0.223555 0.002667 0.003735
0 0.702137 0.214133 0.003127 0.003395
0 0.714579 0.211232 0.002387 0.002841
0 0.727552 0.207058 0.001696 0.002493
0 0.741876 0.212450 0.002450 0.003420
0 0.740997 0.221146 0.002827 0.002261
0 0.755760 0.213203 0.002324 0.003189
0 0.762168 0.217870 0.002450 0.001855
0 0.750545 0.175258 0.003795 0.002372
0 0.771480 0.188532 0.002571 0.002937
0 0.808391 0.162435 0.003183 0.002711
0 0.829081 0.150517 0.002204 0.003050
0 0.850383 0.151816 0.002693 0.003163
0 0.868074 0.151646 0.002571 0.002824
0 0.873766 0.144134 0.002449 0.002937
0 0.887478 0.152071 0.002391 0.002801
0 0.891770 0.163702 0.002764 0.002377
0 0.885959 0.168455 0.003204 0.003189
0 0.887403 0.180656 0.002360 0.002534
0 0.884828 0.180518 0.003390 0.001703
0 0.877684 0.183329 0.002231 0.002811
0 0.905965 0.197987 0.002090 0.002624
0 0.891525 0.196428 0.001661 0.002635
0 0.892642 0.197578 0.001921 0.002731
0 0.874859 0.205364 0.002804 0.002683
0 0.875664 0.208789 0.002025 0.002731
0 0.855934 0.199662 0.001921 0.002491
0 0.868395 0.218971 0.002648 0.003833
0 0.891577 0.213245 0.002596 0.003018
0 0.894537 0.208789 0.002700 0.002539
0 0.891110 0.225630 0.002596 0.003162
0 0.873068 0.233536 0.002025 0.002683
0 0.864667 0.242911 0.002227 0.003162
0 0.837224 0.225203 0.003084 0.003795
0 0.824203 0.225361 0.002399 0.003689
0 0.824403 0.208812 0.002456 0.003795
0 0.829543 0.211658 0.002684 0.003162
0 0.832256 0.213002 0.002627 0.003320
0 0.843021 0.202066 0.002342 0.002846
0 0.839252 0.213424 0.004169 0.002266
0 0.776684 0.214977 0.003117 0.003648
0 0.791242 0.254084 0.002433 0.003578
0 0.774556 0.272884 0.002357 0.003157
0 0.771287 0.275199 0.002509 0.003016
0 0.805571 0.247280 0.002357 0.003718
0 0.805153 0.253558 0.002889 0.002666
0 0.803594 0.254295 0.002357 0.003157
0 0.808003 0.258083 0.003269 0.002736
0 0.819733 0.254776 0.001888 0.003223
0 0.819757 0.258718 0.002218 0.003180
0 0.823981 0.258435 0.002549 0.002788
0 0.828088 0.258958 0.002360 0.003310
0 0.822872 0.263901 0.002596 0.003005
0 0.838472 0.263771 0.003587 0.002570
0 0.844466 0.270391 0.002738 0.003441
0 0.839770 0.269803 0.002785 0.002613
0 0.835168 0.273418 0.002077 0.002875
0 0.836419 0.274529 0.001841 0.002308
0 0.846354 0.283981 0.002077 0.002221
0 0.842059 0.285483 0.002738 0.003310
0 0.869270 0.271219 0.002974 0.002657
0 0.873919 0.267277 0.002454 0.003223
0 0.879749 0.279473 0.002690 0.003223
0 0.850610 0.294753 0.002684 0.003426
0 0.850381 0.298205 0.002684 0.003162
0 0.846897 0.299602 0.002456 0.003109
0 0.850410 0.314991 0.002056 0.003004
0 0.853065 0.320156 0.002342 0.003215
0 0.862004 0.321763 0.002627 0.003057
0 0.862575 0.339735 0.002513 0.003373
0 0.862089 0.359815 0.002913 0.003584
0 0.942046 0.236958 0.003801 0.004528
0 0.941874 0.227902 0.002764 0.003635
0 0.931888 0.229688 0.003110 0.003507
0 0.931128 0.237564 0.002419 0.003316
0 0.922282 0.225320 0.003248 0.002678
0 0.921867 0.218145 0.002695 0.002870
0 0.915924 0.222067 0.002695 0.002806
0 0.918792 0.210238 0.003041 0.002232
0 0.951445 0.205933 0.003939 0.004081
0 0.965612 0.197547 0.002833 0.003380
0 0.960601 0.211673 0.003455 0.002933
0 0.979652 0.175446 0.002576 0.003073
0 0.736873 0.160315 0.002938 0.002824
0 0.684842 0.167093 0.002938 0.002598
0 0.691269 0.169127 0.001836 0.002598
0 0.691881 0.171217 0.002326 0.003163
0 0.646583 0.168792 0.002943 0.001952
0 0.645847 0.164633 0.002208 0.003480
0 0.629636 0.220993 0.002090 0.002778
0 0.630472 0.222884 0.002927 0.003009
0 0.118411 0.265303 0.002226 0.003548
0 0.155392 0.258907 0.002327 0.003081
0 0.166168 0.258954 0.002428 0.002801
0 0.170114 0.260681 0.002631 0.003455
0 0.169759 0.264136 0.002327 0.002894
0 0.175577 0.271418 0.002226 0.003081
0 0.463669 0.336458 0.004302 0.002812
0 0.484257 0.367248 0.002424 0.003107
0 0.486136 0.368912 0.002125 0.002521
0 0.496506 0.368072 0.002631 0.003641
0 0.515427 0.370406 0.002226 0.003641
0 0.543858 0.386652 0.002428 0.003455
0 0.555544 0.375401 0.002327 0.003735
0 0.557618 0.371993 0.002833 0.003455
0 0.581445 0.374467 0.003137 0.003548
0 0.595307 0.370359 0.002327 0.003735
0 0.600922 0.371386 0.003035 0.003361
0 0.623283 0.375214 0.002631 0.003921
0 0.663450 0.371013 0.002631 0.002988
0 0.670381 0.364150 0.003946 0.003455
0 0.667194 0.370966 0.002631 0.004202
0 0.666587 0.374981 0.002631 0.004015
0 0.713646 0.350781 0.003585 0.003158
0 0.669731 0.338827 0.003422 0.002707
0 0.750901 0.344690 0.002782 0.002876
0 0.751568 0.317936 0.002337 0.003595
0 0.747673 0.315882 0.002782 0.002978
0 0.715848 0.328635 0.002759 0.003472
0 0.712796 0.326629 0.002676 0.003472
0 0.705688 0.332416 0.003010 0.003781
0 0.682233 0.325703 0.002258 0.003009
0 0.677509 0.321150 0.002509 0.003318
0 0.674164 0.316058 0.002676 0.003318
0 0.691515 0.314630 0.002425 0.002006
0 0.700253 0.310734 0.002843 0.002855
0 0.719855 0.291339 0.002391 0.002207
0 0.723534 0.289854 0.002575 0.003820
0 0.742942 0.286713 0.003495 0.002971
0 0.780369 0.289934 0.002170 0.002477
0 0.802671 0.261447 0.001999 0.002635
0 0.814265 0.242079 0.003941 0.002582
