0 0.027680 0.621896 0.002586 0.003825
0 0.034381 0.615776 0.002116 0.003606
0 0.019276 0.640144 0.001998 0.003387
0 0.027798 0.640745 0.003997 0.001748
0 0.026270 0.643532 0.002821 0.002950
0 0.019099 0.646427 0.002351 0.003497
0 0.017042 0.649159 0.001763 0.004152
0 0.029150 0.651618 0.001998 0.002513
0 0.032030 0.650361 0.001881 0.003278
0 0.032676 0.652765 0.002469 0.002841
0 0.030913 0.651399 0.002469 0.002295
0 0.204125 0.618412 0.003056 0.003387
0 0.230749 0.608851 0.001998 0.003060
0 0.244032 0.611037 0.002469 0.003278
0 0.249851 0.614369 0.002351 0.002513
0 0.250909 0.618139 0.002116 0.003497
0 0.256962 0.620052 0.001998 0.004262
0 0.257432 0.624204 0.001763 0.004262
0 0.297634 0.616227 0.002469 0.004262
0 0.314972 0.608086 0.003056 0.002404
0 0.322495 0.606119 0.002821 0.003715
0 0.357701 0.603988 0.002939 0.003825
0 0.368809 0.606119 0.002116 0.004371
0 0.384266 0.606884 0.002469 0.003278
0 0.412066 0.613003 0.002351 0.003934
0 0.426348 0.601639 0.002233 0.003715
0 0.435047 0.608086 0.002469 0.003715
0 0.449153 0.609234 0.001998 0.003387
0 0.466373 0.615298 0.002821 0.003715
0 0.487121 0.609288 0.003409 0.002623
0 0.510865 0.617210 0.001763 0.003606
0 0.513806 0.609234 0.003016 0.003140
0 0.524060 0.596057 0.002413 0.003252
0 0.530575 0.599562 0.002413 0.003645
0 0.540739 0.608926 0.003921 0.002187
0 0.510729 0.581253 0.001930 0.004374
0 0.485033 0.576375 0.001689 0.003589
0 0.481715 0.575282 0.002051 0.003533
0 0.777912 0.630083 0.003649 0.003022
0 0.776054 0.624316 0.002190 0.003824
0 0.772803 0.624655 0.002057 0.003269
0 0.956397 0.635705 0.002389 0.002899
0 0.959814 0.638574 0.001792 0.003578
0 0.956629 0.632406 0.001924 0.003331
0 0.952150 0.643508 0.001858 0.003084
0 0.953146 0.644804 0.001991 0.002961
0 0.953278 0.647086 0.002521 0.002591
0 0.954970 0.649183 0.001792 0.002961
0 0.955899 0.649584 0.002853 0.002776
