0 0.191102 0.129947 0.002824 0.003087
0 0.188010 0.124055 0.002290 0.003227
0 0.198963 0.125282 0.002061 0.003157
0 0.186408 0.127211 0.002748 0.003227
0 0.212730 0.119790 0.002370 0.003049
0 0.215787 0.119855 0.003460 0.002831
0 0.216924 0.123579 0.002038 0.002875
0 0.220407 0.120312 0.002370 0.002875
0 0.231213 0.116523 0.002844 0.003485
0 0.233938 0.122599 0.002417 0.002918
0 0.237611 0.124929 0.003412 0.004094
0 0.244009 0.122098 0.002749 0.003746
0 0.249056 0.124472 0.002512 0.002483
0 0.256094 0.125822 0.002654 0.002047
0 0.257492 0.119180 0.003365 0.002352
0 0.259459 0.128087 0.001896 0.003354
0 0.267705 0.123470 0.003412 0.002308
0 0.273203 0.117721 0.002844 0.004748
0 0.283629 0.115761 0.002844 0.003615
0 0.287255 0.113343 0.002986 0.001829
0 0.290762 0.113517 0.003365 0.001829
0 0.304933 0.115935 0.002701 0.003615
0 0.311496 0.117438 0.003412 0.002091
0 0.315217 0.116458 0.003460 0.002657
0 0.325098 0.109793 0.002180 0.003180
0 0.331828 0.117568 0.002275 0.003223
0 0.341356 0.128310 0.002663 0.002808
0 0.351559 0.127770 0.002938 0.002232
0 0.355770 0.133241 0.002663 0.002664
0 0.354231 0.141844 0.002142 0.002222
0 0.354887 0.144638 0.002003 0.003111
0 0.362400 0.140178 0.001969 0.003333
0 0.366994 0.142511 0.002660 0.003302
0 0.382970 0.138971 0.002487 0.002571
0 0.390068 0.142336 0.003005 0.003397
0 0.399797 0.146532 0.003096 0.002042
0 0.414394 0.129639 0.002948 0.002556
0 0.424379 0.123580 0.002114 0.003528
0 0.434310 0.122021 0.002058 0.003374
0 0.439094 0.121816 0.004284 0.001636
0 0.480868 0.118735 0.003584 0.002388
0 0.475632 0.116967 0.002726 0.002914
0 0.473435 0.114487 0.002448 0.002454
0 0.143638 0.191318 0.002661 0.003532
0 0.155119 0.169218 0.003154 0.003170
0 0.096667 0.191465 0.003252 0.002174
0 0.891750 0.097281 0.004293 0.003069
0 0.896341 0.131858 0.003220 0.003397
0 0.711072 0.098486 0.004225 0.004060
