0 0.132068 0.679465 0.002404 0.003906
0 0.122693 0.678137 0.002404 0.003906
0 0.111796 0.686809 0.002404 0.003906
0 0.173174 0.678215 0.002404 0.003906
0 0.155145 0.680950 0.002404 0.003906
0 0.147533 0.678528 0.002404 0.003906
0 0.162517 0.680403 0.002404 0.003906
0 0.236096 0.624837 0.002404 0.003906
0 0.241945 0.637259 0.002404 0.003906
0 0.236176 0.631009 0.002404 0.003906
0 0.287298 0.640227 0.002404 0.003906
0 0.268788 0.653040 0.002404 0.003906
0 0.268147 0.650774 0.002404 0.003906
0 0.290262 0.660305 0.002404 0.003906
0 0.254445 0.643743 0.002404 0.003906
0 0.255006 0.647024 0.002404 0.003906
0 0.299077 0.666712 0.002404 0.003906
0 0.281128 0.651868 0.002404 0.003906
0 0.384715 0.623396 0.002404 0.003906
0 0.382552 0.628552 0.002404 0.003906
0 0.382632 0.633630 0.002404 0.003906
0 0.396975 0.630193 0.002404 0.003906
0 0.343129 0.604021 0.002404 0.003906
0 0.420039 0.613934 0.002404 0.003906
0 0.422122 0.628622 0.002404 0.003906
0 0.434061 0.639168 0.002404 0.003906
0 0.443356 0.657762 0.002404 0.003906
0 0.445279 0.655965 0.002404 0.003906
0 0.441673 0.661434 0.002404 0.003906
0 0.431417 0.651825 0.002404 0.003906
0 0.433420 0.645497 0.002404 0.003906
0 0.435504 0.643465 0.002404 0.003906
0 0.472763 0.639403 0.002404 0.003906
0 0.497853 0.648739 0.002404 0.003906
0 0.491523 0.640224 0.002404 0.003906
0 0.489359 0.649442 0.002404 0.003906
0 0.483350 0.647724 0.002404 0.003906
0 0.465962 0.648817 0.002404 0.003906
0 0.709046 0.669089 0.002404 0.003906
0 0.706723 0.670573 0.002404 0.003906
0 0.707604 0.652995 0.002404 0.003906
0 0.707684 0.656823 0.002404 0.003906
0 0.706002 0.665417 0.002404 0.003906
0 0.698229 0.633620 0.002404 0.003906
0 0.680040 0.635495 0.002404 0.003906
0 0.804895 0.673683 0.002404 0.003906
0 0.810504 0.681417 0.002404 0.003906
0 0.603150 0.658573 0.002404 0.003906
0 0.116775 0.675579 0.002404 0.003906
0 0.116855 0.650657 0.002404 0.003906
0 0.099227 0.662141 0.002404 0.003906
0 0.096823 0.650657 0.002404 0.003906
0 0.012250 0.677666 0.002404 0.003906
0 0.025070 0.672900 0.002404 0.003906
0 0.418942 0.617452 0.004327 0.004375
