0 0.897929 0.683317 0.004597 0.005645
0 0.895138 0.675164 0.004926 0.005645
0 0.890212 0.680495 0.005582 0.005017
0 0.843092 0.669049 0.003940 0.006585
0 0.847853 0.661522 0.005582 0.005331
0 0.847360 0.652272 0.004597 0.006899
0 0.823882 0.688021 0.004926 0.006899
0 0.815673 0.687237 0.004926 0.006585
0 0.800905 0.616910 0.005563 0.008348
0 0.745478 0.641005 0.005165 0.008727
0 0.692236 0.674965 0.005960 0.007589
0 0.679522 0.659787 0.005960 0.008348
0 0.663033 0.658649 0.006357 0.009107
0 0.639789 0.657131 0.005165 0.010624
0 0.622307 0.650491 0.005960 0.006451
0 0.591316 0.666238 0.006755 0.009866
0 0.573039 0.663961 0.006755 0.008348
0 0.549795 0.658080 0.006357 0.010245
0 0.534101 0.649542 0.009933 0.008348
0 0.527347 0.648025 0.005165 0.006071
0 0.513837 0.644040 0.007549 0.007968
0 0.496951 0.636262 0.007152 0.008348
0 0.482051 0.633226 0.006755 0.008348
0 0.457020 0.611788 0.006755 0.008727
0 0.447882 0.608183 0.006755 0.009866
0 0.482449 0.577448 0.005960 0.008348
0 0.456225 0.570997 0.009138 0.006071
0 0.406957 0.625258 0.006755 0.007589
0 0.374178 0.636452 0.005563 0.007968
0 0.316168 0.660926 0.006357 0.004553
0 0.315175 0.655993 0.005165 0.005312
0 0.393647 0.706459 0.006357 0.007589
0 0.055044 0.702866 0.007615 0.006956
0 0.047594 0.711245 0.005298 0.009802
0 0.062493 0.732431 0.008609 0.007273
0 0.156858 0.773221 0.007946 0.007273
