0 0.219078 0.184022 0.002731 0.004202
0 0.224003 0.197933 0.003219 0.003455
0 0.191817 0.188690 0.002633 0.003455
0 0.185282 0.214413 0.002438 0.002428
0 0.182600 0.207830 0.002926 0.003081
0 0.193377 0.216793 0.002829 0.003641
0 0.198179 0.239282 0.002422 0.003109
0 0.181580 0.243446 0.003028 0.003004
0 0.168311 0.234196 0.002698 0.002951
0 0.071993 0.298294 0.002360 0.003492
0 0.040825 0.271334 0.002038 0.002773
0 0.034507 0.252823 0.002265 0.002296
0 0.034873 0.248741 0.002198 0.002678
0 0.071581 0.224181 0.002660 0.003009
0 0.091169 0.234598 0.002499 0.002855
0 0.073996 0.211965 0.002598 0.002423
0 0.066201 0.206034 0.002198 0.003061
0 0.069299 0.203515 0.002132 0.002997
0 0.075761 0.205237 0.002531 0.003252
0 0.082023 0.200837 0.002398 0.001977
0 0.045783 0.209733 0.001865 0.003189
0 0.053944 0.208171 0.002598 0.002742
0 0.094381 0.200582 0.001799 0.002742
0 0.097578 0.191845 0.002332 0.003125
0 0.101009 0.190315 0.002931 0.002870
0 0.133688 0.170563 0.002092 0.003004
0 0.143433 0.174806 0.001982 0.002530
0 0.139910 0.181710 0.002092 0.002214
0 0.175751 0.155359 0.003083 0.003584
0 0.171709 0.192396 0.001721 0.002566
0 0.171129 0.200651 0.001841 0.002758
0 0.159025 0.187455 0.002201 0.003103
0 0.151002 0.189179 0.002161 0.003026
0 0.194740 0.248849 0.002830 0.002348
0 0.212294 0.221079 0.002339 0.002165
0 0.240496 0.219034 0.002929 0.002753
0 0.262811 0.207436 0.003355 0.003314
0 0.289470 0.206654 0.002292 0.003656
0 0.324003 0.198366 0.002401 0.004098
0 0.328305 0.195148 0.002921 0.002643
0 0.331106 0.191816 0.002601 0.003715
0 0.333927 0.187986 0.002321 0.003179
0 0.336788 0.186817 0.001961 0.002298
0 0.337988 0.188445 0.001881 0.002720
0 0.336968 0.189652 0.002161 0.002068
0 0.335247 0.189307 0.001841 0.002605
0 0.346251 0.187219 0.002001 0.002413
0 0.359312 0.184740 0.001720 0.002849
0 0.358006 0.184534 0.001951 0.003134
0 0.447604 0.224534 0.002518 0.003152
0 0.536245 0.042394 0.002481 0.003054
0 0.533091 0.044362 0.002127 0.002918
0 0.531531 0.047585 0.002410 0.002443
0 0.534027 0.053528 0.002201 0.002570
0 0.537328 0.053654 0.002201 0.002991
0 0.549894 0.060185 0.002069 0.001896
0 0.548442 0.059321 0.001981 0.002528
0 0.548486 0.062060 0.001805 0.002697
0 0.549212 0.051274 0.002113 0.002612
0 0.550929 0.052474 0.001849 0.003076
0 0.561998 0.060164 0.002421 0.002697
0 0.563055 0.060754 0.002069 0.002612
0 0.567610 0.065346 0.003081 0.002865
0 0.571638 0.062397 0.002157 0.003118
0 0.571858 0.065178 0.002421 0.002612
0 0.576259 0.064440 0.002861 0.002065
0 0.569547 0.057889 0.002641 0.001685
0 0.570581 0.059447 0.002949 0.002022
0 0.556893 0.050241 0.002245 0.002149
0 0.570867 0.039708 0.002553 0.002570
0 0.573926 0.043563 0.002949 0.002107
0 0.574521 0.044827 0.003345 0.001854
0 0.583037 0.038971 0.003213 0.002697
0 0.581849 0.041478 0.002421 0.003329
0 0.585194 0.046260 0.001805 0.003455
0 0.591070 0.049251 0.002377 0.002865
0 0.536338 0.036169 0.002509 0.001980
0 0.548838 0.031071 0.003741 0.002486
0 0.555726 0.033514 0.002817 0.003329
0 0.565762 0.032356 0.002377 0.003455
0 0.597576 0.052493 0.001687 0.002659
0 0.597278 0.055247 0.002083 0.002406
0 0.599610 0.052905 0.002646 0.001899
0 0.603842 0.053934 0.002050 0.002501
0 0.604669 0.051480 0.001720 0.002089
0 0.604107 0.049201 0.002712 0.002406
0 0.607662 0.050847 0.002216 0.002469
0 0.613085 0.049534 0.002216 0.004274
0 0.616987 0.041477 0.002149 0.002532
0 0.606984 0.033595 0.001786 0.002722
0 0.603694 0.031917 0.002348 0.003102
0 0.611812 0.029116 0.002910 0.002627
0 0.534114 0.112141 0.002361 0.002720
0 0.535775 0.119399 0.001841 0.001992
0 0.533154 0.120899 0.002083 0.002374
0 0.534626 0.120804 0.001852 0.002121
0 0.535948 0.122197 0.001852 0.002184
0 0.538148 0.123084 0.002216 0.002311
0 0.538197 0.118050 0.001852 0.002248
0 0.539520 0.116214 0.001984 0.002184
0 0.527003 0.122925 0.001885 0.002437
0 0.687427 0.280635 0.002264 0.003071
0 0.695812 0.273466 0.002410 0.003664
0 0.690176 0.263050 0.003473 0.002646
0 0.702933 0.262355 0.002024 0.002651
0 0.696196 0.262738 0.002077 0.002294
0 0.714064 0.255753 0.003195 0.003620
0 0.718910 0.253331 0.003195 0.003059
0 0.733396 0.255855 0.002343 0.002804
0 0.738056 0.259041 0.001758 0.002855
0 0.748148 0.252669 0.001811 0.002549
0 0.751584 0.248335 0.002397 0.002345
0 0.759838 0.251522 0.001971 0.002600
0 0.787932 0.260265 0.002237 0.002039
0 0.781541 0.259041 0.001917 0.002855
0 0.795787 0.258379 0.002397 0.003059
0 0.802551 0.256135 0.002397 0.002651
0 0.815360 0.266026 0.002130 0.002345
0 0.815360 0.269798 0.002982 0.002039
0 0.747917 0.235572 0.002461 0.003309
0 0.754713 0.231282 0.002929 0.003365
0 0.787929 0.235852 0.002343 0.002860
0 0.813091 0.227580 0.003105 0.003365
0 0.825394 0.229207 0.002988 0.002692
0 0.836319 0.227889 0.002695 0.002860
0 0.865675 0.233518 0.002823 0.003620
0 0.870335 0.239381 0.004793 0.003008
0 0.830760 0.086206 0.003190 0.003121
0 0.829342 0.078266 0.002056 0.003257
0 0.884434 0.293926 0.002642 0.003974
0 0.889388 0.300971 0.002170 0.003251
0 0.865801 0.281011 0.002170 0.003251
0 0.902172 0.307564 0.002453 0.003432
0 0.906088 0.309641 0.002170 0.002710
0 0.587887 0.407435 0.002901 0.003835
0 0.616482 0.352691 0.002072 0.003306
0 0.638653 0.354145 0.001934 0.002777
0 0.121820 0.268441 0.003039 0.003636
0 0.105827 0.146097 0.002623 0.003868
0 0.101609 0.144129 0.002127 0.003189
0 0.101645 0.137411 0.002906 0.002239
0 0.087361 0.132119 0.002127 0.002511
0 0.091720 0.124349 0.002765 0.003121
0 0.082647 0.119871 0.002056 0.002036
0 0.082966 0.122958 0.002268 0.002511
0 0.081655 0.125197 0.001914 0.001968
0 0.373621 0.191010 0.002735 0.004509
