0 0.727764 0.726368 0.001819 0.002415
0 0.736197 0.728227 0.002216 0.003464
0 0.735453 0.731739 0.002183 0.002860
0 0.733088 0.737554 0.002083 0.002860
0 0.734345 0.739015 0.002745 0.003686
0 0.726822 0.734265 0.003770 0.002002
0 0.726756 0.735552 0.003902 0.001970
0 0.755509 0.724776 0.003075 0.002447
0 0.751126 0.666257 0.001918 0.002765
0 0.760005 0.660219 0.002414 0.003464
0 0.764685 0.667258 0.002579 0.004004
0 0.747505 0.658011 0.002414 0.003051
0 0.745620 0.650591 0.002679 0.003845
0 0.708924 0.655540 0.002216 0.003591
0 0.708131 0.650774 0.003009 0.003718
0 0.750758 0.637458 0.002381 0.003146
0 0.746244 0.637156 0.001951 0.002479
0 0.749717 0.630515 0.002149 0.002860
0 0.746443 0.632628 0.002017 0.004480
0 0.757769 0.626034 0.001786 0.003940
0 0.746955 0.625113 0.002249 0.003241
0 0.710061 0.612726 0.003571 0.004385
0 0.679112 0.654249 0.002921 0.003883
0 0.671409 0.649770 0.002801 0.002768
0 0.667488 0.644925 0.002401 0.002768
0 0.666228 0.644329 0.002281 0.003037
0 0.652528 0.646481 0.002201 0.003076
0 0.651247 0.650980 0.001961 0.003076
0 0.653448 0.652921 0.002041 0.003268
0 0.660590 0.633697 0.002401 0.002884
0 0.631799 0.644311 0.002465 0.002622
0 0.627191 0.639810 0.002017 0.003019
0 0.624033 0.632438 0.002712 0.003718
0 0.618345 0.629610 0.002249 0.003337
0 0.609053 0.625447 0.001852 0.003019
0 0.611533 0.616931 0.001918 0.002892
0 0.618329 0.611672 0.002149 0.002796
0 0.622248 0.614977 0.002381 0.003178
0 0.598720 0.634064 0.002364 0.002482
0 0.600503 0.631548 0.002219 0.003041
0 0.580099 0.594015 0.002885 0.003372
0 0.598735 0.590643 0.002573 0.003522
0 0.618697 0.580303 0.002573 0.003072
0 0.611484 0.599484 0.002027 0.003522
0 0.617176 0.607089 0.002651 0.003297
0 0.622751 0.605816 0.003353 0.002248
0 0.626182 0.601657 0.002573 0.002622
0 0.624662 0.597199 0.002183 0.003147
0 0.640686 0.593528 0.002573 0.002997
0 0.648990 0.585173 0.002495 0.003222
0 0.650621 0.576045 0.002916 0.003874
0 0.817603 0.684584 0.001992 0.003603
0 0.842267 0.687455 0.002695 0.003040
0 0.781814 0.666496 0.003802 0.001920
0 0.799214 0.655319 0.003802 0.004458
0 0.798183 0.662967 0.004060 0.002663
0 0.752173 0.632818 0.003121 0.001692
0 0.624509 0.617369 0.002578 0.003378
0 0.583815 0.556582 0.003587 0.003447
