0 0.037092 0.707891 0.001991 0.003656
0 0.031188 0.713359 0.001991 0.003854
0 0.027781 0.717492 0.002193 0.003162
0 0.025115 0.713095 0.002395 0.003920
0 0.030047 0.653426 0.002126 0.004084
0 0.039966 0.653953 0.001923 0.003623
0 0.035125 0.659371 0.001012 0.002635
0 0.040185 0.659865 0.001012 0.002635
0 0.039645 0.659173 0.001012 0.002635
0 0.037419 0.657460 0.001012 0.002635
0 0.036373 0.657428 0.001012 0.002635
0 0.065338 0.663533 0.001012 0.002635
0 0.058034 0.667320 0.002530 0.003458
0 0.074820 0.664667 0.002969 0.002767
0 0.088433 0.660813 0.003880 0.001910
0 0.096564 0.660780 0.002598 0.003162
0 0.099348 0.662081 0.002362 0.003393
0 0.100883 0.656959 0.002733 0.003030
0 0.098622 0.657848 0.003610 0.002437
0 0.103329 0.664024 0.001012 0.002635
0 0.076329 0.640021 0.002497 0.003129
0 0.077476 0.642162 0.001012 0.002635
0 0.078151 0.631589 0.001012 0.002635
0 0.077206 0.631523 0.001012 0.002635
0 0.091545 0.644500 0.001350 0.002635
0 0.103252 0.640317 0.001350 0.002635
0 0.128086 0.652602 0.001350 0.002635
0 0.130684 0.647365 0.001350 0.002635
0 0.131814 0.649177 0.001991 0.001943
0 0.132725 0.648337 0.002733 0.001845
0 0.159766 0.651732 0.002227 0.003007
0 0.173387 0.648145 0.001484 0.002899
0 0.192801 0.636427 0.001976 0.003858
0 0.186281 0.638693 0.001976 0.003858
0 0.114801 0.624251 0.002524 0.003623
0 0.124895 0.619232 0.001484 0.002899
0 0.121444 0.612530 0.001484 0.002899
0 0.115283 0.607638 0.001484 0.002899
0 0.114504 0.600428 0.001484 0.002899
0 0.106228 0.595428 0.001484 0.002899
0 0.106191 0.600646 0.001484 0.002899
0 0.127277 0.552032 0.001350 0.002635
0 0.146233 0.588327 0.001976 0.003858
0 0.143466 0.588785 0.002470 0.003086
0 0.143936 0.608846 0.002717 0.003665
0 0.172621 0.594610 0.003112 0.003906
0 0.106645 0.462250 0.002294 0.003788
0 0.134783 0.452204 0.002632 0.003656
0 0.139894 0.452237 0.002193 0.003458
0 0.199886 0.608800 0.002935 0.002866
0 0.223363 0.585828 0.002387 0.004448
0 0.244987 0.591124 0.003254 0.003742
0 0.248130 0.609872 0.004149 0.002749
0 0.275810 0.638757 0.002126 0.003524
0 0.280938 0.634261 0.002800 0.003557
0 0.287045 0.637456 0.002126 0.003360
0 0.298971 0.637933 0.001350 0.002635
0 0.292578 0.638691 0.002058 0.003327
0 0.297453 0.635364 0.003306 0.002668
0 0.300827 0.629699 0.001350 0.002635
0 0.306900 0.626175 0.001350 0.002964
0 0.352908 0.644682 0.001350 0.002635
0 0.341538 0.649854 0.001350 0.002635
0 0.283353 0.607406 0.001350 0.002635
0 0.275762 0.596734 0.001350 0.002635
0 0.274834 0.603009 0.002395 0.003294
0 0.273879 0.570323 0.003470 0.001674
0 0.280411 0.575265 0.002164 0.003188
0 0.286493 0.572475 0.002000 0.003268
0 0.293719 0.567414 0.004041 0.001754
0 0.291984 0.574129 0.003021 0.002351
0 0.292698 0.577019 0.002245 0.003029
0 0.303292 0.572874 0.002694 0.002949
0 0.309252 0.569745 0.002204 0.003149
0 0.311885 0.571818 0.002082 0.002989
0 0.318233 0.576899 0.002204 0.003029
0 0.335726 0.572894 0.002817 0.002591
0 0.343687 0.575604 0.001837 0.003228
0 0.332583 0.571260 0.002164 0.003467
0 0.306487 0.591106 0.002515 0.003770
0 0.312437 0.603711 0.001931 0.003814
0 0.332846 0.599020 0.001976 0.003902
0 0.304556 0.615657 0.001886 0.003507
0 0.324426 0.613355 0.003637 0.002061
0 0.319195 0.618090 0.000898 0.003069
0 0.318521 0.618485 0.000898 0.003069
0 0.317489 0.617915 0.000898 0.003069
0 0.438916 0.536717 0.002118 0.004135
0 0.395080 0.533823 0.002118 0.004135
0 0.355373 0.558839 0.002118 0.004135
0 0.381527 0.587061 0.002118 0.004135
0 0.384491 0.592953 0.002118 0.004135
0 0.384068 0.588921 0.002118 0.004135
0 0.390103 0.588714 0.001059 0.004135
0 0.391268 0.588714 0.001059 0.004135
0 0.355585 0.577447 0.001059 0.004135
0 0.385338 0.597398 0.001059 0.004135
0 0.387138 0.611457 0.001059 0.004135
0 0.367126 0.604634 0.001059 0.004135
0 0.369667 0.630064 0.001059 0.004135
0 0.358708 0.620709 0.002435 0.003308
0 0.381844 0.622931 0.002753 0.003825
0 0.381421 0.618073 0.001694 0.003618
0 0.389891 0.616212 0.002965 0.003205
0 0.400903 0.610113 0.001906 0.004445
0 0.395503 0.606753 0.002541 0.003721
0 0.403974 0.617763 0.002118 0.003618
0 0.412763 0.619572 0.001906 0.003928
0 0.390209 0.597605 0.002753 0.003825
0 0.392803 0.599362 0.002435 0.002998
0 0.393068 0.602618 0.001906 0.003308
0 0.369667 0.574087 0.002965 0.003308
0 0.372632 0.580961 0.001906 0.003205
0 0.378138 0.584580 0.003177 0.002791
0 0.356379 0.575276 0.003071 0.002791
0 0.369720 0.616522 0.003071 0.003205
0 0.370514 0.617866 0.003177 0.002378
0 0.426941 0.617915 0.003833 0.002612
0 0.435945 0.619539 0.004050 0.002048
0 0.446945 0.610434 0.002038 0.003402
0 0.436195 0.596602 0.001841 0.003594
0 0.432908 0.589958 0.002367 0.003402
0 0.423736 0.608316 0.001775 0.003145
0 0.423966 0.612905 0.002104 0.002824
0 0.426498 0.610338 0.003616 0.001669
0 0.429916 0.611750 0.001907 0.003081
0 0.426530 0.613611 0.002104 0.002439
0 0.425873 0.615087 0.003550 0.001926
0 0.428700 0.613066 0.003945 0.001990
0 0.449838 0.604657 0.002170 0.003274
0 0.454999 0.600581 0.003024 0.003081
0 0.455262 0.611846 0.001972 0.003145
0 0.457267 0.612424 0.001775 0.003659
0 0.432809 0.574104 0.001907 0.003787
0 0.438726 0.576736 0.002959 0.003659
0 0.462132 0.574104 0.002433 0.003915
0 0.464367 0.580041 0.002564 0.003081
0 0.460916 0.594580 0.002761 0.003659
0 0.449673 0.587776 0.001315 0.002567
0 0.450594 0.588097 0.001315 0.002567
0 0.486805 0.581024 0.002499 0.002865
0 0.495472 0.571422 0.002336 0.003395
0 0.480638 0.576144 0.001793 0.003607
0 0.476427 0.574923 0.001739 0.003289
0 0.469158 0.587910 0.002193 0.002866
0 0.470524 0.587432 0.002092 0.003294
0 0.489959 0.599453 0.000816 0.002391
0 0.480570 0.605730 0.001796 0.002790
0 0.489551 0.608540 0.001225 0.002790
0 0.489755 0.612007 0.001225 0.002790
0 0.474405 0.609257 0.001225 0.002790
0 0.475589 0.607504 0.001225 0.002790
0 0.469711 0.617706 0.001225 0.002790
0 0.475222 0.617348 0.001225 0.002790
0 0.466812 0.621533 0.001225 0.002790
0 0.469548 0.622868 0.002286 0.002949
0 0.465343 0.621871 0.001960 0.002870
0 0.462853 0.615694 0.001878 0.002949
0 0.462342 0.613183 0.002654 0.002551
0 0.461342 0.611370 0.001225 0.002790
0 0.481995 0.642213 0.002021 0.002367
0 0.477257 0.631494 0.001347 0.003069
0 0.472587 0.630311 0.001347 0.003069
0 0.522979 0.609057 0.001012 0.002306
0 0.519538 0.610095 0.001957 0.003491
0 0.542035 0.598327 0.004184 0.001746
0 0.568729 0.596212 0.002367 0.004108
0 0.572148 0.629910 0.002367 0.003851
0 0.585593 0.633858 0.002301 0.003530
0 0.565108 0.669082 0.003659 0.004272
0 0.605810 0.635615 0.003705 0.002025
0 0.616751 0.636266 0.003754 0.002459
0 0.625617 0.632505 0.002322 0.004003
0 0.623401 0.576480 0.001926 0.003858
0 0.644740 0.574093 0.003013 0.003520
0 0.662844 0.569126 0.003557 0.002170
0 0.668426 0.582436 0.002173 0.003810
0 0.678206 0.591189 0.002173 0.003569
0 0.667150 0.574101 0.001012 0.002306
0 0.665801 0.573837 0.001012 0.002306
0 0.664249 0.573574 0.001012 0.002306
0 0.656898 0.623192 0.001347 0.003069
0 0.648591 0.629417 0.001347 0.003069
0 0.648276 0.632091 0.001347 0.003069
0 0.654136 0.638733 0.003009 0.002543
0 0.663679 0.633626 0.003054 0.002148
0 0.673850 0.640004 0.003188 0.001666
0 0.685233 0.636344 0.002155 0.002674
0 0.691273 0.635708 0.002560 0.002367
0 0.691139 0.639150 0.001751 0.003288
0 0.693339 0.637462 0.003188 0.001754
0 0.685323 0.639237 0.001347 0.003069
0 0.699603 0.636037 0.001347 0.003069
0 0.705216 0.633713 0.001347 0.003069
0 0.708584 0.632486 0.001347 0.003069
0 0.698526 0.630513 0.001347 0.003069
0 0.694372 0.628584 0.003188 0.002499
0 0.700367 0.626041 0.002784 0.002937
0 0.707641 0.638886 0.002964 0.002674
0 0.710695 0.635226 0.002245 0.003420
0 0.699805 0.643007 0.003637 0.001797
0 0.715410 0.636344 0.002964 0.002762
0 0.691363 0.622249 0.002021 0.003332
0 0.675511 0.615761 0.003098 0.002280
0 0.665834 0.609820 0.001347 0.003069
0 0.666149 0.612977 0.001347 0.003069
0 0.668169 0.607365 0.001347 0.003069
0 0.714608 0.604180 0.001750 0.003246
0 0.720431 0.612924 0.001482 0.003376
0 0.733892 0.595998 0.002519 0.003328
0 0.740387 0.584110 0.002173 0.003665
0 0.746488 0.581603 0.002519 0.002990
0 0.740412 0.575261 0.002618 0.003038
0 0.764766 0.569355 0.002735 0.002630
0 0.758316 0.572902 0.001837 0.003268
0 0.778911 0.577625 0.002286 0.002511
0 0.775401 0.584520 0.001225 0.002790
0 0.775278 0.588107 0.001225 0.002790
0 0.784014 0.595899 0.002041 0.003029
0 0.769420 0.598948 0.002164 0.002750
0 0.757500 0.602694 0.001755 0.003069
0 0.771441 0.612857 0.002123 0.002909
0 0.758622 0.628301 0.003266 0.001833
0 0.760480 0.630533 0.002572 0.003029
0 0.757602 0.614132 0.001225 0.002790
0 0.747028 0.622661 0.001225 0.002790
0 0.766379 0.633103 0.001225 0.002790
0 0.762990 0.623180 0.001225 0.002790
0 0.766583 0.624853 0.001225 0.002790
0 0.764215 0.619154 0.001225 0.002790
0 0.782565 0.626707 0.002245 0.002949
0 0.734659 0.630593 0.001225 0.002790
0 0.733598 0.629277 0.001225 0.002790
0 0.727658 0.625292 0.002000 0.003467
0 0.746192 0.630134 0.002409 0.002232
0 0.745743 0.631310 0.002980 0.001873
0 0.743191 0.637747 0.003348 0.002471
0 0.742089 0.633940 0.001225 0.002790
0 0.740007 0.642709 0.001225 0.002790
0 0.734700 0.638205 0.001225 0.002790
0 0.733924 0.642430 0.001225 0.002790
0 0.728658 0.646096 0.001225 0.002790
0 0.728536 0.642031 0.001225 0.002790
0 0.730413 0.645339 0.001225 0.002790
0 0.731393 0.645459 0.001225 0.002790
0 0.738986 0.653728 0.003266 0.002072
0 0.751172 0.648248 0.002735 0.002830
0 0.756928 0.651875 0.002980 0.002670
0 0.763541 0.650480 0.003633 0.002351
0 0.768869 0.651118 0.002449 0.003786
0 0.777278 0.649922 0.001225 0.002790
0 0.766093 0.656618 0.001225 0.002790
0 0.758418 0.664031 0.001225 0.002790
0 0.768317 0.686922 0.001972 0.004493
0 0.757722 0.675356 0.003070 0.002767
0 0.758367 0.672437 0.001482 0.003376
0 0.789304 0.628636 0.001972 0.004493
0 0.791294 0.636668 0.001793 0.004085
0 0.789217 0.644047 0.001482 0.003376
0 0.791835 0.649303 0.001482 0.003376
0 0.786006 0.653161 0.001482 0.003376
0 0.794675 0.649327 0.003507 0.002604
0 0.803937 0.636427 0.003359 0.002459
0 0.811643 0.644432 0.001482 0.003376
0 0.826758 0.635511 0.001482 0.003376
0 0.814928 0.660057 0.002914 0.002845
0 0.815348 0.654897 0.002569 0.002749
0 0.815051 0.653233 0.003557 0.001833
0 0.837971 0.660105 0.001482 0.003376
0 0.856989 0.670377 0.001482 0.003376
0 0.856717 0.672933 0.003803 0.002170
0 0.835254 0.682675 0.001482 0.003376
0 0.829426 0.683639 0.001482 0.003376
0 0.839058 0.679444 0.001482 0.003376
0 0.814261 0.676044 0.003458 0.002508
0 0.850525 0.641503 0.001630 0.003713
0 0.826550 0.649318 0.001347 0.003069
0 0.825158 0.649932 0.001347 0.003069
0 0.824686 0.647893 0.001931 0.002630
0 0.826011 0.643268 0.001347 0.003069
0 0.826572 0.646469 0.002829 0.001797
0 0.827066 0.645482 0.003997 0.001666
0 0.876536 0.660076 0.003682 0.002017
0 0.880577 0.669742 0.002425 0.002850
0 0.873887 0.672570 0.002066 0.003683
0 0.893937 0.668537 0.002739 0.003770
0 0.891759 0.676187 0.001886 0.003463
0 0.886749 0.654482 0.002272 0.003328
0 0.891688 0.653252 0.001976 0.003279
0 0.909668 0.657665 0.001877 0.002845
0 0.917078 0.657472 0.002865 0.001977
0 0.921351 0.657737 0.002618 0.002122
0 0.922487 0.653276 0.002618 0.002459
0 0.923154 0.655398 0.001482 0.003376
0 0.954522 0.680047 0.002625 0.003883
0 0.934905 0.677103 0.002570 0.003443
0 0.801660 0.587679 0.002761 0.003402
0 0.844691 0.583282 0.002170 0.003723
0 0.708477 0.543747 0.002562 0.003752
0 0.734451 0.545737 0.003727 0.003184
0 0.795658 0.556881 0.002679 0.003411
0 0.803170 0.551934 0.002329 0.003525
0 0.815516 0.558586 0.003727 0.002729
0 0.967048 0.594007 0.002329 0.003070
0 0.957439 0.578770 0.002213 0.003525
0 0.947073 0.580874 0.002446 0.003411
0 0.927098 0.552730 0.002097 0.003752
0 0.921333 0.561031 0.002213 0.003298
0 0.894410 0.499150 0.002647 0.003618
0 0.855921 0.453924 0.002329 0.003308
0 0.850733 0.462090 0.002329 0.003101
0 0.839456 0.448083 0.003282 0.003411
0 0.810157 0.417594 0.001889 0.002833
