0 0.944690 0.809071 0.004537 0.005131
0 0.932743 0.813063 0.004235 0.005131
0 0.930172 0.812207 0.002722 0.004561
0 0.925786 0.811067 0.003630 0.006272
0 0.913083 0.795673 0.004235 0.006842
0 0.909604 0.792252 0.004537 0.006272
0 0.902950 0.786692 0.005747 0.006557
0 0.893120 0.788260 0.004235 0.005702
0 0.890700 0.797098 0.005444 0.008552
0 0.868469 0.769587 0.006957 0.007127
0 0.855161 0.780848 0.006957 0.008552
0 0.840491 0.786835 0.004235 0.005131
0 0.834744 0.783984 0.006049 0.006272
0 0.816142 0.747351 0.005747 0.006557
0 0.802078 0.745213 0.006049 0.006842
0 0.799809 0.763886 0.004537 0.005987
0 0.802078 0.770015 0.006049 0.004561
0 0.801624 0.771868 0.005747 0.004846
0 0.799961 0.774291 0.004839 0.005702
0 0.795726 0.769587 0.006049 0.008838
0 0.763362 0.775432 0.004235 0.006272
0 0.755347 0.776857 0.002722 0.003991
0 0.757615 0.780278 0.003630 0.004561
0 0.739165 0.766166 0.006654 0.007697
0 0.701508 0.766166 0.005142 0.005987
0 0.682604 0.762888 0.004235 0.005131
0 0.674437 0.758327 0.004235 0.006272
0 0.671412 0.757757 0.003630 0.006272
0 0.670203 0.757329 0.003630 0.007127
0 0.675042 0.723404 0.006049 0.007697
0 0.659616 0.712001 0.004839 0.006557
0 0.659314 0.708295 0.003630 0.005987
0 0.658104 0.696749 0.003630 0.006842
0 0.628709 0.764746 0.005371 0.005257
0 0.624371 0.763286 0.003719 0.004284
0 0.619723 0.759197 0.003099 0.005841
0 0.622202 0.755692 0.006404 0.006231
0 0.605778 0.768154 0.004958 0.005063
0 0.590491 0.736902 0.003719 0.008762
0 0.597308 0.734078 0.004132 0.006231
0 0.600304 0.727069 0.004338 0.006620
0 0.596792 0.725414 0.004338 0.007983
0 0.536571 0.760852 0.003305 0.005257
0 0.532129 0.758515 0.003512 0.006815
0 0.529340 0.752868 0.004545 0.003310
0 0.519631 0.751798 0.003719 0.004673
0 0.505273 0.762604 0.003512 0.005257
0 0.503827 0.763091 0.001859 0.005063
0 0.506616 0.767180 0.002479 0.005063
0 0.497526 0.771464 0.002892 0.005063
0 0.388489 0.722123 0.004772 0.003855
0 0.389398 0.718268 0.004772 0.004712
0 0.265537 0.719812 0.006039 0.007209
0 0.237759 0.708808 0.003623 0.007968
0 0.234740 0.707670 0.004026 0.006451
