0 0.167180 0.539158 0.002366 0.004687
0 0.163631 0.542205 0.002366 0.003750
0 0.148884 0.559002 0.002366 0.003750
0 0.176802 0.540330 0.002366 0.003750
0 0.173016 0.534393 0.002366 0.003750
0 0.175777 0.535408 0.002366 0.003750
0 0.156060 0.557752 0.002366 0.003750
0 0.241748 0.594939 0.002366 0.003750
0 0.262410 0.586384 0.001893 0.003516
0 0.236542 0.595290 0.001893 0.003516
0 0.238514 0.594509 0.001893 0.003516
0 0.258624 0.584743 0.001893 0.003516
0 0.255312 0.575447 0.001893 0.003516
0 0.256416 0.569900 0.001893 0.003516
0 0.258782 0.572165 0.001893 0.003516
0 0.259965 0.573337 0.001893 0.003516
0 0.247347 0.598025 0.001893 0.003516
0 0.245139 0.599353 0.001893 0.003516
0 0.249871 0.596228 0.001893 0.003516
0 0.260005 0.578337 0.002918 0.003828
0 0.255509 0.590447 0.002918 0.003828
0 0.253222 0.594743 0.002918 0.003828
0 0.232087 0.601814 0.004180 0.002500
0 0.237844 0.597283 0.004180 0.002500
0 0.259098 0.575173 0.003470 0.002500
0 0.245691 0.596423 0.003470 0.002500
0 0.241984 0.597595 0.003470 0.002500
0 0.187857 0.589778 0.003470 0.002500
0 0.329662 0.525680 0.005589 0.004026
0 0.351498 0.583691 0.003470 0.002500
0 0.367587 0.591112 0.003470 0.002500
0 0.365379 0.598066 0.003470 0.002500
0 0.362066 0.593847 0.003943 0.003906
0 0.357610 0.595175 0.003391 0.003438
0 0.354614 0.596425 0.003391 0.003438
0 0.351222 0.592206 0.003391 0.003438
0 0.358320 0.579081 0.003391 0.003438
0 0.362894 0.574394 0.003391 0.003438
0 0.365536 0.594003 0.002050 0.003438
0 0.374921 0.589941 0.002050 0.003438
0 0.363407 0.597519 0.002050 0.003438
0 0.356546 0.569120 0.002050 0.004297
0 0.317024 0.567418 0.002050 0.004297
0 0.349358 0.557184 0.002050 0.004297
0 0.356692 0.553434 0.002050 0.004297
0 0.358467 0.557262 0.003707 0.004297
0 0.356101 0.559059 0.003707 0.004297
0 0.446500 0.576438 0.003707 0.004297
0 0.436800 0.583235 0.002603 0.004297
0 0.449023 0.575969 0.002603 0.004297
0 0.454702 0.571672 0.002603 0.004297
0 0.462115 0.576047 0.002603 0.004297
0 0.476311 0.582297 0.002603 0.004297
0 0.450285 0.573235 0.002603 0.004297
0 0.452178 0.570032 0.002603 0.004297
0 0.472052 0.551125 0.002603 0.004297
0 0.440585 0.585891 0.002603 0.004297
0 0.502580 0.556801 0.002603 0.004297
0 0.499031 0.559691 0.002603 0.004297
0 0.508495 0.560160 0.002603 0.004297
0 0.497139 0.557504 0.002603 0.004297
0 0.495719 0.555473 0.002603 0.004297
0 0.493669 0.549535 0.002603 0.004297
0 0.492565 0.552113 0.002603 0.004297
0 0.491224 0.554770 0.002603 0.004297
0 0.486019 0.552348 0.002603 0.004297
0 0.545246 0.569535 0.002603 0.004297
0 0.553211 0.565551 0.002603 0.004297
0 0.550688 0.584691 0.002603 0.004297
0 0.545009 0.578910 0.002603 0.004297
0 0.556997 0.586645 0.002603 0.004297
0 0.534599 0.565941 0.002603 0.004297
0 0.534126 0.561020 0.002603 0.004297
0 0.522533 0.564691 0.002603 0.004297
0 0.520404 0.567895 0.002603 0.004297
0 0.519536 0.570941 0.002603 0.004297
0 0.527107 0.582270 0.002603 0.004297
0 0.528054 0.579535 0.002603 0.004297
0 0.524978 0.572660 0.002603 0.004297
0 0.540120 0.576645 0.002603 0.004297
0 0.544615 0.586723 0.004338 0.002266
0 0.539883 0.586332 0.004338 0.003359
0 0.532431 0.577738 0.004732 0.003359
0 0.510861 0.590316 0.004180 0.002578
0 0.521981 0.579613 0.004180 0.002578
0 0.485230 0.589535 0.004180 0.002578
0 0.489252 0.589613 0.003707 0.002266
0 0.597691 0.621957 0.003707 0.002266
0 0.605759 0.625820 0.004077 0.002492
0 0.718906 0.699355 0.003707 0.002266
0 0.722613 0.700995 0.003707 0.002266
0 0.724584 0.702870 0.003707 0.002266
0 0.725925 0.704433 0.003707 0.002266
0 0.711808 0.692636 0.003707 0.002266
0 0.762755 0.698495 0.003707 0.002266
0 0.783968 0.625401 0.005427 0.003317
0 0.894292 0.697593 0.003707 0.002266
0 0.576194 0.592945 0.003707 0.002266
0 0.538166 0.521962 0.003707 0.002266
0 0.003825 0.621292 0.005363 0.004687
0 0.003983 0.615941 0.004416 0.004922
0 0.007413 0.619222 0.004495 0.006484
0 0.492763 0.617105 0.002445 0.004219
0 0.503252 0.588589 0.002445 0.004219
0 0.492132 0.587691 0.002445 0.003984
0 0.494498 0.588550 0.002445 0.003984
0 0.496706 0.589566 0.002445 0.003984
0 0.521706 0.586441 0.002445 0.003984
0 0.526004 0.559878 0.003470 0.003984
0 0.476162 0.557222 0.003470 0.003984
0 0.482944 0.552261 0.004101 0.002812
0 0.576950 0.597496 0.004101 0.002812
0 0.569695 0.590738 0.004101 0.003984
0 0.592171 0.609410 0.004101 0.003984
0 0.605499 0.622457 0.002050 0.003984
0 0.606051 0.629722 0.002050 0.003984
0 0.638465 0.653628 0.002050 0.003984
0 0.626319 0.651441 0.002050 0.003984
0 0.632234 0.654957 0.002050 0.003984
0 0.618748 0.646832 0.002050 0.005547
0 0.646706 0.658707 0.005047 0.004453
0 0.635428 0.661402 0.003549 0.003594
0 0.559524 0.549709 0.002366 0.003594
0 0.573325 0.560803 0.002366 0.003594
0 0.576243 0.557912 0.002366 0.003594
0 0.569540 0.561037 0.002366 0.003594
0 0.574903 0.565412 0.002366 0.003594
0 0.587363 0.565334 0.002366 0.003594
0 0.582395 0.561271 0.002366 0.003594
0 0.581133 0.559318 0.002366 0.003594
0 0.554071 0.536473 0.002366 0.003594
0 0.544923 0.525067 0.002366 0.003594
0 0.607147 0.539520 0.002366 0.003594
0 0.594513 0.602737 0.002366 0.003594
0 0.607920 0.629612 0.002366 0.003594
0 0.620854 0.647073 0.002366 0.003984
0 0.635089 0.657385 0.002918 0.004141
0 0.708397 0.691619 0.002918 0.004141
0 0.698933 0.678650 0.002918 0.004141
0 0.702167 0.684978 0.002918 0.004141
0 0.700984 0.681385 0.002918 0.004141
0 0.716993 0.695760 0.002918 0.004141
0 0.824429 0.663254 0.002918 0.004141
0 0.822694 0.656301 0.002918 0.004141
0 0.821511 0.654192 0.002918 0.004141
0 0.839334 0.668254 0.002918 0.004141
0 0.836416 0.668957 0.002918 0.004141
0 0.834445 0.664973 0.002918 0.004141
0 0.834445 0.672473 0.002918 0.004141
0 0.879082 0.680442 0.002918 0.004141
0 0.870407 0.673567 0.002918 0.004141
0 0.875139 0.676926 0.002918 0.004141
0 0.887205 0.685989 0.002918 0.004141
0 0.889729 0.686145 0.002918 0.004141
0 0.906132 0.719035 0.002918 0.004141
0 0.906448 0.729817 0.002918 0.004141
0 0.896590 0.703176 0.002918 0.004141
0 0.898956 0.712551 0.002918 0.004141
0 0.909602 0.730989 0.002918 0.004141
0 0.903845 0.714270 0.002918 0.004141
0 0.906211 0.714973 0.002918 0.004141
0 0.981705 0.692019 0.004732 0.003438
0 0.749700 0.229068 0.010161 0.005536
0 0.852030 0.744622 0.005126 0.007500
0 0.597235 0.607660 0.002445 0.004844
0 0.594947 0.607660 0.002445 0.004844
0 0.523066 0.570804 0.002445 0.004453
0 0.527404 0.576194 0.002445 0.004453
0 0.498768 0.586896 0.004338 0.002812
0 0.460203 0.574240 0.004338 0.002812
