0 0.789956 0.361457 0.002804 0.003164
0 0.780226 0.361457 0.003229 0.003009
0 0.760258 0.358564 0.002379 0.003549
0 0.733491 0.349304 0.002719 0.003704
0 0.846242 0.411108 0.002365 0.003735
0 0.832876 0.417177 0.001954 0.003174
0 0.648002 0.335989 0.002159 0.003268
0 0.827582 0.417277 0.002409 0.003554
0 0.602287 0.333329 0.002056 0.003174
0 0.576832 0.334381 0.002858 0.003297
0 0.563700 0.323473 0.002549 0.002525
0 0.553967 0.324104 0.002549 0.003227
0 0.533148 0.321263 0.002626 0.003297
0 0.525926 0.323753 0.002086 0.002666
0 0.527702 0.330733 0.003013 0.002736
0 0.529054 0.337783 0.002008 0.003507
0 0.531874 0.337993 0.003013 0.003087
0 0.511866 0.342763 0.002240 0.003087
0 0.502403 0.354338 0.002163 0.003227
0 0.489271 0.362685 0.004171 0.002245
0 0.118881 0.451664 0.002317 0.003858
0 0.104899 0.456679 0.004635 0.002806
0 0.086514 0.479512 0.002008 0.003718
0 0.100235 0.359758 0.002781 0.004279
0 0.120590 0.404863 0.002395 0.003858
0 0.080189 0.327876 0.002086 0.002946
0 0.078914 0.312127 0.002317 0.003718
0 0.079610 0.305113 0.003090 0.002876
0 0.079262 0.302377 0.002858 0.002315
0 0.081039 0.303359 0.001777 0.002455
0 0.080073 0.300518 0.002472 0.002525
