0 0.987464 0.173077 0.002134 0.003862
0 0.986590 0.171951 0.002328 0.003218
0 0.985135 0.185790 0.002522 0.003218
0 0.992702 0.209848 0.002522 0.004023
0 0.986202 0.206227 0.002716 0.004506
0 0.982516 0.219664 0.003104 0.004667
0 0.977083 0.181365 0.002328 0.003701
0 0.976113 0.174847 0.002328 0.003540
0 0.975919 0.170583 0.004269 0.002414
0 0.974949 0.171387 0.003881 0.003058
0 0.927800 0.180480 0.004269 0.003540
0 0.949143 0.163583 0.005045 0.003540
0 0.910240 0.186031 0.003687 0.003701
0 0.935561 0.201721 0.004269 0.002575
0 0.937307 0.216204 0.002716 0.004506
0 0.934979 0.217250 0.003493 0.003701
0 0.937695 0.226664 0.002328 0.004184
0 0.936046 0.225779 0.002134 0.004345
0 0.933135 0.193997 0.002134 0.003540
0 0.933911 0.195767 0.004075 0.002575
0 0.926732 0.198583 0.004851 0.003058
0 0.922367 0.201399 0.001940 0.003218
0 0.919262 0.198422 0.003493 0.004023
0 0.922464 0.198583 0.002910 0.004023
0 0.974755 0.246216 0.003881 0.003701
0 0.895494 0.196733 0.002522 0.003540
0 0.895688 0.199147 0.004075 0.003218
0 0.871628 0.196652 0.003687 0.003701
0 0.861539 0.201480 0.002910 0.003701
0 0.871822 0.206790 0.002910 0.003379
0 0.875800 0.222561 0.002716 0.004023
0 0.848539 0.190376 0.002522 0.003379
0 0.850091 0.193434 0.004075 0.003379
0 0.843300 0.196491 0.002522 0.004345
0 0.828457 0.177824 0.003881 0.003379
0 0.820307 0.183296 0.004657 0.003058
0 0.830203 0.208158 0.002716 0.003540
0 0.823800 0.205503 0.003881 0.003379
0 0.811867 0.200353 0.002522 0.003701
0 0.830300 0.227066 0.002910 0.003379
0 0.845046 0.235032 0.002910 0.004184
0 0.805561 0.199549 0.003104 0.004023
0 0.787613 0.197859 0.002910 0.003862
0 0.798285 0.204537 0.003298 0.003701
0 0.818367 0.229400 0.003493 0.003862
0 0.745800 0.214434 0.003493 0.003862
0 0.727173 0.200836 0.004269 0.003701
0 0.816233 0.260941 0.003493 0.003862
0 0.980231 0.252704 0.003125 0.004924
0 0.977262 0.251149 0.003437 0.003887
0 0.978044 0.284841 0.003750 0.004406
0 0.969919 0.276677 0.003125 0.004147
0 0.965857 0.284582 0.003125 0.003887
0 0.977731 0.303630 0.004375 0.005183
0 0.990699 0.301298 0.003437 0.005183
0 0.887266 0.291579 0.005312 0.004406
0 0.877892 0.324105 0.004062 0.004147
0 0.887891 0.322161 0.004062 0.004924
0 0.885235 0.319051 0.005000 0.003369
0 0.851174 0.318792 0.005000 0.003369
0 0.846643 0.315034 0.003437 0.005183
0 0.829925 0.326048 0.005000 0.004406
0 0.846474 0.323650 0.005500 0.005131
0 0.842693 0.336906 0.005500 0.004846
0 0.803335 0.312389 0.006531 0.004276
0 0.788039 0.312389 0.004125 0.004276
0 0.729088 0.320941 0.006531 0.004276
0 0.709839 0.222160 0.004469 0.004561
0 0.683478 0.205837 0.003881 0.004023
0 0.695217 0.211792 0.004075 0.004023
0 0.695023 0.214608 0.002910 0.003540
0 0.706956 0.215412 0.004269 0.004184
0 0.693956 0.232631 0.003881 0.004184
0 0.674553 0.200125 0.003881 0.002575
0 0.677367 0.200125 0.004851 0.002897
0 0.653344 0.232770 0.002999 0.004242
0 0.643995 0.204463 0.003704 0.004681
0 0.637204 0.198831 0.003528 0.005120
0 0.633236 0.196709 0.003704 0.004681
0 0.620976 0.191662 0.003881 0.003657
0 0.637293 0.239719 0.003351 0.004681
0 0.598398 0.205853 0.004233 0.004535
0 0.592578 0.192686 0.003881 0.004535
0 0.585169 0.193418 0.004586 0.003657
0 0.571499 0.193198 0.002646 0.004389
0 0.585081 0.215801 0.003351 0.004242
0 0.570882 0.216020 0.002822 0.004681
0 0.577937 0.179301 0.002822 0.003804
0 0.559857 0.194734 0.002999 0.004242
0 0.554654 0.201025 0.003528 0.004535
0 0.538338 0.198465 0.003704 0.004389
0 0.532411 0.151672 0.004057 0.004974
0 0.529677 0.186270 0.003528 0.004242
0 0.523679 0.198851 0.003881 0.005120
0 0.507099 0.184734 0.004586 0.004096
0 0.493958 0.182247 0.003351 0.002926
0 0.490342 0.185685 0.003528 0.004242
0 0.479494 0.175737 0.004057 0.004828
0 0.474643 0.182247 0.004939 0.003218
0 0.478876 0.195486 0.003528 0.003950
0 0.478964 0.204556 0.002999 0.004535
0 0.472085 0.199583 0.003704 0.004535
0 0.458327 0.180857 0.003351 0.003950
0 0.444215 0.177639 0.002999 0.004242
0 0.440864 0.179687 0.002646 0.003950
0 0.430369 0.177785 0.004233 0.003657
0 0.409378 0.173250 0.003175 0.005120
0 0.407967 0.167691 0.003528 0.004535
0 0.402411 0.203240 0.002999 0.003657
0 0.414406 0.222843 0.004057 0.004242
0 0.393645 0.159993 0.003357 0.005997
0 0.373114 0.164062 0.003616 0.004712
0 0.374276 0.174772 0.004907 0.004712
0 0.361751 0.165454 0.003616 0.004926
0 0.351291 0.160956 0.003874 0.005355
0 0.341219 0.162134 0.003874 0.004284
0 0.320559 0.162563 0.004390 0.005140
0 0.310487 0.159136 0.003874 0.005140
0 0.304677 0.159671 0.004132 0.004498
0 0.293184 0.156566 0.004907 0.004284
0 0.287115 0.145000 0.003616 0.005569
0 0.297446 0.139538 0.003099 0.005783
0 0.263356 0.141144 0.003099 0.004712
0 0.265422 0.150033 0.003099 0.004498
0 0.259353 0.140287 0.003357 0.005140
0 0.250831 0.152389 0.004390 0.004070
0 0.225651 0.183232 0.004132 0.004926
0 0.261161 0.181304 0.003874 0.004498
0 0.309971 0.183982 0.004390 0.004284
0 0.214159 0.210755 0.003874 0.005569
0 0.213255 0.228747 0.004132 0.004284
0 0.237337 0.243825 0.004829 0.004712
0 0.222174 0.133046 0.004226 0.004089
0 0.195645 0.146968 0.004696 0.003894
0 0.195645 0.175202 0.003287 0.005063
0 0.234852 0.159040 0.004226 0.005452
0 0.167706 0.131975 0.002817 0.005063
0 0.156907 0.127983 0.005165 0.004089
0 0.172989 0.116787 0.004930 0.003115
0 0.147750 0.142198 0.004226 0.003700
0 0.144933 0.145800 0.003287 0.005063
0 0.138829 0.142100 0.003287 0.004284
0 0.137655 0.142879 0.002817 0.004284
0 0.145403 0.118053 0.003287 0.005647
0 0.138242 0.110556 0.004461 0.005452
0 0.118873 0.130028 0.003756 0.004284
0 0.109952 0.130807 0.004696 0.003894
0 0.118169 0.103254 0.002817 0.004478
0 0.112769 0.101891 0.004226 0.003700
0 0.096217 0.101405 0.003052 0.003894
0 0.094456 0.103060 0.002817 0.002921
0 0.078844 0.110264 0.003522 0.003700
0 0.072622 0.092642 0.003756 0.003505
0 0.056775 0.094103 0.003991 0.003700
0 0.062996 0.103644 0.003756 0.003700
0 0.046210 0.101891 0.005869 0.002921
0 0.050906 0.109583 0.003052 0.003505
0 0.047619 0.116398 0.003991 0.003894
0 0.042571 0.121460 0.003756 0.004673
0 0.044210 0.081951 0.004062 0.004147
0 0.078587 0.189420 0.002817 0.004284
0 0.038676 0.190297 0.003287 0.004089
0 0.037502 0.191660 0.005165 0.003700
0 0.033863 0.187084 0.004930 0.003505
0 0.030224 0.193899 0.004226 0.002726
0 0.027406 0.202369 0.002348 0.004868
0 0.033511 0.200227 0.002817 0.004478
0 0.053819 0.199838 0.002583 0.004478
0 0.052293 0.203245 0.004226 0.002726
0 0.037502 0.206653 0.003287 0.004868
0 0.045484 0.209573 0.003287 0.004868
0 0.054992 0.205971 0.003052 0.003894
0 0.051001 0.209379 0.003991 0.002531
0 0.049358 0.216194 0.004930 0.002921
0 0.044662 0.217459 0.003522 0.003894
0 0.041845 0.213565 0.002583 0.003894
0 0.037736 0.214733 0.002817 0.004284
0 0.070605 0.206263 0.002817 0.004089
0 0.060744 0.218530 0.003287 0.004089
0 0.058397 0.225151 0.003756 0.004089
0 0.053466 0.232160 0.003287 0.004478
0 0.051940 0.233523 0.003522 0.004478
0 0.052997 0.238391 0.003756 0.004478
0 0.038441 0.229629 0.003756 0.004089
0 0.035624 0.235568 0.002817 0.004284
0 0.039849 0.234400 0.004226 0.003894
0 0.043254 0.235179 0.003522 0.003894
0 0.045132 0.248614 0.005400 0.003894
0 0.024706 0.240923 0.003522 0.004089
0 0.069431 0.222425 0.003287 0.002921
0 0.070253 0.220283 0.004461 0.004478
0 0.070018 0.215902 0.003522 0.003505
0 0.076944 0.211618 0.004226 0.004673
0 0.085044 0.213662 0.003052 0.004089
0 0.088565 0.219017 0.003522 0.005452
0 0.092087 0.217167 0.002583 0.005257
0 0.099600 0.213468 0.004461 0.004089
0 0.110634 0.211715 0.003522 0.005257
0 0.078235 0.229337 0.003052 0.004673
0 0.078000 0.234886 0.003052 0.004478
0 0.082344 0.244914 0.003287 0.004673
0 0.110517 0.221256 0.003756 0.004868
0 0.119673 0.220575 0.004226 0.004284
0 0.122725 0.223885 0.003287 0.004673
0 0.131295 0.229824 0.003522 0.004868
0 0.164398 0.227098 0.003522 0.004868
0 0.185293 0.227974 0.004461 0.005063
0 0.191397 0.236736 0.003522 0.005063
0 0.140451 0.249198 0.003052 0.004284
0 0.135051 0.252021 0.003522 0.004868
0 0.115917 0.261952 0.004696 0.004868
0 0.101948 0.264678 0.005400 0.003310
0 0.072014 0.271590 0.003287 0.005063
0 0.087039 0.267696 0.004226 0.003894
0 0.090796 0.267014 0.002348 0.004089
0 0.092087 0.267209 0.002583 0.004089
0 0.132234 0.266236 0.003052 0.004478
0 0.151720 0.271882 0.003522 0.004478
0 0.164163 0.266138 0.003052 0.004284
0 0.169563 0.258836 0.003052 0.004089
0 0.186702 0.257181 0.003052 0.004673
0 0.190341 0.249295 0.002817 0.004478
0 0.213466 0.258447 0.002583 0.004089
0 0.212527 0.260297 0.003991 0.003894
0 0.212996 0.262925 0.002583 0.004478
0 0.213701 0.269059 0.003522 0.004284
0 0.234361 0.271396 0.004461 0.005452
0 0.259365 0.279476 0.003756 0.004478
0 0.251969 0.266917 0.003522 0.004673
0 0.251734 0.258642 0.003052 0.004868
0 0.256312 0.253969 0.003287 0.004868
0 0.264882 0.266820 0.003991 0.004478
0 0.274742 0.264873 0.003522 0.005257
0 0.272395 0.253092 0.003052 0.005841
0 0.295989 0.272564 0.004226 0.003505
0 0.308667 0.276750 0.002817 0.004478
0 0.278264 0.296903 0.003052 0.004284
0 0.291059 0.288628 0.002817 0.005257
0 0.291411 0.297293 0.004930 0.004284
0 0.300920 0.303232 0.002817 0.004478
0 0.296694 0.321437 0.002817 0.005452
0 0.252908 0.332244 0.003522 0.004868
0 0.317824 0.286389 0.003756 0.005452
0 0.327332 0.280937 0.003052 0.004673
0 0.345644 0.296806 0.003522 0.004868
0 0.353509 0.300798 0.004696 0.005452
0 0.374170 0.301187 0.004696 0.004284
0 0.363957 0.279282 0.002583 0.005257
0 0.364779 0.287168 0.002817 0.005452
0 0.367244 0.282202 0.002583 0.004868
0 0.372291 0.285805 0.004696 0.003505
0 0.371939 0.280352 0.003991 0.003505
0 0.375696 0.282397 0.002113 0.004478
0 0.379100 0.285902 0.004696 0.002531
0 0.375931 0.288336 0.003052 0.003894
0 0.389782 0.283857 0.004461 0.002726
0 0.400465 0.287168 0.003287 0.005452
0 0.404221 0.284442 0.003287 0.004284
0 0.410795 0.288531 0.004696 0.003894
0 0.413142 0.292717 0.003287 0.005257
0 0.424059 0.286194 0.003052 0.005063
0 0.356327 0.247446 0.003287 0.004284
0 0.418542 0.244427 0.002817 0.005257
0 0.429342 0.250853 0.003287 0.004089
0 0.450472 0.246861 0.002817 0.003894
0 0.450589 0.249101 0.002583 0.004089
0 0.427816 0.287946 0.003052 0.004284
0 0.433803 0.286097 0.003756 0.004478
0 0.444485 0.291159 0.003991 0.004089
0 0.449415 0.293301 0.002113 0.004868
0 0.454228 0.288044 0.004696 0.004868
0 0.442842 0.322703 0.003522 0.004868
0 0.462680 0.297098 0.003756 0.005452
0 0.469723 0.300116 0.004226 0.005647
0 0.502944 0.285220 0.003991 0.004284
0 0.538395 0.279866 0.003991 0.004868
0 0.555651 0.283955 0.005635 0.003310
0 0.537456 0.297682 0.003052 0.003894
0 0.528065 0.302453 0.003052 0.004478
0 0.505644 0.298948 0.002348 0.004868
0 0.505057 0.301576 0.004930 0.002726
0 0.497309 0.344024 0.004930 0.003505
0 0.458806 0.342856 0.003052 0.004284
0 0.441433 0.341396 0.003522 0.004478
0 0.436150 0.347237 0.003756 0.004868
0 0.454698 0.361451 0.004696 0.004089
0 0.600493 0.273537 0.004696 0.003894
0 0.571733 0.291646 0.003991 0.003505
0 0.564455 0.293496 0.004930 0.004089
0 0.559055 0.298072 0.003052 0.005063
0 0.551777 0.297098 0.003522 0.004673
0 0.568212 0.294664 0.002583 0.005647
0 0.574903 0.302161 0.002348 0.004284
0 0.586524 0.308294 0.003522 0.004478
0 0.627610 0.295151 0.003991 0.004284
0 0.648270 0.288823 0.003052 0.003310
0 0.621740 0.311604 0.005400 0.004478
0 0.628314 0.309657 0.003991 0.004868
0 0.677147 0.301674 0.003052 0.005257
0 0.679143 0.308489 0.002817 0.005257
0 0.668343 0.321437 0.003287 0.005063
0 0.568212 0.351034 0.003052 0.004284
0 0.544265 0.352981 0.003052 0.005063
0 0.561873 0.355707 0.003991 0.004673
0 0.456137 0.376195 0.004461 0.004478
0 0.238446 0.382877 0.005682 0.005890
0 0.089731 0.357432 0.003125 0.004005
0 0.087174 0.357785 0.004829 0.003298
0 0.083339 0.362497 0.005113 0.004712
0 0.065158 0.362850 0.006250 0.004948
0 0.857027 0.358578 0.004469 0.004276
0 0.847402 0.366561 0.004469 0.005417
0 0.818700 0.371265 0.004125 0.005131
0 0.793436 0.370980 0.005843 0.003991
0 0.778655 0.367416 0.005156 0.005417
