0 0.950179 0.773807 0.004876 0.005692
0 0.580273 0.654962 0.004579 0.006272
0 0.591720 0.668788 0.004884 0.005987
0 0.567452 0.655532 0.003968 0.007412
0 0.536163 0.629019 0.004884 0.004561
0 0.536163 0.621892 0.003053 0.005131
0 0.520137 0.640850 0.003968 0.005987
0 0.511590 0.648120 0.003968 0.006272
0 0.489001 0.650828 0.004579 0.005417
0 0.485032 0.657385 0.003968 0.005987
0 0.469464 0.664940 0.005189 0.005131
0 0.463512 0.666080 0.004884 0.005702
0 0.454965 0.662802 0.004274 0.005417
0 0.435123 0.677911 0.003663 0.006557
0 0.429018 0.669073 0.004274 0.005417
0 0.425202 0.652396 0.004579 0.004561
0 0.425507 0.644129 0.003968 0.005702
0 0.419249 0.640423 0.004274 0.004561
0 0.422455 0.635576 0.003968 0.005131
0 0.412076 0.641135 0.004579 0.005417
0 0.432223 0.625456 0.003968 0.005987
0 0.441075 0.604787 0.004579 0.005702
0 0.447807 0.759131 0.002981 0.002570
0 0.451247 0.759238 0.002523 0.002784
0 0.447463 0.756454 0.003211 0.003213
0 0.420171 0.800791 0.004128 0.004926
0 0.407213 0.828742 0.002981 0.003855
0 0.397694 0.642731 0.005363 0.007513
0 0.392331 0.629374 0.005363 0.006678
0 0.383616 0.617687 0.006704 0.008348
0 0.342498 0.593270 0.006704 0.006261
0 0.358811 0.580957 0.004469 0.007513
0 0.377135 0.574488 0.005363 0.009600
0 0.384733 0.569688 0.002682 0.010017
0 0.390990 0.570314 0.005363 0.007096
0 0.330208 0.562383 0.006257 0.007930
0 0.323280 0.564888 0.005810 0.008765
0 0.172760 0.580720 0.004916 0.005009
0 0.162704 0.581346 0.006257 0.007096
0 0.168067 0.594285 0.005363 0.007096
0 0.163151 0.608894 0.005363 0.007930
0 0.162704 0.633937 0.006257 0.007930
0 0.150637 0.641659 0.006257 0.006678
0 0.143933 0.647502 0.006257 0.006678
0 0.132089 0.639989 0.005810 0.006678
0 0.119352 0.645833 0.006257 0.007513
0 0.115330 0.645207 0.005363 0.008765
0 0.084715 0.659189 0.006704 0.010017
0 0.075330 0.651467 0.004916 0.006261
0 0.073318 0.658354 0.006257 0.006678
0 0.039352 0.638737 0.007151 0.008348
0 0.029519 0.644163 0.005363 0.007513
0 0.029966 0.653346 0.004469 0.005009
0 0.028179 0.658772 0.005363 0.005843
0 0.038235 0.663154 0.006704 0.006261
0 0.036447 0.670459 0.005810 0.006678
0 0.029073 0.691746 0.005363 0.007513
0 0.025050 0.689867 0.007151 0.007930
0 0.019240 0.691119 0.005363 0.006261
0 0.012760 0.691119 0.004916 0.006261
0 0.019240 0.678598 0.003575 0.007930
0 0.019240 0.670250 0.004469 0.007096
0 0.017452 0.661693 0.004469 0.009183
0 0.089100 0.596114 0.005038 0.011428
0 0.133371 0.553456 0.003027 0.007068
0 0.111297 0.560053 0.003280 0.004241
0 0.116216 0.555459 0.005046 0.004005
0 0.137534 0.544503 0.002775 0.005183
