0 0.214886 0.347233 0.004629 0.002203
0 0.206222 0.356190 0.001939 0.003073
0 0.207567 0.356074 0.003003 0.002145
0 0.208536 0.354885 0.002315 0.002783
0 0.205972 0.354103 0.002565 0.001797
0 0.207973 0.358827 0.001939 0.003478
0 0.205721 0.358972 0.002064 0.002725
0 0.204095 0.359929 0.002690 0.002667
0 0.204251 0.362045 0.002377 0.002493
0 0.202875 0.360885 0.001877 0.003073
0 0.201624 0.363610 0.001877 0.003304
0 0.199966 0.369408 0.002815 0.002377
0 0.202156 0.369553 0.003190 0.002319
0 0.212471 0.343115 0.002388 0.002688
0 0.211874 0.344854 0.002900 0.001739
