0 0.944423 0.768592 0.003994 0.009183
0 0.941677 0.765378 0.004494 0.007346
0 0.934687 0.755048 0.006491 0.009642
0 0.939930 0.744488 0.003994 0.006887
0 0.936185 0.745406 0.004494 0.007805
0 0.921099 0.738354 0.004774 0.007213
0 0.928772 0.718127 0.006479 0.006899
0 0.895011 0.729730 0.006479 0.007526
0 0.883076 0.717500 0.005115 0.008153
0 0.842494 0.734591 0.003751 0.007213
0 0.839254 0.732239 0.004774 0.006272
0 0.817940 0.750270 0.005115 0.006585
0 0.827830 0.724086 0.005797 0.005645
0 0.822885 0.725967 0.003410 0.005645
0 0.821351 0.728789 0.004433 0.008153
0 0.822033 0.705897 0.005797 0.007526
0 0.815383 0.726438 0.002728 0.007213
0 0.810097 0.725026 0.005115 0.007526
0 0.801571 0.724399 0.003751 0.008153
0 0.782815 0.722204 0.005115 0.006899
0 0.777359 0.717657 0.005797 0.006585
0 0.750077 0.703859 0.007843 0.005331
0 0.726206 0.698998 0.006479 0.006899
0 0.759919 0.631597 0.006752 0.006554
0 0.750729 0.616246 0.007127 0.006899
0 0.708902 0.698345 0.007502 0.006209
0 0.704026 0.692653 0.004501 0.005174
0 0.572239 0.639757 0.004509 0.005961
0 0.571111 0.631075 0.004509 0.005702
0 0.496566 0.626410 0.005355 0.006738
0 0.487406 0.632760 0.004509 0.005442
0 0.483742 0.632501 0.004509 0.005961
0 0.477824 0.638850 0.003946 0.006738
0 0.446399 0.685759 0.004228 0.005702
0 0.442031 0.678891 0.002255 0.008034
0 0.438226 0.673449 0.002537 0.003887
0 0.432730 0.672283 0.004509 0.006738
0 0.413988 0.673578 0.004228 0.008293
0 0.388905 0.660620 0.004791 0.007775
0 0.335356 0.647273 0.004791 0.005442
0 0.336061 0.641312 0.005073 0.007516
0 0.286598 0.612415 0.004228 0.004665
0 0.267011 0.612286 0.005073 0.004924
0 0.261797 0.621745 0.005355 0.005183
0 0.254046 0.622263 0.003946 0.005702
0 0.248832 0.619931 0.003664 0.005183
0 0.247846 0.631205 0.003946 0.005961
0 0.263911 0.657381 0.004509 0.004924
0 0.270393 0.659972 0.003946 0.005961
0 0.278002 0.664767 0.003382 0.005183
0 0.289840 0.673967 0.005637 0.004924
0 0.287444 0.679798 0.004228 0.004665
0 0.287444 0.687833 0.004228 0.006220
0 0.279693 0.695478 0.007891 0.006479
0 0.219944 0.657121 0.005073 0.006997
0 0.205289 0.659583 0.004509 0.007775
0 0.176401 0.653493 0.006482 0.005961
0 0.166959 0.657769 0.004509 0.006738
0 0.148499 0.670728 0.007610 0.004665
0 0.144412 0.679280 0.005637 0.005183
0 0.130039 0.681224 0.007328 0.004406
0 0.113692 0.691979 0.006764 0.004665
0 0.017206 0.611042 0.005270 0.005702
0 0.011315 0.623585 0.004030 0.007982
0 0.034877 0.643826 0.004030 0.006272
0 0.020461 0.653091 0.005580 0.004846
0 0.017826 0.657653 0.004650 0.004276
0 0.018291 0.662499 0.003720 0.004846
0 0.017361 0.674758 0.004340 0.005417
0 0.021236 0.684023 0.005270 0.005131
0 0.017671 0.685591 0.003720 0.007127
0 0.022786 0.693431 0.005890 0.005702
