0 0.972634 0.129509 0.004444 0.006842
0 0.947082 0.143621 0.003492 0.005417
0 0.980569 0.168993 0.003809 0.004276
0 0.977236 0.177403 0.002857 0.004561
0 0.981045 0.179969 0.002857 0.005131
0 0.980411 0.197074 0.004761 0.006272
0 0.961284 0.193578 0.003095 0.004096
0 0.935711 0.159564 0.002769 0.003950
0 0.915106 0.159784 0.002280 0.004389
0 0.895559 0.164246 0.002932 0.004535
0 0.933430 0.191529 0.001792 0.003804
0 0.930254 0.184654 0.002932 0.003218
0 0.922273 0.190066 0.002280 0.003511
0 0.928951 0.190871 0.002280 0.003365
0 0.927729 0.190871 0.002118 0.003365
0 0.934896 0.204037 0.002443 0.003657
0 0.915269 0.195991 0.002606 0.003657
0 0.918119 0.206963 0.004072 0.003365
0 0.901260 0.197162 0.002280 0.004535
0 0.908265 0.213620 0.003258 0.003804
0 0.904355 0.213327 0.002932 0.003511
0 0.891162 0.217204 0.004887 0.003072
0 0.871452 0.181508 0.002280 0.004828
0 0.878294 0.220861 0.003909 0.002487
0 0.863064 0.221812 0.003095 0.003804
0 0.856304 0.225323 0.002932 0.003511
0 0.823401 0.190359 0.003258 0.004681
0 0.803855 0.177412 0.002932 0.003365
0 0.804506 0.182386 0.002280 0.003365
0 0.798642 0.182020 0.001955 0.004096
0 0.790987 0.185678 0.002606 0.003511
0 0.795466 0.189189 0.002443 0.003511
0 0.763052 0.180338 0.002118 0.003072
0 0.805728 0.212303 0.003421 0.002926
0 0.808334 0.213839 0.002118 0.003950
0 0.823890 0.229858 0.002932 0.003511
0 0.821609 0.235198 0.002606 0.003072
0 0.760228 0.177763 0.002154 0.003143
0 0.755248 0.180846 0.002423 0.003023
0 0.755450 0.184171 0.002019 0.003627
0 0.760498 0.184292 0.001885 0.003869
0 0.758546 0.189370 0.002558 0.004111
0 0.751882 0.196805 0.001885 0.003506
0 0.752017 0.199526 0.001885 0.003143
0 0.755046 0.204120 0.002288 0.003143
0 0.754978 0.208714 0.001885 0.003385
0 0.752892 0.210165 0.002019 0.003143
0 0.751748 0.209017 0.002154 0.003023
0 0.746767 0.207082 0.002154 0.003506
0 0.711437 0.228397 0.002517 0.003192
0 0.709216 0.226602 0.002517 0.004389
0 0.782041 0.239196 0.004927 0.004956
0 0.772679 0.235567 0.003548 0.003009
0 0.805199 0.241143 0.002365 0.004956
0 0.813871 0.252295 0.003548 0.002124
0 0.823134 0.255039 0.005124 0.003363
0 0.768540 0.247250 0.003153 0.004071
0 0.753364 0.240524 0.001971 0.004425
0 0.750703 0.239816 0.001774 0.003009
0 0.748141 0.249375 0.002956 0.004071
0 0.663982 0.240878 0.003351 0.005487
0 0.648412 0.240701 0.002562 0.004071
0 0.647427 0.263890 0.003745 0.003363
0 0.662603 0.271324 0.002956 0.004779
0 0.684086 0.260438 0.003745 0.004602
0 0.851516 0.278228 0.002759 0.005487
0 0.872407 0.283361 0.002759 0.005487
0 0.632208 0.301097 0.005771 0.004665
0 0.607824 0.278031 0.003174 0.005183
0 0.592098 0.255613 0.002886 0.005961
0 0.574784 0.257946 0.003463 0.005442
0 0.559923 0.265073 0.002597 0.004665
0 0.542754 0.266109 0.004617 0.003628
0 0.527893 0.254317 0.004328 0.003887
0 0.513464 0.252244 0.004328 0.004406
0 0.489514 0.285417 0.005483 0.004924
0 0.536982 0.313537 0.003463 0.005183
0 0.430503 0.289953 0.003463 0.004665
0 0.426319 0.284121 0.003174 0.004406
0 0.427184 0.290212 0.003174 0.004665
0 0.495764 0.143774 0.003410 0.004477
0 0.457727 0.173107 0.003410 0.005655
0 0.401388 0.253299 0.003174 0.003628
0 0.378736 0.248634 0.004040 0.005702
0 0.370945 0.268072 0.003463 0.005702
0 0.346129 0.250578 0.003463 0.004406
0 0.344541 0.245654 0.003751 0.003887
0 0.348581 0.240600 0.003174 0.004147
0 0.342089 0.236453 0.004040 0.004665
0 0.344686 0.230233 0.002886 0.005702
0 0.342810 0.203539 0.003174 0.005702
0 0.338770 0.198097 0.003174 0.005702
0 0.353487 0.193302 0.004906 0.005442
0 0.324486 0.234639 0.003463 0.005183
0 0.317128 0.237619 0.003174 0.004924
0 0.319581 0.257446 0.004617 0.006738
0 0.299814 0.245135 0.003174 0.004924
0 0.305441 0.230104 0.005771 0.003887
0 0.282356 0.273255 0.003463 0.004147
0 0.270814 0.277661 0.004040 0.004147
0 0.258694 0.277272 0.004617 0.004924
0 0.255520 0.256668 0.004040 0.005183
0 0.229838 0.287639 0.004617 0.003887
0 0.229405 0.282844 0.002597 0.004147
0 0.218007 0.290360 0.003463 0.004665
0 0.206753 0.284010 0.004617 0.003887
0 0.215987 0.270793 0.002308 0.005442
0 0.206032 0.291137 0.003174 0.004147
0 0.210071 0.301374 0.003174 0.003887
0 0.242275 0.318777 0.005079 0.003706
0 0.205432 0.212436 0.002168 0.004284
0 0.202288 0.212144 0.002385 0.004478
0 0.196652 0.212923 0.003252 0.004868
0 0.189606 0.206400 0.003902 0.003894
0 0.186896 0.206400 0.002818 0.003894
0 0.205757 0.192380 0.004119 0.003894
0 0.176706 0.206400 0.002818 0.003894
0 0.184186 0.217985 0.003469 0.004089
0 0.170635 0.209612 0.003686 0.004089
0 0.168034 0.211949 0.002818 0.003310
0 0.165757 0.214675 0.003469 0.003700
0 0.163806 0.214870 0.003035 0.003700
0 0.161747 0.212241 0.002385 0.003505
0 0.141909 0.241838 0.003035 0.004673
0 0.189727 0.164408 0.004770 0.005997
0 0.065120 0.153484 0.004054 0.004712
0 0.072871 0.158625 0.002862 0.003427
0 0.054715 0.229122 0.003046 0.003701
0 0.039306 0.231535 0.004838 0.003379
0 0.046025 0.234271 0.002508 0.004345
0 0.054805 0.235880 0.003583 0.001770
0 0.106765 0.258490 0.001792 0.003862
0 0.104167 0.258731 0.003046 0.004667
0 0.106586 0.270318 0.002508 0.005310
0 0.115724 0.273777 0.002508 0.004184
0 0.161682 0.261306 0.005554 0.004023
0 0.106338 0.294239 0.002280 0.003657
0 0.114320 0.302065 0.002606 0.003804
0 0.104058 0.304406 0.001955 0.003804
0 0.144698 0.299725 0.004072 0.004096
0 0.133215 0.300383 0.001955 0.004242
0 0.132237 0.302212 0.003909 0.001756
0 0.132156 0.303455 0.003746 0.003365
0 0.127106 0.307844 0.002769 0.003657
0 0.125152 0.308722 0.003095 0.003950
0 0.088258 0.319694 0.002280 0.003365
0 0.079951 0.297823 0.003258 0.002926
0 0.171574 0.301773 0.004724 0.002048
0 0.173203 0.300017 0.003746 0.004681
0 0.188107 0.295117 0.001955 0.004828
0 0.196170 0.316256 0.002769 0.004389
0 0.064640 0.308941 0.004561 0.002633
0 0.060893 0.309599 0.004887 0.003072
0 0.063336 0.303236 0.003258 0.003218
0 0.058613 0.301992 0.004235 0.003657
0 0.070422 0.297750 0.003421 0.003072
0 0.071399 0.295702 0.003746 0.003072
0 0.072621 0.291386 0.003258 0.003511
0 0.067164 0.290508 0.001792 0.003511
0 0.065861 0.293654 0.002118 0.003657
0 0.063581 0.295263 0.002769 0.002780
0 0.068875 0.291532 0.002280 0.002926
0 0.070178 0.291240 0.002606 0.004096
0 0.071725 0.293434 0.003095 0.002633
0 0.025951 0.294807 0.003035 0.004284
0 0.025409 0.298896 0.004119 0.003505
0 0.048389 0.344168 0.003686 0.006036
0 0.024315 0.287705 0.003410 0.003534
0 0.020528 0.285829 0.002365 0.003186
0 0.893144 0.328103 0.004617 0.004665
