0 0.221709 0.309680 0.002942 0.002161
0 0.223959 0.300999 0.004673 0.003472
0 0.227680 0.305282 0.002077 0.003087
0 0.233652 0.303314 0.002942 0.001620
0 0.242955 0.302041 0.001990 0.003087
0 0.240575 0.307133 0.001904 0.002161
0 0.242435 0.306323 0.001817 0.002083
0 0.250570 0.304047 0.002164 0.002624
0 0.243214 0.298414 0.002510 0.003704
0 0.210112 0.307596 0.002250 0.002315
0 0.205093 0.311725 0.002423 0.002855
0 0.189213 0.306092 0.003029 0.002238
0 0.182765 0.303082 0.003115 0.001929
0 0.174852 0.323432 0.002128 0.003320
0 0.173729 0.324776 0.004019 0.002424
0 0.178665 0.325935 0.002542 0.002741
0 0.182063 0.317450 0.002601 0.003795
0 0.186674 0.319874 0.001891 0.002319
0 0.189570 0.323669 0.002483 0.003162
0 0.188358 0.329572 0.002778 0.002003
0 0.185196 0.325540 0.002837 0.002161
0 0.183689 0.323063 0.002187 0.003004
0 0.185787 0.322483 0.002246 0.002793
0 0.186171 0.327411 0.002305 0.002530
0 0.183423 0.332655 0.002128 0.002266
0 0.163060 0.309097 0.002896 0.001634
0 0.166695 0.298082 0.002246 0.002582
0 0.172517 0.300163 0.001832 0.002741
0 0.160311 0.303088 0.002128 0.002372
0 0.159484 0.305407 0.002364 0.002582
0 0.157681 0.303062 0.002187 0.002951
0 0.153041 0.303378 0.002128 0.002424
0 0.152568 0.300190 0.002128 0.002477
0 0.145534 0.297686 0.003783 0.001581
0 0.137377 0.293707 0.002246 0.003426
0 0.138471 0.298767 0.003133 0.003953
0 0.136491 0.304828 0.003310 0.003215
0 0.140953 0.309307 0.001951 0.003004
0 0.148431 0.311600 0.002010 0.002214
0 0.152007 0.311626 0.002305 0.003215
0 0.141869 0.285380 0.003901 0.002055
0 0.135929 0.282666 0.002305 0.002741
0 0.132471 0.284010 0.002601 0.001950
0 0.137584 0.287146 0.002187 0.002003
0 0.137732 0.288859 0.002246 0.001634
0 0.133446 0.289122 0.002542 0.002161
0 0.261187 0.310180 0.003331 0.003089
0 0.162258 0.267286 0.002052 0.002918
0 0.162087 0.261864 0.002394 0.003049
0 0.164456 0.259120 0.002247 0.003223
0 0.159205 0.257029 0.002198 0.003833
0 0.163528 0.250256 0.002149 0.004312
0 0.169146 0.249080 0.002052 0.001960
0 0.170172 0.249232 0.001954 0.002526
0 0.172248 0.248557 0.002394 0.002831
0 0.173885 0.243897 0.001954 0.002570
0 0.183508 0.244702 0.002638 0.003659
0 0.177622 0.238844 0.002101 0.002657
0 0.178940 0.234989 0.001905 0.002613
0 0.169610 0.236775 0.003175 0.003223
0 0.193254 0.230808 0.002101 0.002526
0 0.192594 0.226082 0.003420 0.002047
0 0.194304 0.222707 0.002052 0.002439
0 0.197675 0.222598 0.003517 0.002570
0 0.203634 0.221835 0.002638 0.002091
0 0.210766 0.222881 0.001954 0.002788
0 0.214259 0.214235 0.002003 0.003267
0 0.212085 0.221204 0.002149 0.002657
0 0.217654 0.218177 0.002638 0.002613
0 0.217166 0.214300 0.002931 0.002178
0 0.227644 0.209727 0.002491 0.002788
0 0.230868 0.208181 0.002784 0.002047
0 0.235753 0.209923 0.001807 0.003005
0 0.238635 0.207440 0.003175 0.001699
0 0.237610 0.217502 0.002491 0.002918
0 0.230722 0.217915 0.002101 0.002788
0 0.231992 0.211687 0.002394 0.003833
0 0.235778 0.206024 0.001759 0.003310
0 0.252022 0.207259 0.002837 0.003716
0 0.256330 0.205526 0.002627 0.001936
0 0.257381 0.203746 0.001926 0.002686
0 0.766283 0.315626 0.003271 0.002997
0 0.763343 0.301247 0.001862 0.002656
0 0.766445 0.300528 0.003103 0.003541
0 0.762660 0.304871 0.002730 0.003264
0 0.762691 0.288522 0.002296 0.002988
0 0.763867 0.289939 0.001865 0.002993
0 0.573757 0.184675 0.002119 0.002645
0 0.570732 0.183799 0.001849 0.003229
0 0.569230 0.186994 0.001772 0.002680
0 0.565666 0.186685 0.002736 0.003504
0 0.577533 0.194088 0.002273 0.003126
0 0.570443 0.190241 0.001965 0.003264
0 0.571850 0.190618 0.002081 0.002164
0 0.574393 0.190704 0.001926 0.002336
0 0.577957 0.188317 0.002658 0.003538
0 0.561563 0.179316 0.002543 0.002164
0 0.551757 0.170676 0.001811 0.002405
0 0.547711 0.171483 0.001965 0.002577
0 0.541277 0.171140 0.002504 0.002302
0 0.550312 0.175829 0.002620 0.003298
0 0.554859 0.173081 0.002543 0.002405
0 0.549908 0.170796 0.002350 0.002233
