0 0.230513 0.269731 0.005343 0.005009
0 0.258343 0.284339 0.004898 0.005009
0 0.185764 0.259296 0.005789 0.005843
0 0.158471 0.284157 0.004048 0.004139
0 0.196007 0.296402 0.005520 0.005864
0 0.158655 0.291918 0.005152 0.004484
0 0.209254 0.313995 0.003312 0.005174
0 0.143936 0.333140 0.002944 0.004829
0 0.150560 0.336072 0.004416 0.004484
0 0.145408 0.342108 0.004416 0.003450
0 0.143200 0.350042 0.003680 0.005519
0 0.046050 0.222238 0.005152 0.004484
0 0.173035 0.389599 0.004349 0.005645
0 0.426423 0.447212 0.003650 0.004846
0 0.429313 0.448780 0.002129 0.005702
0 0.062107 0.326107 0.005667 0.005692
