0 0.569219 0.266423 0.003755 0.005174
0 0.597384 0.272287 0.003755 0.007244
0 0.563587 0.261766 0.004506 0.004139
0 0.566591 0.269010 0.004506 0.004829
0 0.561333 0.269872 0.002253 0.004484
0 0.560582 0.269527 0.003004 0.004484
0 0.562836 0.267458 0.004506 0.005864
0 0.556995 0.261738 0.002821 0.004005
0 0.554943 0.259146 0.001795 0.005419
0 0.545453 0.252078 0.002821 0.002592
0 0.542760 0.252667 0.002052 0.005655
0 0.551224 0.258557 0.002052 0.005655
0 0.548531 0.258439 0.002308 0.004477
0 0.549300 0.254787 0.001795 0.005655
0 0.547761 0.254198 0.002308 0.004477
0 0.552891 0.252431 0.003334 0.003770
0 0.555584 0.254434 0.002052 0.004477
0 0.554558 0.255847 0.002052 0.004477
0 0.552891 0.256201 0.001795 0.004712
0 0.558884 0.318624 0.002821 0.005183
0 0.066235 0.288508 0.004089 0.005843
0 0.060783 0.290804 0.006816 0.007930
