0 0.973216 0.207590 0.002804 0.005519
0 0.965329 0.212074 0.003856 0.005519
0 0.973917 0.226734 0.003505 0.005864
0 0.965154 0.221215 0.002804 0.006554
0 0.963927 0.240877 0.003856 0.005174
0 0.962875 0.235703 0.003856 0.005174
0 0.963576 0.264506 0.003155 0.005519
0 0.955865 0.271233 0.004557 0.004484
0 0.958319 0.286411 0.003155 0.007244
0 0.955690 0.287963 0.004206 0.006899
0 0.953061 0.250018 0.004557 0.004829
0 0.948504 0.250536 0.003856 0.006554
0 0.977948 0.193619 0.003856 0.005174
0 0.981277 0.204140 0.004907 0.006899
0 0.962174 0.210349 0.003155 0.006899
0 0.931329 0.216386 0.006660 0.004484
0 0.930803 0.212419 0.004907 0.004139
0 0.920288 0.279857 0.005608 0.007934
0 0.873845 0.273130 0.005959 0.004829
0 0.872969 0.278477 0.004907 0.004484
0 0.873670 0.283479 0.004907 0.005519
0 0.859649 0.422494 0.004206 0.008969
0 0.856670 0.420596 0.003856 0.007244
0 0.850711 0.349192 0.003155 0.005864
0 0.846680 0.341948 0.003505 0.007934
0 0.841072 0.339188 0.004907 0.005864
0 0.841773 0.320388 0.004206 0.004139
0 0.835989 0.321941 0.003155 0.004484
0 0.831257 0.322975 0.003505 0.004484
0 0.835639 0.324528 0.003155 0.005519
0 0.838443 0.329529 0.003856 0.005864
0 0.840897 0.329185 0.003155 0.005864
0 0.842123 0.324873 0.002804 0.004829
0 0.839670 0.324355 0.002804 0.003794
0 0.821443 0.343155 0.004206 0.005519
0 0.825649 0.312627 0.004907 0.005864
0 0.816536 0.313144 0.004907 0.005519
0 0.813031 0.310730 0.003505 0.004139
0 0.807598 0.311420 0.005258 0.005519
0 0.815660 0.319353 0.005258 0.004829
0 0.808474 0.324183 0.005608 0.005519
0 0.797959 0.326252 0.004206 0.004829
0 0.792876 0.321251 0.003155 0.004484
0 0.808474 0.352469 0.002804 0.004829
0 0.805670 0.354021 0.002804 0.006554
0 0.803742 0.354366 0.003155 0.005174
0 0.803567 0.363162 0.003505 0.005519
0 0.799711 0.361437 0.004206 0.004139
0 0.799886 0.364714 0.003856 0.003794
0 0.791474 0.363507 0.004557 0.004829
0 0.777629 0.303141 0.004907 0.004829
0 0.758876 0.306935 0.004557 0.006209
0 0.772371 0.327115 0.002804 0.006554
0 0.768691 0.326942 0.005258 0.004829
0 0.763608 0.334359 0.007010 0.002415
0 0.760103 0.334359 0.005608 0.003794
0 0.753619 0.329185 0.005258 0.004484
0 0.750990 0.307625 0.003505 0.006209
0 0.753443 0.336084 0.004206 0.004484
0 0.749938 0.333669 0.003505 0.005864
0 0.747835 0.335911 0.004206 0.005519
0 0.734691 0.333669 0.005258 0.006554
0 0.741701 0.340050 0.003856 0.006209
0 0.739072 0.340223 0.004206 0.005864
0 0.732588 0.343672 0.004557 0.006554
0 0.726278 0.341085 0.002454 0.004139
0 0.727330 0.344880 0.003856 0.004139
0 0.720144 0.341603 0.004206 0.005174
0 0.725227 0.351951 0.004557 0.004484
0 0.720845 0.355401 0.004206 0.005864
0 0.708402 0.344880 0.004557 0.005519
0 0.716990 0.314697 0.005608 0.004484
0 0.705949 0.352814 0.003856 0.004829
0 0.699815 0.333151 0.004907 0.008279
0 0.697361 0.334014 0.003505 0.005864
0 0.701392 0.354021 0.004557 0.006554
0 0.694907 0.359023 0.004206 0.006899
0 0.692279 0.358850 0.003856 0.005864
0 0.685794 0.347639 0.004206 0.006899
0 0.680011 0.328667 0.004557 0.006899
0 0.677206 0.334876 0.005959 0.002760
0 0.677382 0.337636 0.004206 0.006209
0 0.662134 0.305210 0.005959 0.005519
0 0.680887 0.351089 0.004206 0.006209
0 0.675103 0.358333 0.003856 0.003450
0 0.673526 0.364542 0.004907 0.005519
0 0.668093 0.345742 0.003856 0.007244
0 0.663887 0.348157 0.003856 0.005864
0 0.665990 0.363680 0.003856 0.005864
0 0.661959 0.357298 0.004206 0.004829
0 0.668794 0.390068 0.004557 0.005519
0 0.654073 0.382997 0.003856 0.006554
0 0.660031 0.385411 0.003155 0.005864
0 0.661433 0.382134 0.003155 0.006209
0 0.660557 0.379030 0.002804 0.004829
0 0.662310 0.372303 0.003505 0.004484
0 0.661258 0.368509 0.002804 0.005174
0 0.657578 0.367646 0.003155 0.005519
0 0.658279 0.372821 0.003155 0.005519
0 0.610928 0.335980 0.002921 0.005749
0 0.591065 0.318877 0.004089 0.005462
0 0.577191 0.313846 0.004381 0.005174
0 0.595739 0.340723 0.004089 0.004312
0 0.590481 0.327500 0.004089 0.004312
0 0.599244 0.321032 0.004089 0.005174
0 0.892852 0.223245 0.007400 0.009523
0 0.583253 0.546695 0.002700 0.005314
0 0.580799 0.546574 0.003191 0.005072
0 0.577976 0.543072 0.002454 0.005797
0 0.584849 0.504304 0.002945 0.006039
0 0.526311 0.558168 0.002700 0.005072
0 0.509376 0.561188 0.004663 0.004348
0 0.527047 0.548627 0.003682 0.004831
0 0.167828 0.409677 0.008482 0.007304
0 0.245584 0.504285 0.008482 0.009391
0 0.255657 0.467763 0.006008 0.009391
0 0.262372 0.527937 0.008129 0.012174
