0 0.020341 0.712163 0.003295 0.003427
0 0.018255 0.711199 0.002197 0.003641
0 0.086866 0.737908 0.002475 0.004345
0 0.083895 0.739035 0.005116 0.002736
0 0.024568 0.728253 0.002970 0.003701
0 0.027456 0.740161 0.002475 0.004023
0 0.038348 0.741207 0.002145 0.004506
0 0.032572 0.745069 0.003136 0.003862
0 0.038265 0.749656 0.002640 0.004667
0 0.016482 0.748127 0.002970 0.002897
0 0.016317 0.751265 0.002310 0.003379
0 0.014914 0.756897 0.003136 0.004667
0 0.014336 0.777656 0.003301 0.004667
0 0.057243 0.777254 0.003301 0.003862
0 0.089176 0.775162 0.003136 0.003862
0 0.096355 0.777173 0.003301 0.003379
0 0.010430 0.829611 0.003794 0.005063
0 0.021812 0.827177 0.004992 0.004478
0 0.033693 0.845869 0.003594 0.004868
0 0.060350 0.843435 0.003395 0.005452
0 0.065442 0.843435 0.003594 0.004673
0 0.068438 0.848790 0.003195 0.004868
0 0.074029 0.829221 0.003195 0.003894
0 0.082915 0.840612 0.002596 0.004478
0 0.091102 0.849764 0.002197 0.004868
0 0.113965 0.842851 0.002396 0.004673
0 0.139225 0.841975 0.002596 0.004089
0 0.185052 0.842364 0.003195 0.004478
0 0.386351 0.778729 0.004393 0.002999
0 0.353623 0.764593 0.002197 0.005140
0 0.348681 0.761059 0.003295 0.004070
0 0.347253 0.763843 0.003514 0.003641
0 0.340334 0.722826 0.003734 0.005140
0 0.340993 0.697552 0.003734 0.002999
0 0.351426 0.696588 0.003075 0.004070
0 0.395906 0.703657 0.004173 0.003641
0 0.409414 0.707191 0.002636 0.004284
0 0.450269 0.731929 0.002197 0.004070
0 0.476737 0.720470 0.002855 0.003855
0 0.492003 0.720149 0.002636 0.004498
0 0.521875 0.724647 0.003075 0.004926
0 0.541754 0.720684 0.005052 0.003855
0 0.544939 0.725611 0.002197 0.004284
0 0.565586 0.734499 0.003954 0.003213
0 0.577777 0.739640 0.004173 0.004070
0 0.542962 0.756989 0.002636 0.004926
0 0.559765 0.782799 0.002855 0.005140
0 0.523523 0.786226 0.003734 0.004712
0 0.509795 0.787189 0.005272 0.004498
0 0.486292 0.792544 0.002636 0.004926
0 0.468281 0.755383 0.003514 0.004284
0 0.458726 0.776909 0.003295 0.004070
0 0.456310 0.781621 0.003295 0.004070
0 0.442362 0.778301 0.003075 0.004712
0 0.419518 0.772303 0.004832 0.002570
0 0.462350 0.783548 0.003075 0.004070
0 0.333367 0.689875 0.004599 0.006209
0 0.318863 0.694187 0.006721 0.003105
0 0.581192 0.802084 0.002400 0.004096
0 0.479925 0.770923 0.002700 0.003511
0 0.588468 0.809618 0.002550 0.004828
0 0.585242 0.773922 0.003301 0.004242
0 0.675079 0.818022 0.003594 0.004478
0 0.738977 0.801958 0.003195 0.003894
0 0.715016 0.830484 0.002796 0.004478
0 0.741973 0.844017 0.003195 0.004673
0 0.774820 0.859205 0.003395 0.003894
0 0.787500 0.865728 0.003994 0.006036
0 0.677077 0.792440 0.003141 0.004948
0 0.828449 0.839679 0.003383 0.004712
0 0.841738 0.832257 0.002899 0.005419
0 0.854423 0.834378 0.004107 0.004948
0 0.860947 0.847454 0.004107 0.004712
0 0.839201 0.862650 0.004591 0.003534
0 0.843913 0.868187 0.004349 0.004712
0 0.847779 0.867480 0.003383 0.003298
0 0.850799 0.865595 0.002658 0.003298
0 0.832194 0.879260 0.003141 0.005183
0 0.817335 0.868540 0.003383 0.004005
0 0.837993 0.888920 0.003624 0.005183
0 0.838903 0.872940 0.002250 0.004828
0 0.840103 0.873232 0.002250 0.004242
0 0.843704 0.875646 0.002550 0.004974
0 0.860881 0.871769 0.003000 0.004242
0 0.872433 0.862187 0.003000 0.003804
0 0.894487 0.867893 0.003301 0.004096
0 0.886010 0.877621 0.002550 0.004535
0 0.885635 0.886399 0.002400 0.003950
0 0.875809 0.880766 0.004651 0.004096
0 0.870933 0.877767 0.003301 0.003072
0 0.869733 0.875573 0.002400 0.003657
0 0.868233 0.875792 0.001800 0.003511
0 0.869883 0.878718 0.003301 0.004096
0 0.861857 0.884131 0.002550 0.003511
0 0.851280 0.889836 0.003601 0.004096
0 0.848504 0.890714 0.002850 0.004096
0 0.866057 0.891299 0.004351 0.002633
0 0.865982 0.888593 0.003901 0.002780
0 0.867332 0.889471 0.002100 0.003072
0 0.828401 0.906441 0.002850 0.003657
0 0.924867 0.879815 0.002250 0.003950
0 0.929968 0.888520 0.001950 0.003804
0 0.932743 0.889763 0.002400 0.004535
0 0.937844 0.886179 0.002400 0.004974
0 0.945645 0.878791 0.002100 0.004828
0 0.949021 0.847924 0.003151 0.005120
0 0.967399 0.859920 0.003000 0.004828
0 0.968299 0.855238 0.002100 0.004535
0 0.970474 0.854434 0.001950 0.004681
0 0.970924 0.841926 0.001950 0.004242
