0 0.934420 0.716800 0.005597 0.005331
0 0.932496 0.708647 0.004547 0.007213
0 0.922002 0.738281 0.005247 0.008781
0 0.921477 0.719779 0.006996 0.007526
0 0.920603 0.758821 0.005947 0.005331
0 0.916405 0.754902 0.003148 0.005645
0 0.914656 0.751609 0.002449 0.003450
0 0.900490 0.798961 0.004198 0.008467
0 0.906786 0.769327 0.003498 0.006899
0 0.906261 0.741574 0.005947 0.005958
0 0.937403 0.755901 0.003942 0.004712
0 0.940951 0.755312 0.002628 0.005890
0 0.940557 0.759670 0.003942 0.003770
0 0.938192 0.763322 0.003942 0.003534
0 0.936352 0.765207 0.003416 0.004948
0 0.935432 0.760730 0.002102 0.005419
0 0.913357 0.731515 0.005256 0.004477
0 0.909152 0.729277 0.004205 0.004241
0 0.906392 0.733047 0.005519 0.006126
0 0.901662 0.718910 0.004468 0.008953
0 0.906524 0.718910 0.003154 0.006597
0 0.907312 0.725272 0.002628 0.004712
0 0.905735 0.725154 0.002628 0.004948
0 0.900873 0.711253 0.004993 0.003534
0 0.893383 0.698884 0.004731 0.005655
0 0.887864 0.701004 0.004731 0.006597
0 0.877615 0.698413 0.004205 0.004241
0 0.877746 0.703949 0.004468 0.004948
0 0.874067 0.698531 0.004468 0.005419
0 0.868811 0.693347 0.004993 0.005890
0 0.864606 0.682509 0.003942 0.006361
0 0.860270 0.681567 0.004205 0.007775
0 0.879849 0.694172 0.002891 0.004241
0 0.878141 0.690638 0.003679 0.004712
0 0.876695 0.692523 0.004468 0.004241
0 0.848443 0.673674 0.003679 0.003298
0 0.848312 0.677090 0.003416 0.004477
0 0.844239 0.674028 0.003679 0.003534
0 0.845815 0.676737 0.003679 0.003770
0 0.834909 0.671436 0.004993 0.006361
0 0.821112 0.732458 0.005256 0.005890
0 0.834534 0.839472 0.006518 0.006678
0 0.840586 0.826742 0.005587 0.008765
0 0.894361 0.843229 0.006984 0.010017
0 0.932200 0.944705 0.003942 0.005655
0 0.933777 0.949888 0.002891 0.006126
0 0.954802 0.948710 0.006570 0.003298
0 0.956247 0.952598 0.004205 0.002592
0 0.956641 0.955896 0.004468 0.003534
0 0.964920 0.959548 0.004731 0.002356
0 0.967548 0.961669 0.002628 0.003770
0 0.888706 0.928095 0.005256 0.004948
0 0.849548 0.915961 0.005782 0.006597
0 0.822873 0.900529 0.005519 0.005419
0 0.809470 0.887924 0.006045 0.006126
0 0.806185 0.880267 0.005256 0.006833
0 0.844686 0.979692 0.003942 0.007775
0 0.789102 0.894992 0.003154 0.006597
0 0.786606 0.893696 0.003416 0.005419
0 0.781875 0.888631 0.003416 0.007539
0 0.723566 0.873573 0.004300 0.005355
0 0.699435 0.865969 0.004778 0.005569
0 0.679844 0.836518 0.003823 0.005783
0 0.688326 0.825595 0.004062 0.003213
0 0.685937 0.823774 0.004539 0.004712
0 0.636003 0.834591 0.005973 0.004498
0 0.624296 0.834270 0.004539 0.005140
0 0.614979 0.847549 0.006451 0.006854
0 0.638751 0.823989 0.004778 0.006426
0 0.633614 0.824417 0.005495 0.005569
0 0.632061 0.830093 0.004300 0.003641
0 0.629791 0.830521 0.003106 0.004070
0 0.572242 0.861312 0.004731 0.008011
0 0.578549 0.850710 0.005256 0.006597
0 0.581703 0.843995 0.004731 0.006833
0 0.579600 0.834924 0.004205 0.007068
0 0.586302 0.836691 0.003416 0.006361
0 0.591164 0.836455 0.003154 0.005419
0 0.593003 0.833746 0.005256 0.005183
0 0.597734 0.831508 0.004205 0.006361
0 0.586959 0.825853 0.003679 0.006361
0 0.586959 0.819963 0.003679 0.005890
0 0.582491 0.820081 0.004205 0.006597
0 0.603647 0.791455 0.004993 0.005419
0 0.606801 0.785565 0.004468 0.005890
0 0.567117 0.798169 0.004468 0.007068
0 0.565277 0.815840 0.002891 0.006126
0 0.560678 0.812188 0.004205 0.005419
0 0.563306 0.808301 0.006307 0.007539
0 0.550297 0.806062 0.006570 0.007775
0 0.538602 0.806298 0.005782 0.006833
0 0.534529 0.805120 0.003942 0.007304
0 0.529667 0.800526 0.006307 0.007068
0 0.531901 0.792986 0.004468 0.005655
0 0.546092 0.787449 0.006045 0.004948
0 0.540968 0.775434 0.005256 0.007775
0 0.519418 0.779557 0.006833 0.007068
0 0.510088 0.779674 0.006570 0.007775
0 0.500627 0.776023 0.006570 0.008011
0 0.506277 0.759295 0.005782 0.007068
0 0.513373 0.755289 0.005782 0.007068
0 0.511008 0.814191 0.002628 0.004712
0 0.508511 0.813130 0.002891 0.004477
0 0.512716 0.801350 0.005519 0.005890
0 0.502204 0.814426 0.003942 0.006597
0 0.497210 0.807947 0.002891 0.004948
0 0.495502 0.806416 0.002628 0.005655
0 0.577359 0.857176 0.003753 0.002926
0 0.574993 0.859736 0.001958 0.004535
0 0.576706 0.861273 0.003100 0.005559
0 0.459816 0.837413 0.005647 0.004868
0 0.464703 0.830501 0.005430 0.006231
0 0.471436 0.813853 0.004127 0.006426
0 0.473065 0.809374 0.005213 0.006426
0 0.450911 0.793894 0.005213 0.006620
0 0.435055 0.792921 0.004344 0.006231
0 0.428865 0.790098 0.005864 0.006036
0 0.462639 0.774326 0.004778 0.006815
0 0.458295 0.768581 0.004778 0.006231
0 0.483490 0.765077 0.006950 0.004284
0 0.472739 0.762448 0.005430 0.006815
0 0.509228 0.742490 0.003692 0.005452
0 0.460576 0.735577 0.003692 0.006036
0 0.460576 0.728275 0.004995 0.006620
0 0.440594 0.732949 0.004995 0.008178
0 0.423218 0.732656 0.006299 0.004478
0 0.421915 0.742587 0.005864 0.004868
0 0.420720 0.762253 0.004778 0.005257
0 0.412250 0.768874 0.003041 0.005647
0 0.409969 0.767218 0.004127 0.003505
0 0.410512 0.785522 0.006950 0.004284
0 0.402585 0.789903 0.004561 0.006426
0 0.374349 0.777246 0.004561 0.006426
0 0.377281 0.773352 0.003475 0.003310
0 0.369137 0.785814 0.004127 0.006036
0 0.355888 0.795842 0.003258 0.007399
0 0.353281 0.796231 0.004127 0.005841
0 0.485734 0.675111 0.005256 0.006833
0 0.466154 0.687481 0.005519 0.006126
0 0.591645 0.686774 0.005782 0.008482
0 0.615954 0.713279 0.008673 0.009660
0 0.608990 0.701853 0.008935 0.008011
0 0.609910 0.673344 0.007621 0.005655
0 0.207265 0.661728 0.005947 0.004390
0 0.213212 0.675369 0.008745 0.006585
0 0.200969 0.674272 0.005247 0.006272
0 0.177708 0.680230 0.008395 0.006899
0 0.179107 0.688227 0.008395 0.007213
0 0.188726 0.685248 0.005247 0.008153
0 0.196946 0.693244 0.006296 0.009721
0 0.218385 0.690693 0.005782 0.007516
0 0.212025 0.686028 0.003469 0.006997
0 0.209857 0.687712 0.002024 0.006738
0 0.201040 0.685121 0.003469 0.003628
0 0.201763 0.686935 0.003758 0.004147
0 0.180659 0.645857 0.007805 0.008034
0 0.163025 0.655705 0.004914 0.005961
0 0.156809 0.652466 0.005204 0.007775
0 0.148281 0.656353 0.007227 0.006738
0 0.141922 0.660500 0.004914 0.007257
0 0.136429 0.673458 0.006649 0.005183
0 0.132815 0.684732 0.005204 0.005442
0 0.158110 0.698079 0.006071 0.009330
0 0.149438 0.700411 0.005493 0.008293
0 0.159700 0.711556 0.008094 0.008812
0 0.146258 0.709741 0.006649 0.008293
0 0.142644 0.723996 0.006360 0.007257
0 0.131081 0.722441 0.004625 0.004147
0 0.100293 0.721145 0.004336 0.004147
0 0.111423 0.730475 0.005204 0.008293
0 0.230636 0.642789 0.006349 0.012142
0 0.224711 0.647722 0.005502 0.009866
0 0.250952 0.645635 0.012274 0.008727
0 0.346222 0.802550 0.005782 0.005961
0 0.244174 0.823284 0.005782 0.005442
0 0.226973 0.813435 0.004914 0.005961
0 0.231743 0.844795 0.007516 0.008034
0 0.229286 0.825228 0.004336 0.006738
0 0.225239 0.823543 0.003180 0.005442
0 0.221191 0.821729 0.003180 0.005961
0 0.219168 0.822636 0.003180 0.006220
0 0.218590 0.817712 0.003180 0.004665
0 0.216855 0.819008 0.004336 0.005183
0 0.215265 0.815120 0.004047 0.005702
0 0.208761 0.806438 0.004336 0.007516
0 0.182165 0.810714 0.003180 0.006220
0 0.179418 0.811621 0.004047 0.006997
0 0.167132 0.803069 0.006649 0.008552
0 0.151377 0.815250 0.005204 0.007516
0 0.140681 0.800607 0.005782 0.006738
0 0.125648 0.819526 0.006360 0.008812
0 0.110760 0.819785 0.006649 0.008293
