0 0.172602 0.811653 0.003610 0.004745
0 0.180006 0.818862 0.002242 0.002946
0 0.182547 0.816548 0.002242 0.002946
0 0.153031 0.813812 0.002242 0.002946
0 0.136965 0.802869 0.002242 0.002946
0 0.086003 0.802097 0.002242 0.002946
0 0.068293 0.798800 0.002242 0.002946
0 0.068367 0.787366 0.002242 0.002946
0 0.113576 0.792803 0.003437 0.001894
0 0.087422 0.799887 0.003437 0.001894
0 0.088159 0.826217 0.007368 0.004060
0 0.113857 0.843597 0.003851 0.004745
0 0.138710 0.863575 0.002893 0.003565
0 0.156160 0.852541 0.002893 0.003565
0 0.095363 0.847594 0.002630 0.003241
0 0.096596 0.849755 0.002630 0.003241
0 0.232025 0.824028 0.002174 0.002678
0 0.240958 0.827930 0.004973 0.004482
0 0.358636 0.842387 0.002877 0.003627
0 0.354877 0.839220 0.002615 0.003297
0 0.353831 0.841956 0.002615 0.003297
0 0.350992 0.830732 0.002615 0.003297
0 0.351291 0.836204 0.002615 0.003297
0 0.313785 0.896175 0.002330 0.002938
0 0.654299 0.842184 0.002330 0.003250
0 0.645910 0.836684 0.002330 0.003250
0 0.667415 0.808684 0.002330 0.003250
0 0.665018 0.814059 0.002330 0.003250
0 0.668280 0.823059 0.002330 0.003250
0 0.664685 0.799684 0.002330 0.003250
0 0.695311 0.803246 0.002330 0.003250
0 0.722874 0.812684 0.002330 0.003250
0 0.704765 0.835871 0.002330 0.003250
0 0.774250 0.823024 0.002330 0.003250
0 0.774516 0.827086 0.002330 0.003250
0 0.799749 0.827336 0.002330 0.003250
0 0.786633 0.828836 0.002330 0.003250
0 0.801747 0.838774 0.002330 0.003250
0 0.807872 0.837336 0.002330 0.003250
0 0.811534 0.837711 0.002330 0.003250
0 0.830045 0.843066 0.002330 0.003250
0 0.832242 0.859129 0.002330 0.003250
0 0.812202 0.861254 0.002330 0.003250
0 0.838833 0.850941 0.002330 0.003250
0 0.839698 0.854129 0.002330 0.003250
0 0.839099 0.872004 0.002330 0.003250
0 0.838367 0.878941 0.002330 0.003250
0 0.833107 0.880316 0.002330 0.003250
0 0.824252 0.879191 0.002330 0.003250
0 0.836769 0.881316 0.002330 0.003250
0 0.838833 0.883504 0.002330 0.003250
0 0.841296 0.885129 0.002330 0.003250
0 0.851150 0.862129 0.002330 0.003250
0 0.869192 0.862566 0.002330 0.003250
0 0.857142 0.867004 0.002330 0.003250
0 0.850417 0.872566 0.002330 0.003250
0 0.848087 0.876566 0.002330 0.003250
0 0.851216 0.875316 0.002330 0.003250
0 0.865930 0.871004 0.002330 0.003250
0 0.868793 0.883379 0.002330 0.003250
0 0.851483 0.884504 0.002330 0.003250
0 0.892828 0.869066 0.002330 0.003250
0 0.897089 0.876129 0.002330 0.003250
0 0.898087 0.864816 0.002330 0.003250
0 0.893959 0.880941 0.002330 0.003250
0 0.896822 0.884379 0.002330 0.003250
0 0.906875 0.884941 0.002330 0.003250
0 0.884838 0.878222 0.003529 0.002063
0 0.859672 0.870597 0.003529 0.002063
0 0.857608 0.892472 0.003529 0.002063
0 0.878913 0.888566 0.002330 0.003375
0 0.923125 0.864181 0.002563 0.003713
0 0.941654 0.843831 0.002563 0.003713
0 0.821602 0.878637 0.003102 0.004492
0 0.817526 0.885043 0.003102 0.004492
0 0.795904 0.861251 0.003102 0.004492
0 0.054769 0.804961 0.002820 0.004084
0 0.049049 0.791349 0.002820 0.004084
0 0.040430 0.785677 0.002820 0.004084
0 0.012878 0.806247 0.002820 0.004084
0 0.033989 0.838363 0.003412 0.004941
0 0.079180 0.869643 0.002563 0.003713
0 0.073834 0.869574 0.002563 0.003713
0 0.174611 0.853227 0.002330 0.003375
0 0.943426 0.853958 0.003753 0.005435
0 0.766451 0.850511 0.002330 0.003375
0 0.818284 0.939661 0.002820 0.004084
0 0.821829 0.945181 0.002820 0.004084
