0 0.159853 0.463031 0.002471 0.003594
0 0.155999 0.462306 0.002412 0.003420
0 0.014023 0.334522 0.002421 0.003227
0 0.026766 0.339608 0.002421 0.003437
0 0.030254 0.335539 0.002421 0.003016
0 0.042926 0.323333 0.002848 0.002455
0 0.075675 0.320001 0.002563 0.003087
0 0.077988 0.320562 0.003061 0.003227
0 0.080872 0.321790 0.002705 0.002876
0 0.084146 0.322281 0.001851 0.003297
0 0.082936 0.326350 0.002990 0.002455
0 0.080089 0.328910 0.002848 0.001824
0 0.079341 0.331330 0.002207 0.003437
0 0.090269 0.332382 0.002136 0.002595
0 0.103582 0.347639 0.002421 0.001964
0 0.107853 0.351077 0.003275 0.001824
0 0.108519 0.354197 0.003063 0.002348
0 0.094272 0.348232 0.002383 0.002971
0 0.090771 0.349167 0.002674 0.003593
0 0.129901 0.353602 0.002471 0.003247
0 0.131755 0.352239 0.001706 0.002609
0 0.132843 0.349080 0.002706 0.002319
0 0.126518 0.348007 0.002883 0.002029
0 0.121694 0.352181 0.002295 0.002957
0 0.117899 0.348094 0.001883 0.003247
0 0.116134 0.348471 0.001883 0.003073
0 0.113309 0.344268 0.003059 0.002319
0 0.125106 0.362964 0.003354 0.002493
0 0.119340 0.361080 0.002530 0.003478
0 0.149935 0.365544 0.001942 0.002899
0 0.165284 0.384024 0.002353 0.003478
0 0.161989 0.383386 0.002589 0.003131
0 0.168255 0.379096 0.001706 0.003015
0 0.171108 0.371357 0.001883 0.002957
0 0.165107 0.363472 0.004119 0.002609
0 0.156752 0.393473 0.002236 0.002899
0 0.154046 0.400691 0.002236 0.003652
0 0.147662 0.406286 0.002412 0.003247
0 0.136454 0.413996 0.002353 0.003131
0 0.190760 0.411967 0.002118 0.003015
0 0.187906 0.413184 0.001706 0.002783
0 0.186318 0.418112 0.001942 0.002899
0 0.184700 0.420460 0.002353 0.002609
0 0.177433 0.423881 0.002295 0.003304
0 0.180375 0.430605 0.002530 0.002145
0 0.174727 0.426489 0.002177 0.003652
0 0.174521 0.430605 0.002471 0.003420
0 0.170814 0.434896 0.002589 0.003536
0 0.108064 0.599094 0.001990 0.003548
0 0.100768 0.579113 0.001990 0.003361
0 0.103421 0.576499 0.002558 0.002801
0 0.099964 0.565420 0.002000 0.003304
0 0.103524 0.562637 0.002177 0.003304
0 0.105554 0.564318 0.002000 0.003073
0 0.095287 0.567652 0.002059 0.002435
0 0.097977 0.549829 0.002189 0.004211
0 0.109703 0.503613 0.002502 0.003389
0 0.105899 0.490878 0.003023 0.004005
0 0.136855 0.496013 0.002397 0.002978
0 0.131227 0.505307 0.003231 0.003081
0 0.125859 0.517837 0.002710 0.004108
0 0.141963 0.485588 0.002397 0.003903
0 0.146184 0.475883 0.002293 0.003595
0 0.149415 0.475113 0.001876 0.002670
0 0.169645 0.445880 0.002471 0.003073
0 0.159908 0.447735 0.002059 0.002841
0 0.159496 0.452228 0.002059 0.003131
0 0.082834 0.418531 0.002670 0.003141
0 0.105446 0.434063 0.002757 0.004329
0 0.118066 0.421544 0.004221 0.003565
