0 0.087941 0.353429 0.002483 0.003594
0 0.086120 0.359679 0.002483 0.003594
0 0.078587 0.353507 0.002483 0.003594
0 0.090838 0.357022 0.002483 0.003594
0 0.110872 0.328116 0.002483 0.003594
0 0.102345 0.300616 0.002483 0.003594
0 0.110540 0.310382 0.002483 0.003594
0 0.130350 0.260119 0.002483 0.003594
0 0.101376 0.239181 0.002483 0.003594
0 0.109406 0.254494 0.002483 0.003594
0 0.117241 0.294234 0.002483 0.003594
0 0.105155 0.310875 0.002483 0.003594
0 0.705568 0.143017 0.002483 0.003594
0 0.338989 0.183302 0.003005 0.004348
0 0.129883 0.172881 0.002483 0.003594
