0 0.947108 0.651013 0.005231 0.008279
0 0.933845 0.645322 0.008593 0.007934
0 0.923944 0.653255 0.008967 0.007934
0 0.960558 0.633421 0.008219 0.008279
0 0.946174 0.625314 0.009340 0.009314
0 0.950097 0.613414 0.007472 0.011038
0 0.960371 0.611689 0.006351 0.008279
0 0.937768 0.628764 0.005978 0.007934
0 0.934592 0.622727 0.005604 0.007589
0 0.924878 0.625142 0.005604 0.008279
0 0.972513 0.570122 0.004483 0.010004
0 0.872946 0.606687 0.004857 0.009314
0 0.855574 0.604962 0.005978 0.007934
0 0.849222 0.599788 0.006725 0.006554
0 0.846794 0.604272 0.004857 0.006554
0 0.828674 0.592544 0.006725 0.008624
0 0.860617 0.585990 0.009340 0.009314
0 0.854453 0.569088 0.004483 0.008624
0 0.857255 0.564086 0.003362 0.004829
0 0.860057 0.566845 0.004483 0.008279
0 0.867716 0.560981 0.004857 0.008279
0 0.861365 0.557187 0.003362 0.006209
0 0.856321 0.553910 0.005231 0.006554
0 0.855574 0.545976 0.003736 0.007934
0 0.859870 0.541319 0.004857 0.008279
0 0.847541 0.535972 0.008593 0.008624
0 0.859870 0.524934 0.006351 0.007244
0 0.896297 0.529591 0.006725 0.011038
0 0.969898 0.569662 0.003705 0.005987
0 0.917485 0.420658 0.005867 0.006272
0 0.890622 0.463563 0.004014 0.008267
0 0.887535 0.469692 0.005249 0.005702
0 0.855886 0.469978 0.006793 0.007982
0 0.858356 0.501337 0.004940 0.007982
0 0.816530 0.574339 0.003088 0.007257
0 0.779337 0.563584 0.003368 0.003369
0 0.777232 0.565009 0.004210 0.003628
0 0.770776 0.584835 0.004210 0.006479
0 0.760671 0.586001 0.005333 0.004665
0 0.760951 0.593258 0.004772 0.006220
0 0.754636 0.595850 0.005614 0.006738
0 0.744390 0.583021 0.006456 0.007516
0 0.744671 0.575894 0.007579 0.006738
0 0.728390 0.581207 0.005895 0.005961
0 0.726004 0.574987 0.005053 0.005442
0 0.713934 0.570711 0.006175 0.008293
0 0.665539 0.442646 0.002614 0.004989
0 0.663099 0.442807 0.001917 0.004345
0 0.662141 0.442727 0.001743 0.005149
0 0.660398 0.438704 0.002440 0.004828
0 0.658219 0.438301 0.001917 0.004023
0 0.658219 0.441037 0.002963 0.005632
0 0.655343 0.440796 0.003137 0.002253
0 0.655779 0.443290 0.004706 0.002092
0 0.653688 0.454715 0.002963 0.004667
0 0.679433 0.584779 0.003834 0.005487
0 0.671094 0.588850 0.004410 0.006550
0 0.652497 0.586549 0.002492 0.004071
0 0.647800 0.588938 0.004985 0.002832
0 0.649525 0.592125 0.003834 0.004602
0 0.640993 0.593541 0.005560 0.004248
0 0.634571 0.582035 0.003834 0.005310
0 0.626998 0.577079 0.004026 0.006373
0 0.622205 0.577964 0.002492 0.004956
0 0.622013 0.574158 0.004026 0.004425
0 0.615974 0.572299 0.003834 0.006018
0 0.612715 0.577610 0.003834 0.004248
0 0.609264 0.571680 0.003834 0.004779
0 0.603896 0.563271 0.004218 0.005310
0 0.531745 0.483657 0.002552 0.006361
0 0.528683 0.483657 0.004083 0.007304
0 0.501889 0.502152 0.005104 0.007068
0 0.498571 0.494023 0.005104 0.007304
0 0.454808 0.489311 0.005359 0.008717
0 0.440135 0.491667 0.006635 0.008717
0 0.433756 0.487191 0.004593 0.005419
0 0.437583 0.475293 0.005614 0.007539
0 0.427631 0.475882 0.005614 0.007775
0 0.352768 0.533201 0.003834 0.005664
0 0.349796 0.525412 0.006327 0.003894
0 0.328707 0.526297 0.005943 0.004956
0 0.322284 0.534351 0.004985 0.005133
0 0.310014 0.540104 0.004218 0.007435
0 0.300141 0.531076 0.006710 0.004602
0 0.260173 0.517855 0.007803 0.007983
0 0.203443 0.508119 0.005272 0.006815
0 0.197221 0.508119 0.005905 0.007983
0 0.192687 0.479886 0.004007 0.006036
0 0.155052 0.503694 0.007102 0.007697
0 0.148105 0.511106 0.004940 0.007697
0 0.105649 0.503123 0.008954 0.008267
0 0.062762 0.512786 0.010940 0.014233
0 0.049584 0.494880 0.008454 0.009642
0 0.035412 0.500160 0.009945 0.008264
0 0.029942 0.510720 0.007956 0.009183
0 0.028201 0.514623 0.010443 0.007805
0 0.015770 0.520362 0.006465 0.006428
0 0.019250 0.527019 0.007459 0.006887
0 0.011791 0.524953 0.005470 0.007346
0 0.005575 0.518755 0.006962 0.010560
0 0.002840 0.513016 0.003481 0.008264
0 0.006819 0.529774 0.005470 0.004132
0 0.008808 0.533218 0.003481 0.005510
0 0.012537 0.538727 0.003978 0.006428
0 0.015770 0.537809 0.003481 0.007346
0 0.018256 0.536891 0.003481 0.008264
0 0.030688 0.536202 0.004475 0.009642
0 0.027953 0.544696 0.004973 0.003673
0 0.002343 0.535972 0.004475 0.007346
