0 0.712447 0.336401 0.002405 0.003057
0 0.160425 0.342911 0.002264 0.003087
0 0.150121 0.330109 0.002888 0.003016
0 0.159019 0.318149 0.002420 0.002666
0 0.150784 0.313168 0.002810 0.003227
0 0.174163 0.315132 0.003357 0.002806
0 0.177676 0.313203 0.003200 0.002736
0 0.193934 0.311133 0.002463 0.003162
0 0.196309 0.311133 0.002405 0.003162
0 0.203171 0.311370 0.004750 0.001845
0 0.206133 0.305836 0.002815 0.003215
0 0.206690 0.300224 0.002405 0.002741
0 0.209886 0.301884 0.002229 0.002582
0 0.215546 0.303755 0.003226 0.001792
0 0.230090 0.312635 0.002522 0.003004
0 0.229739 0.315218 0.002287 0.001950
0 0.242084 0.314137 0.002581 0.002319
0 0.251831 0.334278 0.002129 0.003316
0 0.257685 0.333162 0.003193 0.002997
0 0.153761 0.298303 0.003177 0.003472
0 0.137962 0.293596 0.003005 0.003472
0 0.159815 0.286729 0.002576 0.003009
0 0.156157 0.280198 0.003050 0.002688
0 0.152023 0.272293 0.002522 0.002161
0 0.148357 0.270554 0.003988 0.003847
0 0.117259 0.274927 0.001774 0.003444
0 0.113107 0.271738 0.002271 0.002933
0 0.108104 0.262747 0.003335 0.002296
0 0.127072 0.240823 0.001919 0.002875
0 0.126965 0.244105 0.002346 0.003306
0 0.124006 0.243889 0.002506 0.002587
0 0.118515 0.244512 0.003466 0.003258
0 0.112250 0.241134 0.003199 0.002635
0 0.107425 0.236103 0.002079 0.002923
0 0.099987 0.233708 0.003732 0.002635
0 0.096868 0.235145 0.002719 0.003114
0 0.095082 0.238715 0.002133 0.002875
0 0.088178 0.229635 0.002613 0.002731
0 0.083912 0.230785 0.002506 0.004264
0 0.078954 0.230737 0.003039 0.002635
0 0.079967 0.232989 0.002293 0.002923
0 0.074475 0.236654 0.003679 0.002683
0 0.061919 0.228653 0.002453 0.002300
0 0.057841 0.226545 0.003252 0.001821
0 0.056828 0.229300 0.002826 0.002156
0 0.061413 0.218855 0.002399 0.002923
0 0.057014 0.240296 0.003092 0.002491
0 0.050696 0.216244 0.003572 0.002012
0 0.051603 0.209632 0.003572 0.002683
0 0.042299 0.203954 0.002559 0.002348
0 0.041792 0.205871 0.003252 0.001964
0 0.038620 0.208338 0.002666 0.002300
0 0.043525 0.213130 0.002559 0.001629
0 0.031582 0.212004 0.002879 0.002444
0 0.033395 0.207021 0.005865 0.003018
0 0.021532 0.199235 0.003785 0.002108
0 0.028703 0.196624 0.002772 0.002252
0 0.033822 0.194851 0.002772 0.002635
0 0.030649 0.193031 0.002932 0.002827
0 0.041126 0.194109 0.003092 0.002491
0 0.048217 0.196576 0.003519 0.002539
0 0.048724 0.200673 0.003572 0.002875
0 0.019826 0.188934 0.002399 0.002971
0 0.023745 0.191354 0.002026 0.002539
0 0.025211 0.190587 0.002293 0.003018
0 0.026864 0.189868 0.002506 0.002444
0 0.007270 0.200289 0.002559 0.002683
0 0.011695 0.199403 0.002346 0.002731
0 0.014788 0.205488 0.002559 0.002731
0 0.025078 0.209201 0.003839 0.004216
0 0.044932 0.196575 0.002888 0.003016
0 0.045271 0.205434 0.002239 0.002204
0 0.049136 0.207494 0.002293 0.002396
0 0.046710 0.205003 0.002346 0.001821
0 0.048523 0.204883 0.002559 0.002348
0 0.050496 0.230037 0.004372 0.002731
0 0.217641 0.300536 0.004605 0.004138
0 0.249566 0.256375 0.002463 0.003057
0 0.246575 0.260802 0.002111 0.002530
0 0.250270 0.271764 0.002581 0.002424
0 0.247132 0.269419 0.003343 0.001845
0 0.250446 0.259274 0.002815 0.002003
0 0.250915 0.260829 0.003167 0.002372
0 0.191723 0.219794 0.002826 0.003018
0 0.193616 0.213733 0.004479 0.002204
0 0.194629 0.230670 0.002986 0.001964
0 0.196281 0.227412 0.002239 0.002444
0 0.196788 0.224777 0.002932 0.002252
0 0.688731 0.321799 0.005611 0.003174
0 0.077320 0.263550 0.002555 0.002041
0 0.077498 0.259309 0.003761 0.002487
