0 0.897858 0.072090 0.004218 0.004139
0 0.778173 0.138726 0.003405 0.004712
0 0.157826 0.171761 0.002357 0.002827
0 0.156254 0.173293 0.003405 0.003534
0 0.151278 0.172233 0.002881 0.004241
0 0.127574 0.170701 0.004191 0.003534
0 0.124754 0.109940 0.002326 0.003701
0 0.110443 0.106802 0.001968 0.003862
0 0.109995 0.162883 0.002862 0.003058
0 0.111695 0.158699 0.004472 0.002736
0 0.109906 0.159906 0.004472 0.002253
0 0.103645 0.164332 0.004472 0.002736
0 0.093090 0.164171 0.003041 0.003701
0 0.092464 0.168355 0.003220 0.003701
0 0.085845 0.165780 0.002862 0.003058
0 0.082178 0.167309 0.002326 0.004184
0 0.073680 0.182596 0.004293 0.003862
0 0.065093 0.191688 0.002505 0.004345
0 0.064378 0.197643 0.003220 0.003379
0 0.059726 0.199895 0.004293 0.003701
0 0.051318 0.197964 0.002862 0.004345
0 0.051676 0.205206 0.003220 0.004345
0 0.067375 0.278889 0.001789 0.003701
0 0.065228 0.274705 0.003220 0.004023
0 0.059593 0.274544 0.003041 0.004023
0 0.057446 0.278003 0.001968 0.004184
0 0.045371 0.281866 0.002505 0.003862
