0 0.052916 0.195665 0.002324 0.004915
0 0.051256 0.194897 0.002324 0.003993
0 0.057232 0.192440 0.002324 0.003993
0 0.061382 0.196894 0.004648 0.004915
0 0.076653 0.197816 0.003320 0.003686
0 0.085782 0.199659 0.002988 0.004301
0 0.084952 0.203499 0.003320 0.004608
0 0.059722 0.228381 0.003984 0.003993
0 0.066361 0.235293 0.003320 0.007373
0 0.066029 0.244048 0.005312 0.005222
0 0.089102 0.248656 0.003652 0.005222
0 0.093750 0.248656 0.003652 0.005222
0 0.044949 0.300724 0.003652 0.005529
0 0.109850 0.207185 0.003320 0.003993
0 0.117984 0.211178 0.003652 0.004608
0 0.123794 0.206724 0.003984 0.004301
0 0.124955 0.215940 0.003652 0.004915
0 0.150020 0.211178 0.005312 0.005837
0 0.147032 0.233450 0.002656 0.004915
0 0.158651 0.241897 0.004648 0.005222
0 0.139728 0.274152 0.003984 0.006451
0 0.129935 0.275688 0.004316 0.005222
0 0.119312 0.298421 0.003652 0.003993
0 0.145870 0.293813 0.003652 0.005837
0 0.151846 0.289819 0.004316 0.005222
0 0.079026 0.356449 0.003287 0.005407
0 0.130699 0.330599 0.002921 0.005069
0 0.168494 0.336681 0.004747 0.005744
0 0.184927 0.320799 0.003287 0.005069
0 0.230209 0.330937 0.004017 0.005744
0 0.244451 0.331950 0.003287 0.005744
0 0.247737 0.336343 0.004017 0.006420
0 0.218158 0.291063 0.004747 0.004393
0 0.189309 0.271465 0.005478 0.008448
0 0.177989 0.218413 0.003287 0.005069
0 0.187118 0.212837 0.004747 0.005407
0 0.188944 0.218582 0.004017 0.004731
0 0.212863 0.212499 0.004382 0.005407
0 0.223818 0.223312 0.004382 0.005407
0 0.228566 0.221116 0.004382 0.005744
0 0.255223 0.236998 0.005112 0.006420
0 0.273665 0.249669 0.004017 0.006082
0 0.280968 0.253555 0.004017 0.005069
0 0.278777 0.259469 0.004017 0.005407
0 0.432607 0.280269 0.003043 0.004928
0 0.435524 0.280738 0.002790 0.005866
0 0.448584 0.269240 0.003550 0.004459
0 0.454290 0.258680 0.004311 0.005397
0 0.463799 0.254691 0.004058 0.003989
0 0.465321 0.247651 0.003043 0.003989
0 0.483199 0.241785 0.002282 0.004928
0 0.482058 0.237678 0.003043 0.004224
0 0.502219 0.237796 0.003804 0.003989
0 0.510841 0.241081 0.002282 0.006336
0 0.517561 0.239321 0.003043 0.004693
0 0.523774 0.235214 0.002790 0.004459
0 0.523140 0.232516 0.003043 0.003285
0 0.535058 0.227376 0.002935 0.003123
0 0.529774 0.219907 0.001761 0.002580
0 0.536378 0.219907 0.002055 0.003938
0 0.537406 0.224728 0.003229 0.002988
0 0.535498 0.224117 0.002055 0.003123
0 0.540047 0.221537 0.002055 0.004481
0 0.543863 0.215765 0.002055 0.003259
0 0.548999 0.217598 0.002348 0.004481
0 0.531095 0.220382 0.001761 0.004889
0 0.531976 0.221876 0.001761 0.003531
0 0.529995 0.222691 0.001908 0.004346
0 0.548632 0.227580 0.002495 0.003802
0 0.555016 0.228666 0.002642 0.004074
0 0.574241 0.234302 0.002642 0.003938
0 0.551934 0.216376 0.002055 0.004210
0 0.555016 0.213117 0.003229 0.003938
0 0.554503 0.215833 0.002495 0.003938
0 0.561694 0.217395 0.001908 0.004617
0 0.563748 0.215494 0.003375 0.004074
0 0.569692 0.210944 0.003229 0.004753
0 0.570279 0.207957 0.002935 0.004481
0 0.575269 0.214611 0.003522 0.006111
0 0.565583 0.206191 0.002055 0.005568
0 0.563528 0.206531 0.002348 0.004617
0 0.588844 0.216987 0.003962 0.003802
0 0.592733 0.213728 0.002642 0.004074
0 0.595668 0.220993 0.003816 0.004753
0 0.601244 0.223234 0.002348 0.005432
0 0.603886 0.223166 0.002935 0.005839
0 0.600584 0.234641 0.002788 0.004889
0 0.588770 0.249307 0.002055 0.003531
0 0.590384 0.251616 0.002055 0.004074
0 0.597796 0.250869 0.002495 0.005025
0 0.603739 0.215833 0.001761 0.005839
0 0.602272 0.215290 0.002348 0.004481
0 0.599630 0.213185 0.002055 0.005704
0 0.597869 0.213117 0.002642 0.004210
0 0.598456 0.205105 0.002348 0.003395
0 0.604767 0.199130 0.003229 0.004753
0 0.606748 0.196074 0.003962 0.004346
0 0.609756 0.202185 0.003816 0.003802
0 0.601024 0.208704 0.001908 0.004074
0 0.603079 0.208432 0.002495 0.004074
0 0.758966 0.362034 0.003593 0.004889
0 0.736882 0.346683 0.004227 0.005866
0 0.725153 0.350203 0.004861 0.005866
0 0.705394 0.342968 0.005072 0.005084
0 0.681725 0.350301 0.005072 0.006062
0 0.671898 0.343359 0.004861 0.005084
0 0.863971 0.163408 0.004058 0.004928
0 0.869296 0.169744 0.002536 0.004459
0 0.870564 0.163995 0.005579 0.004224
0 0.866507 0.168219 0.004058 0.004224
0 0.868408 0.166576 0.003297 0.005632
0 0.873480 0.155782 0.004311 0.005632
0 0.872466 0.140764 0.004311 0.006101
0 0.878172 0.140529 0.003550 0.005632
0 0.886540 0.138300 0.004565 0.006336
0 0.945628 0.137127 0.005579 0.003989
0 0.446094 0.230331 0.005495 0.008604
0 0.353638 0.200607 0.004015 0.005475
