0 0.624556 0.311157 0.006023 0.007930
0 0.581751 0.278392 0.005593 0.007513
0 0.576804 0.277766 0.006023 0.007930
0 0.629382 0.334153 0.005609 0.006220
0 0.619632 0.347500 0.004808 0.004924
0 0.622838 0.351517 0.003740 0.006738
0 0.622437 0.363568 0.006144 0.006997
0 0.610550 0.370825 0.005342 0.005442
0 0.608681 0.381969 0.005877 0.005961
0 0.615626 0.397389 0.004274 0.007775
0 0.609616 0.404257 0.004541 0.005442
0 0.612687 0.410088 0.006411 0.005702
0 0.603071 0.418511 0.004808 0.005961
0 0.608413 0.434191 0.005342 0.004665
0 0.608413 0.439893 0.005342 0.004665
0 0.760269 0.396741 0.004007 0.008034
0 0.752656 0.416049 0.005342 0.004147
0 0.750653 0.420455 0.005075 0.006220
0 0.738900 0.412680 0.005609 0.007775
0 0.711520 0.410866 0.005342 0.006220
0 0.704976 0.414494 0.006144 0.007775
0 0.701370 0.429396 0.003205 0.006479
0 0.691219 0.441577 0.006411 0.007516
0 0.617246 0.314674 0.002007 0.004089
0 0.618952 0.314576 0.002208 0.005063
0 0.524503 0.278403 0.005342 0.005961
0 0.365901 0.270166 0.006044 0.006209
0 0.351502 0.269649 0.007822 0.008624
0 0.345280 0.246020 0.006044 0.009659
0 0.617696 0.461541 0.005289 0.007127
0 0.620928 0.480784 0.004114 0.007982
0 0.614463 0.518985 0.005877 0.009123
0 0.590663 0.521979 0.006464 0.006557
0 0.581702 0.546638 0.004995 0.006272
0 0.570536 0.550915 0.004407 0.005131
0 0.570683 0.557614 0.005877 0.005417
0 0.154711 0.250838 0.005342 0.004241
0 0.158354 0.260026 0.004857 0.004712
0 0.159325 0.267212 0.004371 0.005419
0 0.159447 0.277108 0.005585 0.005419
0 0.152405 0.274870 0.005585 0.004241
0 0.151676 0.276872 0.005099 0.004477
0 0.150462 0.279699 0.004128 0.005419
0 0.154469 0.285236 0.003885 0.005183
0 0.147912 0.293482 0.006314 0.005183
0 0.148276 0.296899 0.003642 0.005419
0 0.143177 0.289477 0.003642 0.002827
0 0.139899 0.302435 0.002428 0.004712
0 0.132203 0.254897 0.008888 0.003105
0 0.127047 0.259036 0.007111 0.007244
0 0.115493 0.266970 0.007466 0.007934
0 0.102871 0.260761 0.009244 0.008624
0 0.087406 0.266108 0.004622 0.005519
0 0.085450 0.263176 0.004266 0.005864
0 0.070162 0.267488 0.004266 0.008969
0 0.086517 0.287150 0.005689 0.006209
0 0.078162 0.292152 0.006044 0.008624
0 0.060208 0.307329 0.007111 0.005864
0 0.063585 0.298533 0.006755 0.006899
0 0.051853 0.290772 0.005333 0.006554
0 0.038342 0.297671 0.006044 0.006554
0 0.036742 0.293876 0.005689 0.005864
0 0.035676 0.284218 0.007111 0.009314
0 0.029099 0.273697 0.006044 0.008279
0 0.031765 0.268350 0.006400 0.008624
0 0.032654 0.259209 0.008177 0.008279
0 0.026254 0.268867 0.008177 0.007589
0 0.022343 0.269902 0.005333 0.008279
0 0.022521 0.232648 0.009244 0.009659
0 0.020548 0.534546 0.005877 0.005702
0 0.037737 0.541103 0.003232 0.005702
0 0.048461 0.548088 0.005289 0.006557
0 0.055366 0.536114 0.004995 0.008267
0 0.061096 0.530983 0.005289 0.007697
0 0.045817 0.566618 0.005877 0.005987
0 0.041263 0.551366 0.004995 0.006272
0 0.044935 0.583581 0.004701 0.005702
0 0.024367 0.521433 0.005877 0.005702
0 0.073143 0.513878 0.005289 0.006557
0 0.099734 0.487650 0.008521 0.007127
0 0.124269 0.449877 0.008227 0.007412
0 0.132055 0.441752 0.005583 0.009978
0 0.130989 0.428685 0.004007 0.006997
0 0.134194 0.420521 0.004541 0.006220
0 0.179871 0.382812 0.005075 0.006479
0 0.196833 0.385145 0.004808 0.006997
0 0.152091 0.376981 0.006678 0.006220
0 0.144745 0.365707 0.003205 0.006479
0 0.134525 0.305523 0.004194 0.003427
0 0.125253 0.317089 0.003311 0.005140
0 0.121611 0.323836 0.003091 0.007497
0 0.121721 0.332189 0.003753 0.005355
0 0.119845 0.333046 0.003974 0.004070
0 0.120838 0.341399 0.003311 0.007497
