0 0.029077 0.318583 0.002352 0.002886
0 0.053548 0.327156 0.002081 0.003056
0 0.059763 0.337790 0.002583 0.003189
0 0.068939 0.334697 0.002447 0.002232
0 0.200815 0.292593 0.001966 0.002319
0 0.215528 0.285178 0.001903 0.002526
0 0.227204 0.289295 0.001764 0.002918
0 0.232032 0.294587 0.001950 0.002962
0 0.231266 0.299574 0.002182 0.002396
0 0.233540 0.299509 0.002182 0.002962
0 0.234654 0.301708 0.001996 0.001873
0 0.231033 0.305476 0.002368 0.001568
0 0.219312 0.285897 0.001764 0.001786
0 0.210607 0.293933 0.002553 0.002439
0 0.214600 0.291668 0.003296 0.001742
0 0.203556 0.300601 0.001885 0.002575
0 0.208961 0.289541 0.002017 0.001769
0 0.207589 0.289060 0.002116 0.001924
0 0.244149 0.305549 0.002116 0.002110
0 0.326259 0.315753 0.003158 0.003205
0 0.358093 0.285522 0.002513 0.003084
0 0.359124 0.288757 0.002384 0.002781
0 0.363764 0.297101 0.002642 0.002660
0 0.366084 0.294712 0.002255 0.002358
0 0.367405 0.294289 0.002449 0.002600
0 0.407713 0.274608 0.002513 0.002902
0 0.533245 0.296870 0.001892 0.002730
0 0.534573 0.296239 0.002073 0.002082
0 0.536264 0.296444 0.001673 0.002969
0 0.537737 0.296649 0.002073 0.003038
0 0.532147 0.302653 0.002219 0.002389
0 0.536367 0.306049 0.002292 0.002696
0 0.530511 0.309598 0.003019 0.001877
0 0.513250 0.309274 0.002328 0.002799
0 0.506102 0.309769 0.002219 0.002833
0 0.508144 0.313224 0.001951 0.002544
0 0.509980 0.312526 0.001852 0.002203
0 0.510691 0.313891 0.001951 0.002079
0 0.521653 0.313891 0.001984 0.002451
0 0.507615 0.318716 0.002017 0.001862
0 0.504639 0.326162 0.001819 0.002854
0 0.508475 0.329156 0.001951 0.002575
0 0.509633 0.327574 0.002282 0.002327
0 0.511732 0.327512 0.001918 0.002761
0 0.510261 0.324192 0.002149 0.002203
0 0.509066 0.334730 0.002321 0.002741
0 0.509506 0.338108 0.002641 0.002515
0 0.643956 0.309967 0.002982 0.002898
0 0.674845 0.310592 0.002237 0.002149
0 0.676896 0.308368 0.001864 0.002299
0 0.684059 0.311266 0.002769 0.003098
0 0.701912 0.303194 0.002519 0.002309
0 0.704460 0.304046 0.002461 0.002254
0 0.704900 0.298796 0.001933 0.002199
0 0.708532 0.300308 0.002402 0.002693
0 0.713424 0.296955 0.002461 0.002473
