0 0.048266 0.284794 0.002762 0.001929
0 0.056725 0.283559 0.002590 0.003164
0 0.066824 0.279585 0.002590 0.003241
0 0.036330 0.305930 0.001946 0.002725
0 0.074204 0.315496 0.002594 0.003073
0 0.037934 0.254752 0.002010 0.002261
0 0.037220 0.260984 0.002918 0.002087
0 0.075094 0.273158 0.002400 0.003247
0 0.078726 0.268753 0.002918 0.003131
0 0.093674 0.271825 0.003243 0.003478
0 0.122550 0.313999 0.003453 0.003578
0 0.103174 0.265954 0.002158 0.003472
0 0.113063 0.256031 0.002925 0.003189
0 0.126047 0.251599 0.002354 0.002997
0 0.133609 0.249495 0.002639 0.002997
0 0.074233 0.349262 0.002276 0.003367
0 0.111115 0.355049 0.002903 0.003297
0 0.107466 0.365466 0.002511 0.003227
0 0.111546 0.369780 0.002197 0.003016
0 0.114999 0.382617 0.002040 0.003157
0 0.111272 0.387071 0.002276 0.003087
0 0.087966 0.383915 0.002119 0.001824
0 0.132245 0.385429 0.002948 0.002971
0 0.137819 0.382315 0.002948 0.003258
0 0.148242 0.377934 0.002590 0.003297
0 0.157187 0.373410 0.002590 0.003928
0 0.164760 0.385931 0.002354 0.003157
0 0.170645 0.367903 0.002511 0.003297
0 0.173784 0.370043 0.002982 0.002525
0 0.159689 0.257021 0.003238 0.002521
0 0.195100 0.273429 0.002412 0.003354
0 0.204051 0.282078 0.003269 0.002252
0 0.208634 0.281862 0.002465 0.002683
0 0.218094 0.282006 0.002841 0.003066
0 0.222542 0.277909 0.002733 0.003593
0 0.230019 0.268087 0.002144 0.002635
0 0.231520 0.265045 0.001929 0.002875
0 0.232940 0.280137 0.002733 0.002396
0 0.228813 0.270986 0.001983 0.002587
0 0.229912 0.271178 0.002465 0.002587
0 0.232487 0.257467 0.002416 0.002268
0 0.231097 0.250538 0.002779 0.002016
0 0.249977 0.339506 0.002205 0.003420
0 0.275658 0.348782 0.002464 0.002841
0 0.276307 0.346898 0.002983 0.002087
0 0.290185 0.335767 0.002983 0.003247
0 0.319447 0.318973 0.002339 0.002352
0 0.320860 0.319343 0.002631 0.001786
0 0.326098 0.316882 0.002388 0.002962
0 0.339083 0.315009 0.002339 0.003485
0 0.431013 0.273513 0.002417 0.003472
0 0.436969 0.276021 0.002590 0.002469
0 0.436796 0.278721 0.002935 0.002778
0 0.431358 0.281384 0.002417 0.003472
0 0.455053 0.262826 0.003194 0.003395
0 0.470202 0.259161 0.002244 0.003164
0 0.473093 0.261437 0.002849 0.003087
0 0.470202 0.264601 0.003625 0.002624
0 0.431571 0.337524 0.002497 0.003189
0 0.439775 0.336695 0.002497 0.003699
0 0.446944 0.337109 0.002568 0.003125
0 0.455112 0.341797 0.003638 0.002933
0 0.466384 0.344220 0.002782 0.003061
0 0.488926 0.347855 0.003638 0.003189
0 0.497451 0.341159 0.002568 0.003444
0 0.479866 0.355125 0.002782 0.002806
0 0.488819 0.357389 0.003567 0.001722
0 0.461996 0.365232 0.002568 0.003125
0 0.502480 0.366890 0.003353 0.002742
0 0.501161 0.382578 0.002425 0.003252
0 0.458001 0.378242 0.002854 0.003252
0 0.455005 0.379071 0.003282 0.002232
0 0.442521 0.378369 0.003282 0.002742
0 0.501611 0.322218 0.002762 0.002932
0 0.507308 0.324649 0.003971 0.002083
0 0.517277 0.322642 0.003194 0.003781
0 0.526254 0.399072 0.002849 0.003549
0 0.544770 0.393053 0.002935 0.003549
0 0.565055 0.388617 0.002762 0.003472
0 0.564537 0.391009 0.003107 0.003009
0 0.575715 0.388115 0.002676 0.003395
0 0.582836 0.391279 0.002935 0.003395
0 0.577096 0.404281 0.002676 0.003009
0 0.591209 0.404049 0.003280 0.003164
0 0.596172 0.401271 0.002158 0.003781
0 0.598891 0.402506 0.003107 0.002546
0 0.572435 0.413733 0.002158 0.002932
0 0.572694 0.415816 0.002503 0.002778
0 0.575178 0.353179 0.001772 0.002952
0 0.575078 0.349705 0.002054 0.002484
0 0.576668 0.349561 0.002255 0.002916
0 0.578923 0.358758 0.001852 0.003312
0 0.575662 0.357894 0.002094 0.002664
0 0.575239 0.360576 0.002215 0.002484
0 0.649405 0.314265 0.002996 0.003890
0 0.652722 0.309833 0.004637 0.002678
0 0.654577 0.316721 0.002925 0.003571
0 0.657645 0.320898 0.002925 0.003635
0 0.653828 0.327147 0.003139 0.002870
0 0.663780 0.330017 0.002925 0.003380
0 0.679795 0.334321 0.003282 0.003699
0 0.684289 0.342675 0.003852 0.003316
0 0.835176 0.508553 0.004083 0.003141
0 0.840303 0.505836 0.002943 0.003650
0 0.825491 0.489455 0.002754 0.002971
0 0.824778 0.484447 0.003418 0.003820
0 0.734377 0.475447 0.002849 0.002886
0 0.838509 0.434256 0.004171 0.003107
0 0.750511 0.418536 0.003058 0.003480
0 0.841605 0.373267 0.002590 0.003648
0 0.823635 0.357308 0.003060 0.003718
0 0.809471 0.352012 0.004708 0.002946
0 0.805587 0.341420 0.003688 0.003507
0 0.796524 0.328968 0.003453 0.003578
0 0.787068 0.323357 0.003060 0.003718
0 0.777102 0.350048 0.003688 0.003227
0 0.749755 0.357729 0.003296 0.003016
0 0.746498 0.368918 0.002590 0.003788
0 0.801355 0.309240 0.002611 0.003174
0 0.796864 0.311341 0.003029 0.003081
0 0.713203 0.340284 0.004073 0.003455
