0 0.931310 0.256945 0.005293 0.005050
0 0.923610 0.243171 0.005293 0.008723
0 0.897865 0.192437 0.005775 0.006428
0 0.927219 0.188305 0.007699 0.008264
0 0.942137 0.170169 0.005775 0.007805
0 0.936603 0.172006 0.004331 0.009642
0 0.935641 0.163971 0.005293 0.007346
0 0.944543 0.149738 0.009624 0.009183
0 0.950558 0.143081 0.008181 0.006887
0 0.965235 0.155018 0.008662 0.008723
0 0.974859 0.148590 0.008662 0.008723
0 0.912542 0.164201 0.008181 0.008723
0 0.890166 0.190371 0.005775 0.010560
0 0.882226 0.185091 0.006256 0.011937
0 0.871639 0.181877 0.007218 0.009183
0 0.859850 0.186698 0.006737 0.010560
0 0.855519 0.184862 0.006737 0.010560
0 0.828812 0.186239 0.009143 0.010560
0 0.813894 0.187846 0.007218 0.012856
0 0.788390 0.200472 0.007218 0.013315
0 0.797774 0.227331 0.012511 0.011019
0 0.776360 0.217460 0.008181 0.010560
0 0.830496 0.266127 0.012511 0.010560
0 0.860090 0.282886 0.007218 0.012856
0 0.822075 0.304235 0.009143 0.008723
0 0.748690 0.203227 0.008662 0.005050
0 0.748209 0.207129 0.006737 0.003673
0 0.741712 0.213327 0.005293 0.006887
0 0.723667 0.208048 0.005775 0.008264
0 0.715727 0.214016 0.006256 0.009183
0 0.703216 0.211261 0.008181 0.011019
0 0.507334 0.219605 0.004074 0.005183
0 0.503395 0.214551 0.004889 0.005961
0 0.467540 0.205480 0.006519 0.004924
0 0.422992 0.214680 0.004889 0.007775
0 0.388631 0.205869 0.004074 0.006220
0 0.390261 0.201074 0.005161 0.003887
0 0.384692 0.202240 0.003803 0.003628
0 0.382519 0.203277 0.003260 0.004665
0 0.382655 0.213385 0.006248 0.006220
0 0.382156 0.194907 0.005102 0.003115
0 0.381238 0.198217 0.004082 0.003505
0 0.371238 0.203864 0.004490 0.005063
0 0.365728 0.205129 0.005306 0.007204
0 0.369299 0.219246 0.004286 0.005452
0 0.349095 0.197730 0.005102 0.005257
0 0.335524 0.192083 0.005714 0.004868
0 0.318585 0.189941 0.004490 0.004089
0 0.304605 0.185852 0.005918 0.004478
0 0.287871 0.191207 0.004286 0.005841
0 0.278891 0.195978 0.005102 0.007594
0 0.280014 0.209218 0.004490 0.005647
0 0.302463 0.221972 0.003673 0.005452
0 0.217759 0.168215 0.007437 0.009600
0 0.197199 0.177815 0.005687 0.009600
0 0.166795 0.153397 0.005250 0.005843
0 0.160670 0.146510 0.005250 0.007930
0 0.121080 0.127519 0.004812 0.009183
0 0.113643 0.143797 0.006562 0.008348
0 0.137703 0.167171 0.006562 0.006678
0 0.143609 0.182197 0.004375 0.010852
0 0.067928 0.157363 0.007874 0.007096
0 0.053273 0.250232 0.009187 0.008348
0 0.058304 0.097676 0.006999 0.006261
0 0.068803 0.094128 0.005250 0.009183
0 0.052617 0.092041 0.007874 0.005843
0 0.053054 0.084111 0.007874 0.008348
0 0.628810 0.225374 0.006125 0.010435
