0 0.441237 0.560605 0.002779 0.003125
0 0.433693 0.557735 0.003573 0.001977
0 0.425950 0.555312 0.004103 0.002232
0 0.416851 0.550689 0.002846 0.002806
0 0.419697 0.550242 0.002581 0.002551
0 0.418638 0.547309 0.002184 0.003061
0 0.416851 0.546384 0.002316 0.002615
0 0.414072 0.546448 0.003243 0.002104
0 0.406991 0.544662 0.002316 0.002487
0 0.399613 0.544567 0.002250 0.003061
0 0.406197 0.548329 0.001919 0.003444
0 0.407322 0.547660 0.002184 0.002997
0 0.464133 0.569374 0.003176 0.002041
0 0.474390 0.570490 0.003309 0.002232
0 0.610386 0.535468 0.003517 0.003697
0 0.640760 0.536290 0.003304 0.002465
0 0.667137 0.543119 0.003197 0.003389
0 0.812956 0.641742 0.001718 0.003348
0 0.815067 0.642570 0.001980 0.002484
0 0.816766 0.641328 0.001718 0.002520
0 0.818858 0.639673 0.002241 0.002808
0 0.824293 0.639709 0.002951 0.002880
0 0.818298 0.645810 0.002092 0.003060
0 0.834379 0.636613 0.002727 0.002376
0 0.845603 0.634057 0.001718 0.002592
0 0.846687 0.637081 0.003661 0.002232
0 0.849806 0.637639 0.002577 0.002700
0 0.871753 0.637835 0.002914 0.002160
0 0.872537 0.634613 0.002540 0.002412
0 0.873919 0.636215 0.001942 0.002880
0 0.880307 0.639419 0.003885 0.001728
0 0.871416 0.640967 0.003063 0.001656
0 0.875955 0.643433 0.002428 0.002412
0 0.888190 0.623717 0.003287 0.003089
0 0.903290 0.622589 0.003082 0.002653
0 0.904030 0.624153 0.002671 0.002613
0 0.919241 0.624868 0.003549 0.002145
0 0.904890 0.642322 0.003862 0.001742
0 0.930146 0.657200 0.003452 0.001703
0 0.918250 0.668227 0.002753 0.003009
0 0.958070 0.673188 0.002888 0.003884
0 0.963665 0.675333 0.002286 0.003189
0 0.950039 0.684347 0.003309 0.001971
0 0.957589 0.689420 0.003489 0.002609
0 0.946971 0.686174 0.001985 0.003536
0 0.945286 0.689884 0.002226 0.003073
0 0.945106 0.696406 0.001985 0.002899
0 0.950911 0.694493 0.001805 0.003594
0 0.964250 0.698815 0.002785 0.002520
0 0.965727 0.701744 0.003701 0.001636
0 0.969666 0.705294 0.002819 0.002978
0 0.970719 0.698471 0.001800 0.002291
0 0.970821 0.701351 0.002547 0.001702
0 0.972043 0.699633 0.001868 0.001865
0 0.967510 0.693775 0.003464 0.001800
0 0.967646 0.692761 0.003056 0.001865
0 0.967849 0.691239 0.002377 0.001767
0 0.966576 0.690912 0.002751 0.001702
0 0.970489 0.712431 0.002712 0.003059
