0 0.993324 0.945868 0.003342 0.004406
0 0.991375 0.953254 0.002785 0.004665
0 0.983854 0.955586 0.003342 0.004665
0 0.984690 0.960899 0.002785 0.003369
0 0.968674 0.963102 0.004735 0.003110
0 0.971599 0.923450 0.002785 0.003628
0 0.983994 0.914379 0.003064 0.004147
0 0.981487 0.901680 0.003064 0.003628
0 0.965332 0.908936 0.004178 0.004665
0 0.938453 0.900643 0.002785 0.004147
0 0.930097 0.911658 0.003342 0.004406
0 0.940124 0.918007 0.002785 0.004147
0 0.962686 0.883668 0.002228 0.003887
0 0.967281 0.871228 0.003064 0.004406
0 0.955304 0.871487 0.003064 0.005442
0 0.986542 0.996444 0.003370 0.004276
0 0.958048 0.998439 0.002757 0.004276
0 0.968905 0.958289 0.001712 0.003894
0 0.967953 0.958466 0.001712 0.003540
0 0.907456 0.980061 0.002473 0.003894
0 0.883010 0.970503 0.003044 0.003186
0 0.881012 0.978911 0.001712 0.003717
0 0.874068 0.920673 0.003044 0.004779
0 0.936814 0.849682 0.002594 0.003218
0 0.896085 0.883556 0.002075 0.004023
0 0.878617 0.848234 0.002767 0.003862
0 0.878271 0.842843 0.002075 0.003701
0 0.896344 0.830774 0.002940 0.003701
0 0.856047 0.875671 0.002940 0.004345
0 0.842038 0.870844 0.003286 0.003701
0 0.936667 0.823766 0.002854 0.004071
0 0.954074 0.829430 0.003044 0.005133
0 0.918784 0.777565 0.003995 0.003009
0 0.920306 0.774291 0.002473 0.004248
0 0.937143 0.740304 0.002663 0.004602
0 0.864373 0.774583 0.002421 0.004345
0 0.837739 0.791078 0.002767 0.003862
0 0.810067 0.841929 0.002767 0.004184
0 0.793291 0.851182 0.002767 0.003379
0 0.793205 0.855929 0.003286 0.003862
0 0.799410 0.860416 0.002516 0.004242
0 0.817884 0.870583 0.002673 0.003804
0 0.820792 0.888724 0.003459 0.004389
0 0.834235 0.833425 0.002987 0.003511
0 0.763090 0.855808 0.004088 0.002633
0 0.750355 0.851126 0.004402 0.003804
0 0.748861 0.825964 0.003302 0.003511
0 0.745638 0.856247 0.002830 0.003511
0 0.751298 0.867219 0.002516 0.003804
0 0.749019 0.880239 0.002673 0.003804
0 0.746975 0.896770 0.002358 0.003804
0 0.797831 0.911117 0.002421 0.004989
0 0.764971 0.905243 0.003805 0.003540
0 0.718016 0.887220 0.003286 0.003218
0 0.715681 0.868794 0.003113 0.004023
0 0.684810 0.876277 0.004324 0.003862
0 0.766794 0.854863 0.002041 0.003386
0 0.767770 0.856185 0.002041 0.004542
0 0.714404 0.845384 0.004158 0.004353
0 0.696668 0.835168 0.002989 0.003748
0 0.685577 0.832302 0.002854 0.004425
0 0.691189 0.835488 0.002663 0.004071
0 0.725238 0.745011 0.002044 0.004096
0 0.732628 0.747644 0.002358 0.004096
0 0.739152 0.753350 0.002830 0.004096
0 0.744577 0.756056 0.002673 0.004242
0 0.748272 0.752691 0.002516 0.003950
0 0.751731 0.754301 0.003459 0.003365
0 0.739467 0.761103 0.004088 0.003511
0 0.646861 0.696076 0.003145 0.004828
0 0.645603 0.749400 0.002830 0.004096
0 0.630745 0.757519 0.003931 0.002487
0 0.659125 0.772953 0.003459 0.004681
0 0.632239 0.777854 0.003145 0.003657
0 0.638725 0.808895 0.004402 0.003218
0 0.622373 0.820745 0.003145 0.004096
0 0.618364 0.820599 0.002673 0.004096
0 0.616792 0.817234 0.002673 0.004096
0 0.607358 0.800922 0.003302 0.003365
0 0.602091 0.805750 0.004088 0.003950
0 0.605629 0.810724 0.002987 0.003365
0 0.602720 0.816942 0.003773 0.004974
0 0.593994 0.831132 0.002358 0.004096
0 0.563728 0.814967 0.002830 0.003657
0 0.545804 0.808969 0.002830 0.004535
0 0.549106 0.817161 0.003459 0.004242
0 0.543603 0.819575 0.002516 0.003511
0 0.578979 0.856953 0.002830 0.003657
0 0.583932 0.865145 0.002673 0.004242
0 0.534405 0.837203 0.002358 0.003950
0 0.531978 0.764511 0.003139 0.004673
0 0.472860 0.791771 0.003348 0.004284
0 0.468361 0.792842 0.002302 0.004868
0 0.461350 0.803746 0.003348 0.004868
0 0.443667 0.795860 0.003139 0.003894
0 0.437285 0.760033 0.002093 0.004673
0 0.425984 0.739782 0.003348 0.003894
0 0.423054 0.767334 0.002511 0.004478
0 0.421171 0.765777 0.002930 0.004089
0 0.453237 0.819955 0.005014 0.004924
0 0.453237 0.828378 0.003342 0.004147
0 0.450173 0.835246 0.003342 0.005442
0 0.467582 0.851314 0.004735 0.005961
0 0.470506 0.861681 0.003899 0.005442
0 0.477470 0.867253 0.005571 0.005183
0 0.467443 0.866864 0.003899 0.004406
0 0.476495 0.830969 0.002507 0.004665
0 0.429422 0.796630 0.002507 0.004406
0 0.426219 0.797148 0.003342 0.004406
0 0.399405 0.786582 0.002720 0.003310
0 0.361350 0.791827 0.003545 0.003534
0 0.358347 0.792264 0.002854 0.004425
0 0.344364 0.819702 0.003424 0.004071
0 0.453991 0.701695 0.003139 0.002921
0 0.451166 0.705200 0.002511 0.002921
0 0.449178 0.701890 0.002302 0.002921
0 0.448864 0.696048 0.002093 0.003700
0 0.425531 0.696438 0.002302 0.003310
0 0.410673 0.693809 0.003139 0.004673
0 0.381375 0.663725 0.002720 0.003310
0 0.377609 0.666841 0.002720 0.004089
0 0.325665 0.625159 0.004143 0.004284
0 0.313694 0.634904 0.004604 0.004498
0 0.251772 0.632656 0.003223 0.003427
0 0.257757 0.648720 0.003223 0.003427
0 0.266044 0.648505 0.003683 0.004712
0 0.245672 0.635654 0.004374 0.002570
0 0.246248 0.637368 0.004143 0.002142
0 0.213560 0.680312 0.005064 0.003641
0 0.222998 0.680955 0.002762 0.003641
0 0.226796 0.686845 0.002993 0.004284
0 0.229213 0.695519 0.002762 0.002784
0 0.228407 0.697554 0.003453 0.002570
0 0.163378 0.681490 0.005064 0.004284
0 0.136709 0.718143 0.005064 0.004948
0 0.124681 0.778458 0.004305 0.004477
0 0.069987 0.785291 0.003292 0.003534
0 0.139621 0.789885 0.003292 0.005183
0 0.171019 0.791063 0.004305 0.004712
0 0.056686 0.788467 0.003302 0.003657
0 0.058101 0.789930 0.002358 0.002780
0 0.058053 0.714136 0.004735 0.004665
0 0.283876 0.759454 0.003292 0.004005
0 0.288687 0.767465 0.003798 0.004005
0 0.244754 0.777007 0.003039 0.005655
0 0.268303 0.780187 0.003545 0.004477
0 0.288813 0.783839 0.004051 0.005183
0 0.298435 0.789612 0.004051 0.005419
0 0.310210 0.789376 0.003798 0.005419
0 0.321731 0.787138 0.003545 0.004241
0 0.272354 0.805751 0.004051 0.003770
0 0.275773 0.811759 0.004305 0.005419
0 0.281470 0.817767 0.003545 0.004712
0 0.267037 0.824128 0.004051 0.005655
0 0.257415 0.821772 0.005064 0.004712
0 0.233866 0.802452 0.003039 0.005655
0 0.220952 0.815528 0.004558 0.004005
0 0.218040 0.821301 0.003292 0.004241
0 0.211203 0.836026 0.003292 0.004948
0 0.327175 0.819887 0.003292 0.004712
0 0.329961 0.817649 0.003798 0.004948
0 0.335658 0.825659 0.003545 0.005890
0 0.334645 0.832374 0.004051 0.005183
0 0.401937 0.898132 0.003064 0.004665
0 0.387313 0.900464 0.003342 0.004665
0 0.321417 0.911540 0.004604 0.003505
0 0.320371 0.914753 0.003348 0.002531
0 0.311058 0.915337 0.002302 0.004478
0 0.301327 0.917576 0.002930 0.004673
0 0.435152 0.845684 0.003459 0.004184
0 0.583017 0.951608 0.003039 0.004477
0 0.585802 0.959265 0.004051 0.005655
0 0.643662 0.916032 0.003292 0.004477
0 0.642775 0.909199 0.002532 0.005890
0 0.724690 0.980470 0.003292 0.004712
0 0.727855 0.980470 0.004051 0.004712
0 0.703547 0.991190 0.003545 0.004948
