0 0.075736 0.852554 0.004183 0.004276
0 0.178967 0.921686 0.005677 0.003991
0 0.270694 0.932092 0.003884 0.004276
0 0.265764 0.933090 0.003585 0.003991
0 0.279956 0.945776 0.003884 0.004846
0 0.296539 0.948912 0.004183 0.003136
0 0.305652 0.958035 0.003884 0.004846
0 0.347631 0.837587 0.002988 0.003991
0 0.351516 0.839012 0.002390 0.005131
0 0.359284 0.840295 0.002390 0.005417
0 0.361674 0.834023 0.003585 0.004846
0 0.413011 0.970860 0.002988 0.005183
0 0.416135 0.968786 0.002173 0.004665
0 0.419259 0.967231 0.001901 0.005183
0 0.435963 0.961789 0.002716 0.005183
0 0.406900 0.827282 0.003259 0.003628
0 0.421975 0.834020 0.002988 0.005183
0 0.428358 0.845553 0.002173 0.004406
0 0.429716 0.844387 0.003259 0.003628
0 0.434741 0.845035 0.004074 0.003887
0 0.449409 0.843739 0.002445 0.003369
0 0.451989 0.845942 0.003259 0.003110
0 0.463126 0.849570 0.002716 0.003628
0 0.480781 0.852680 0.004346 0.004147
0 0.312131 0.693891 0.005679 0.003534
0 0.377814 0.764809 0.003210 0.005419
0 0.445103 0.738421 0.002469 0.004948
0 0.401766 0.691653 0.004198 0.002827
0 0.494736 0.774115 0.003457 0.004241
0 0.549060 0.783657 0.003457 0.004005
0 0.561283 0.781655 0.002716 0.003770
0 0.566839 0.783422 0.002963 0.003534
0 0.571432 0.786340 0.004074 0.005183
0 0.576865 0.783230 0.002988 0.003628
0 0.596421 0.777528 0.003531 0.003628
0 0.611361 0.792560 0.002445 0.003628
0 0.613534 0.793467 0.003531 0.004406
0 0.622905 0.796188 0.003803 0.004147
0 0.630103 0.788543 0.002445 0.004406
0 0.651561 0.780120 0.002445 0.004147
0 0.645314 0.800853 0.003531 0.003628
0 0.654413 0.792301 0.002716 0.005702
0 0.669217 0.791523 0.002988 0.004147
0 0.673970 0.826899 0.003803 0.004924
0 0.710639 0.813163 0.002716 0.005961
0 0.723677 0.785433 0.003259 0.004924
0 0.720010 0.778176 0.002445 0.004406
0 0.751111 0.825085 0.002173 0.004924
0 0.776644 0.841542 0.002173 0.003628
0 0.778138 0.843616 0.002445 0.005183
0 0.783706 0.841283 0.004889 0.004665
0 0.820638 0.844522 0.003710 0.003058
0 0.822746 0.859729 0.002193 0.003862
0 0.841636 0.864557 0.003204 0.002897
0 0.863308 0.873085 0.002699 0.003218
0 0.864489 0.869787 0.002699 0.003701
0 0.879246 0.880327 0.002530 0.004184
0 0.895016 0.877028 0.002361 0.003701
0 0.896112 0.872925 0.002193 0.003218
0 0.895606 0.888614 0.002530 0.004345
0 0.919977 0.895936 0.003036 0.004828
0 0.957334 0.892396 0.002193 0.004184
0 0.926723 0.821108 0.004048 0.003540
0 0.907497 0.909983 0.003816 0.004284
0 0.945210 0.909983 0.003816 0.002999
0 0.959913 0.916408 0.003592 0.004712
0 0.983596 0.920799 0.002469 0.004498
0 0.989320 0.931830 0.004041 0.003855
