0 0.352372 0.401336 0.001996 0.003009
0 0.346184 0.398365 0.002236 0.002932
0 0.323554 0.424137 0.002295 0.003287
0 0.321280 0.430730 0.002336 0.002693
0 0.262990 0.401774 0.001926 0.002138
0 0.261843 0.400705 0.002008 0.002297
0 0.371708 0.390466 0.002954 0.002161
0 0.371668 0.388267 0.002875 0.003164
0 0.494866 0.406813 0.002580 0.002261
0 0.500466 0.394894 0.001713 0.002439
0 0.507159 0.398792 0.002299 0.002657
0 0.518360 0.389406 0.001983 0.002788
0 0.985329 0.285739 0.002758 0.002806
0 0.982339 0.277150 0.001909 0.002530
0 0.978794 0.273777 0.003218 0.001687
0 0.978958 0.272038 0.003000 0.002741
0 0.630510 0.264309 0.002705 0.003081
0 0.624036 0.269211 0.003285 0.004668
0 0.600317 0.279155 0.002609 0.002708
0 0.598336 0.279155 0.002126 0.003081
0 0.132094 0.401761 0.003082 0.003184
0 0.129032 0.393108 0.002281 0.002539
0 0.128462 0.391719 0.001735 0.002444
0 0.133735 0.371216 0.002316 0.002932
0 0.129440 0.363683 0.001938 0.002831
0 0.130590 0.357585 0.002073 0.001786
0 0.168834 0.343291 0.002400 0.001845
0 0.135437 0.345004 0.002131 0.002732
0 0.132712 0.344548 0.001844 0.002851
0 0.135129 0.340925 0.002418 0.002257
0 0.134904 0.338609 0.001803 0.002930
0 0.140845 0.333916 0.003524 0.002811
0 0.058736 0.294577 0.002105 0.003367
0 0.057030 0.298330 0.001887 0.003157
0 0.058010 0.301943 0.002105 0.003087
0 0.060043 0.303486 0.001960 0.003227
0 0.068282 0.309869 0.003049 0.003928
0 0.067521 0.316356 0.003927 0.001950
0 0.063021 0.304234 0.001909 0.002266
0 0.062258 0.303786 0.003218 0.002003
0 0.083255 0.319123 0.002563 0.001897
0 0.092090 0.314617 0.003109 0.004164
0 0.095335 0.313879 0.002509 0.004164
0 0.097843 0.314142 0.002509 0.003215
0 0.100461 0.314327 0.001963 0.002951
0 0.108642 0.311270 0.002181 0.003057
0 0.108369 0.313931 0.002618 0.002582
0 0.115214 0.306843 0.002018 0.002951
0 0.117722 0.310479 0.001909 0.002424
0 0.121267 0.309056 0.003109 0.002530
0 0.123939 0.314090 0.002563 0.003004
0 0.097543 0.319175 0.002454 0.003162
