0 0.047664 0.779580 0.002486 0.003906
0 0.042278 0.772392 0.004143 0.003906
0 0.038716 0.774111 0.004143 0.003906
0 0.034242 0.773330 0.004143 0.003906
0 0.062825 0.777549 0.004143 0.003906
0 0.067713 0.777314 0.004143 0.003906
0 0.062742 0.801689 0.004143 0.003906
0 0.070862 0.802002 0.004143 0.003906
0 0.028277 0.769346 0.004143 0.003906
0 0.033910 0.808955 0.004143 0.003906
0 0.043107 0.808174 0.004143 0.003906
0 0.051060 0.807080 0.004143 0.003906
0 0.087680 0.817002 0.004143 0.003906
0 0.088343 0.833642 0.004143 0.003906
0 0.082461 0.811299 0.004143 0.003906
0 0.116843 0.800049 0.004143 0.003906
0 0.112701 0.805674 0.004143 0.003906
0 0.116181 0.809580 0.004143 0.003906
0 0.121069 0.801064 0.004143 0.003906
0 0.095799 0.819424 0.004143 0.003906
0 0.101765 0.833721 0.004143 0.003906
0 0.074756 0.810596 0.004143 0.003906
0 0.098699 0.804111 0.004143 0.003906
0 0.086769 0.805596 0.005800 0.002344
0 0.147001 0.828447 0.003314 0.002266
0 0.136644 0.828096 0.004143 0.003125
0 0.142941 0.843174 0.004143 0.003125
0 0.150812 0.847471 0.004143 0.003125
0 0.135982 0.843564 0.004143 0.003125
0 0.130016 0.842783 0.004143 0.003125
0 0.129105 0.836221 0.004143 0.003125
0 0.126620 0.843799 0.004143 0.003125
0 0.139461 0.847549 0.004143 0.003125
0 0.118500 0.839189 0.004143 0.003125
0 0.118169 0.842549 0.004143 0.003125
0 0.123223 0.824736 0.004143 0.003125
0 0.123223 0.827549 0.004143 0.003125
0 0.122146 0.832392 0.004143 0.003125
0 0.143272 0.813721 0.004143 0.003125
0 0.163819 0.809580 0.004143 0.003125
0 0.159925 0.819189 0.004143 0.003125
0 0.177987 0.820908 0.004143 0.003125
0 0.180886 0.820049 0.004143 0.003125
0 0.178981 0.824111 0.004143 0.003125
0 0.166139 0.821689 0.004143 0.003125
0 0.158103 0.820752 0.004143 0.003125
0 0.129727 0.826924 0.003397 0.003906
0 0.164441 0.856924 0.003397 0.003906
0 0.164358 0.868174 0.003397 0.003906
0 0.165269 0.871611 0.003397 0.003906
0 0.118790 0.828330 0.003397 0.003906
0 0.215062 0.884502 0.003397 0.003906
0 0.220447 0.880596 0.003397 0.003906
0 0.208434 0.881377 0.003397 0.003906
0 0.204954 0.880439 0.003397 0.003906
0 0.197498 0.885674 0.003397 0.003906
0 0.189892 0.821123 0.004110 0.004727
0 0.200191 0.814545 0.003397 0.003906
0 0.199735 0.820873 0.005137 0.003906
0 0.191865 0.867123 0.005137 0.003906
0 0.224922 0.875638 0.005137 0.003906
0 0.245145 0.790256 0.005650 0.004297
0 0.247672 0.797666 0.005137 0.003906
0 0.215692 0.787588 0.005137 0.003906
0 0.206247 0.787041 0.005137 0.003906
0 0.352317 0.807621 0.005650 0.004297
0 0.336144 0.806391 0.005137 0.003906
0 0.339541 0.836391 0.005137 0.003906
0 0.366799 0.818969 0.005137 0.003906
0 0.361579 0.816000 0.005137 0.003906
0 0.379972 0.812641 0.005137 0.003906
0 0.363982 0.806781 0.005137 0.003906
0 0.366799 0.828500 0.005137 0.003906
0 0.354371 0.834125 0.005137 0.003906
0 0.325954 0.840219 0.005137 0.003906
0 0.325374 0.830687 0.005137 0.003906
0 0.170982 0.860648 0.005137 0.003906
0 0.154909 0.853851 0.005137 0.003906
0 0.227485 0.848682 0.005137 0.003906
0 0.448324 0.771285 0.005137 0.003906
0 0.435565 0.767770 0.005137 0.003906
0 0.444347 0.777145 0.005137 0.003906
0 0.449815 0.777301 0.005137 0.003906
0 0.452715 0.779488 0.005137 0.003906
0 0.472268 0.773785 0.005137 0.003906
0 0.484530 0.767457 0.005137 0.003906
0 0.500023 0.778395 0.005137 0.003906
0 0.491738 0.777301 0.005137 0.003906
0 0.496626 0.769332 0.005137 0.003906
0 0.463651 0.787848 0.005137 0.003906
0 0.455863 0.795035 0.005137 0.003906
0 0.449567 0.806598 0.005137 0.003906
0 0.461000 0.813395 0.005137 0.003906
0 0.479559 0.806363 0.005137 0.003906
0 0.493063 0.822066 0.005137 0.003906
0 0.479144 0.829254 0.005137 0.003906
0 0.504331 0.827613 0.005137 0.003906
0 0.499525 0.828941 0.005137 0.003906
0 0.502342 0.837223 0.005137 0.003906
0 0.515018 0.837691 0.005137 0.003906
0 0.519989 0.835582 0.005137 0.003906
0 0.521481 0.809723 0.005137 0.003906
0 0.514604 0.809332 0.005137 0.003906
0 0.520901 0.804176 0.005137 0.003906
0 0.521149 0.824879 0.003480 0.005156
0 0.536477 0.824918 0.003480 0.004922
0 0.465143 0.806324 0.003480 0.004922
0 0.491323 0.789371 0.003480 0.004922
0 0.503668 0.794449 0.003480 0.004922
0 0.506816 0.788590 0.003480 0.004922
0 0.487926 0.797496 0.003480 0.004922
0 0.482375 0.789527 0.003480 0.004922
0 0.499111 0.821402 0.003480 0.004922
0 0.500271 0.811481 0.003480 0.004922
0 0.532914 0.806949 0.003480 0.004922
0 0.505076 0.807184 0.003480 0.004922
0 0.485110 0.803512 0.003480 0.004922
0 0.467048 0.802887 0.003480 0.004922
0 0.519865 0.785934 0.001906 0.003047
0 0.520776 0.788629 0.003894 0.001719
0 0.488216 0.807691 0.003894 0.001719
0 0.491282 0.812223 0.003894 0.001719
0 0.491738 0.813981 0.004640 0.004687
0 0.505035 0.811832 0.003894 0.001719
0 0.549360 0.830816 0.003894 0.001719
0 0.554248 0.813551 0.003894 0.001719
0 0.564687 0.831598 0.003894 0.001719
0 0.594347 0.857848 0.003894 0.001719
0 0.606195 0.880738 0.003894 0.002500
0 0.090832 0.824340 0.006271 0.004026
0 0.197520 0.811262 0.005183 0.003327
0 0.912306 0.904352 0.006271 0.004026
0 0.905961 0.907735 0.003894 0.002500
0 0.893699 0.906173 0.003894 0.002500
0 0.881272 0.907032 0.003894 0.002500
0 0.866553 0.899481 0.004283 0.002750
0 0.854797 0.894669 0.004283 0.002750
0 0.860151 0.900182 0.004712 0.003025
0 0.848422 0.907555 0.004712 0.003025
0 0.846718 0.898386 0.004712 0.003025
0 0.917293 0.901222 0.004712 0.003025
0 0.945393 0.987811 0.003894 0.002500
0 0.920710 0.956850 0.003894 0.002500
0 0.908532 0.956772 0.003894 0.002500
0 0.922616 0.945912 0.003894 0.002500
0 0.593611 0.870982 0.002486 0.003516
0 0.590463 0.853794 0.002486 0.003516
0 0.565442 0.843716 0.002486 0.003516
0 0.221950 0.833296 0.002734 0.003867
0 0.226142 0.852976 0.005104 0.003953
0 0.504492 0.813380 0.002734 0.003867
0 0.932153 0.970039 0.003639 0.005147
0 0.942100 0.979647 0.003639 0.005147
0 0.951197 0.954368 0.003639 0.005147
0 0.930697 0.958944 0.003639 0.005147
0 0.948286 0.968781 0.003639 0.005147
0 0.949863 0.980905 0.003639 0.005147
0 0.963822 0.946714 0.004143 0.002578
0 0.939629 0.941714 0.004143 0.002578
0 0.946257 0.956558 0.004143 0.002578
0 0.911378 0.967573 0.004143 0.002578
0 0.955951 0.988276 0.004143 0.002578
0 0.962330 0.979761 0.004143 0.002578
0 0.196281 0.825891 0.004143 0.002578
0 0.202412 0.839641 0.004143 0.002578
0 0.199430 0.839562 0.004143 0.002578
0 0.208295 0.824641 0.004143 0.002578
0 0.207093 0.821984 0.002734 0.004297
0 0.207010 0.826828 0.002734 0.004297
0 0.202329 0.834836 0.002651 0.003906
0 0.207797 0.831477 0.002651 0.003906
0 0.209372 0.834133 0.002651 0.003906
0 0.236418 0.848398 0.004143 0.002500
0 0.342123 0.841431 0.004143 0.002500
0 0.324559 0.806431 0.004143 0.002500
0 0.328696 0.835292 0.006065 0.003660
0 0.958342 0.961914 0.004143 0.002500
0 0.963562 0.949414 0.004143 0.002500
0 0.920811 0.965273 0.004143 0.002500
0 0.925285 0.934492 0.004143 0.002500
0 0.932907 0.943398 0.004143 0.002500
0 0.917083 0.947421 0.004143 0.003984
0 0.957596 0.970000 0.004143 0.003984
0 0.939701 0.986796 0.004143 0.003984
0 0.847776 0.831855 0.004143 0.003984
0 0.840403 0.837558 0.005137 0.003047
0 0.855316 0.826855 0.005137 0.003047
0 0.932946 0.846308 0.005137 0.003047
0 0.904777 0.948027 0.005137 0.003047
0 0.664346 0.964667 0.005137 0.003047
0 0.112509 0.833647 0.005137 0.003047
0 0.107538 0.833881 0.005137 0.003047
0 0.220815 0.712376 0.005137 0.003047
0 0.225455 0.716986 0.005137 0.003047
0 0.236639 0.730970 0.005137 0.003047
0 0.932124 0.995894 0.002403 0.004453
0 0.961785 0.956519 0.002403 0.004453
0 0.966507 0.978160 0.002403 0.004453
0 0.912613 0.951206 0.002907 0.005388
0 0.891561 0.944210 0.002907 0.005388
