0 0.023646 0.787027 0.002101 0.004159
0 0.031319 0.789846 0.001578 0.003125
0 0.023651 0.782216 0.002101 0.004159
0 0.002224 0.780385 0.002101 0.004159
0 0.064321 0.754764 0.002101 0.004159
0 0.051884 0.756594 0.002101 0.004159
0 0.046171 0.770902 0.002101 0.004159
0 0.049364 0.774230 0.002101 0.004159
0 0.065077 0.748441 0.002101 0.004159
0 0.070875 0.744864 0.002101 0.004159
0 0.073816 0.736462 0.002101 0.004159
0 0.076925 0.731721 0.003109 0.004159
0 0.055750 0.762500 0.003109 0.002995
0 0.008190 0.785834 0.003109 0.004076
0 0.014072 0.780593 0.003109 0.003244
0 0.015080 0.782132 0.002437 0.003993
0 0.194347 0.867365 0.002215 0.003630
0 0.188007 0.854282 0.002215 0.003630
0 0.184722 0.866987 0.002215 0.003630
0 0.186632 0.862374 0.002215 0.003630
0 0.190222 0.863130 0.002215 0.003630
0 0.211840 0.842031 0.002215 0.003630
0 0.215507 0.846039 0.002215 0.003630
0 0.215965 0.832502 0.002215 0.003630
0 0.215812 0.828721 0.002215 0.003630
0 0.222687 0.825545 0.002215 0.003630
0 0.225437 0.823730 0.002215 0.003630
0 0.227423 0.827738 0.002215 0.003630
0 0.222458 0.813445 0.002215 0.003630
0 0.216118 0.811554 0.002215 0.003630
0 0.225055 0.816697 0.002215 0.003630
0 0.225514 0.807622 0.002215 0.003630
0 0.234298 0.825999 0.002215 0.003630
0 0.241555 0.828872 0.002215 0.003630
0 0.245909 0.830460 0.002215 0.003630
0 0.217951 0.822217 0.002215 0.003630
0 0.219516 0.828704 0.002083 0.002625
0 0.210144 0.833115 0.002521 0.003176
0 0.206171 0.836821 0.002521 0.003176
0 0.257734 0.833645 0.002521 0.003176
0 0.251241 0.832132 0.002521 0.003176
0 0.247956 0.833947 0.002521 0.003176
0 0.237338 0.813529 0.002521 0.003176
0 0.231533 0.814134 0.002521 0.003176
0 0.224046 0.819805 0.002521 0.003176
0 0.235123 0.817159 0.002521 0.003176
0 0.242533 0.822225 0.002521 0.003176
0 0.255824 0.794017 0.002521 0.003176
0 0.253074 0.796891 0.002521 0.003176
0 0.253151 0.801807 0.002521 0.003176
0 0.243449 0.803395 0.002521 0.003176
0 0.274998 0.782674 0.002521 0.003176
0 0.276526 0.776245 0.002521 0.003176
0 0.271026 0.780632 0.002521 0.003176
0 0.270185 0.785699 0.002521 0.003176
0 0.280498 0.783657 0.002521 0.003176
0 0.274692 0.787589 0.002521 0.003176
0 0.276755 0.785547 0.002521 0.003176
0 0.259895 0.843880 0.002083 0.002625
0 0.254213 0.845630 0.002083 0.002625
0 0.258885 0.854349 0.002083 0.003063
0 0.256328 0.839099 0.002904 0.001187
0 0.268481 0.847505 0.002210 0.003125
0 0.266903 0.850505 0.002210 0.003125
0 0.270438 0.856818 0.002210 0.003125
0 0.284074 0.862255 0.002210 0.003125
0 0.290514 0.855505 0.002210 0.003125
0 0.293228 0.856568 0.002210 0.003125
0 0.288052 0.860380 0.002210 0.003125
0 0.275962 0.857505 0.005114 0.005125
0 0.304331 0.857265 0.002210 0.003125
0 0.323523 0.856577 0.002210 0.003125
0 0.331856 0.860515 0.002210 0.003125
0 0.306793 0.855202 0.002210 0.003125
0 0.339242 0.868952 0.002210 0.003125
0 0.347007 0.872765 0.002210 0.003125
0 0.341010 0.865265 0.002210 0.003125
0 0.336874 0.865029 0.002210 0.003125
0 0.317366 0.856342 0.002210 0.003125
0 0.314462 0.855842 0.002210 0.003125
0 0.212495 0.822428 0.002210 0.003125
0 0.216220 0.820741 0.002210 0.003125
0 0.211422 0.834491 0.002210 0.003125
