0 0.020449 0.451801 0.002368 0.004141
0 0.051309 0.445395 0.002368 0.004141
0 0.017744 0.498309 0.002368 0.004141
0 0.024690 0.506747 0.002368 0.004141
0 0.031951 0.510497 0.002368 0.004141
0 0.025558 0.516122 0.002368 0.004141
0 0.058322 0.504641 0.002368 0.004141
0 0.082947 0.494563 0.002368 0.004141
0 0.069608 0.502376 0.002368 0.004141
0 0.074028 0.500813 0.002368 0.004141
0 0.104652 0.514016 0.002368 0.004141
0 0.094076 0.515344 0.002368 0.004141
0 0.006215 0.466959 0.002368 0.004141
0 0.117073 0.514276 0.002368 0.004141
0 0.123071 0.503885 0.002368 0.004141
0 0.133016 0.507557 0.002368 0.004141
0 0.130253 0.504667 0.002368 0.004141
0 0.130332 0.495135 0.002368 0.004141
0 0.103892 0.477010 0.002368 0.004141
0 0.088896 0.473026 0.002368 0.004141
0 0.094184 0.487479 0.002368 0.004141
0 0.144302 0.476932 0.002368 0.004141
0 0.150695 0.491776 0.002368 0.004141
0 0.130964 0.486854 0.002368 0.004141
0 0.149590 0.497792 0.002368 0.004141
0 0.973571 0.697081 0.002368 0.004141
0 0.979648 0.682471 0.002368 0.004141
0 0.965441 0.697784 0.002368 0.004141
0 0.960785 0.677628 0.002368 0.004141
0 0.937107 0.678096 0.002368 0.004141
0 0.928661 0.656378 0.002368 0.004141
0 0.923373 0.659815 0.002368 0.004141
0 0.919032 0.665206 0.002368 0.004141
0 0.910272 0.678096 0.002368 0.004141
0 0.921716 0.674737 0.002368 0.004141
0 0.924242 0.677393 0.002368 0.004141
0 0.929056 0.675284 0.002368 0.004141
0 0.930950 0.664893 0.002368 0.004141
0 0.933397 0.669424 0.002368 0.004141
0 0.951866 0.684268 0.002368 0.004141
0 0.944289 0.684815 0.002368 0.004141
0 0.947880 0.676378 0.004025 0.002422
0 0.980398 0.692628 0.004025 0.002422
0 0.967927 0.701456 0.004025 0.002422
0 0.856427 0.679940 0.004025 0.002422
0 0.856427 0.671112 0.004025 0.002422
0 0.798505 0.584875 0.004025 0.002422
0 0.824708 0.604406 0.004025 0.002422
0 0.853073 0.658728 0.002368 0.004063
0 0.843286 0.655681 0.002368 0.004063
0 0.898693 0.672635 0.002368 0.004063
0 0.885117 0.668025 0.002368 0.004063
0 0.870042 0.678494 0.002368 0.004063
0 0.879987 0.675603 0.002368 0.004063
0 0.882039 0.673338 0.002368 0.004063
0 0.098469 0.481265 0.003467 0.005948
0 0.088300 0.515351 0.003467 0.005948
0 0.167572 0.506887 0.003467 0.005948
0 0.143951 0.503494 0.004183 0.002422
0 0.111109 0.489474 0.004601 0.002664
0 0.130904 0.394235 0.006737 0.003900
