0 0.279785 0.588561 0.004749 0.006830
0 0.274244 0.591218 0.005541 0.006830
0 0.273452 0.605447 0.004749 0.007968
0 0.268505 0.602791 0.006728 0.006451
0 0.260589 0.611138 0.005937 0.009486
0 0.251684 0.609621 0.005541 0.007968
0 0.248122 0.603739 0.007124 0.005312
0 0.242186 0.605636 0.004749 0.006830
0 0.238822 0.603739 0.006728 0.005312
0 0.246341 0.587233 0.002770 0.007209
0 0.260194 0.586474 0.007520 0.006451
0 0.272859 0.582111 0.004354 0.009866
0 0.269692 0.576988 0.004354 0.005692
0 0.270682 0.573004 0.005541 0.005312
0 0.256236 0.565795 0.007520 0.008348
0 0.248716 0.566743 0.005937 0.007209
0 0.246539 0.579644 0.003166 0.009486
0 0.240603 0.569210 0.003958 0.008348
0 0.227542 0.570727 0.007124 0.008348
0 0.230708 0.605826 0.007124 0.007209
0 0.221407 0.605826 0.004354 0.004933
0 0.222001 0.610380 0.004749 0.004174
0 0.218835 0.610000 0.005541 0.007209
0 0.193307 0.624798 0.004354 0.005692
0 0.193703 0.630111 0.005145 0.004933
0 0.191130 0.632008 0.003958 0.004174
0 0.189943 0.628972 0.003958 0.004933
0 0.186381 0.629542 0.006332 0.006071
0 0.176882 0.624609 0.011082 0.006830
0 0.166790 0.626696 0.005145 0.005692
0 0.159864 0.624798 0.005541 0.007209
0 0.173518 0.586474 0.009894 0.005692
0 0.140867 0.622142 0.006332 0.007209
0 0.160656 0.646996 0.003958 0.007589
0 0.133831 0.620758 0.003785 0.005961
0 0.128559 0.622572 0.006758 0.004406
0 0.120990 0.617518 0.006758 0.003628
0 0.113962 0.620887 0.006217 0.006220
0 0.103284 0.619203 0.005406 0.004406
0 0.072738 0.618037 0.003244 0.005702
0 0.069359 0.616352 0.003514 0.003887
0 0.067737 0.621147 0.002433 0.004147
0 0.065710 0.618555 0.003244 0.003628
0 0.063953 0.619203 0.002433 0.004924
0 0.060033 0.620499 0.004325 0.004924
0 0.057735 0.624775 0.004595 0.007257
0 0.048544 0.628792 0.005136 0.005442
0 0.045976 0.631643 0.007028 0.003369
0 0.042462 0.640454 0.004866 0.005442
0 0.165286 0.472193 0.009578 0.006887
0 0.166723 0.465306 0.006704 0.005969
0 0.343548 0.426861 0.006321 0.008081
0 0.308254 0.454134 0.003161 0.008081
0 0.305884 0.451861 0.005795 0.006566
0 0.255576 0.469537 0.007375 0.011616
0 0.704129 0.433932 0.006848 0.014141
0 0.700705 0.563223 0.006321 0.008081
0 0.709909 0.564899 0.002379 0.005987
0 0.707381 0.561763 0.003866 0.005417
0 0.675929 0.656669 0.005561 0.006272
0 0.669551 0.646790 0.005233 0.005958
0 0.830338 0.746010 0.008692 0.006111
0 0.801469 0.299233 0.005795 0.009091
