0 0.323204 0.448379 0.002039 0.002783
0 0.329350 0.443712 0.002339 0.003536
0 0.347609 0.433074 0.002638 0.003362
0 0.355374 0.431915 0.002698 0.003131
0 0.348538 0.438524 0.001859 0.002783
0 0.084258 0.481649 0.002554 0.002778
0 0.078113 0.469611 0.002714 0.003395
0 0.060514 0.456725 0.003113 0.003395
0 0.373035 0.428921 0.002177 0.003252
0 0.388403 0.424074 0.002441 0.003252
0 0.391932 0.417793 0.002770 0.002168
0 0.386689 0.418398 0.003364 0.001977
0 0.275130 0.504498 0.005646 0.004301
0 0.480243 0.420503 0.002830 0.003227
0 0.456831 0.437159 0.003991 0.002701
0 0.443819 0.406439 0.002309 0.003125
0 0.445831 0.398946 0.003298 0.001913
0 0.441808 0.395949 0.002375 0.003826
0 0.423202 0.395398 0.002453 0.002582
0 0.420640 0.399219 0.002998 0.002319
0 0.417315 0.400431 0.002235 0.003373
0 0.417369 0.388046 0.002126 0.003268
0 0.435031 0.384726 0.002126 0.003057
0 0.455419 0.384699 0.002344 0.003215
0 0.457354 0.383408 0.001962 0.002951
0 0.432387 0.375476 0.002290 0.003109
0 0.464277 0.378085 0.002617 0.002530
0 0.467085 0.374870 0.002126 0.003478
0 0.845414 0.308395 0.002441 0.002487
0 0.841786 0.308076 0.001781 0.002615
0 0.848712 0.316366 0.003232 0.001849
0 0.868566 0.314038 0.002704 0.003061
0 0.870083 0.317036 0.002572 0.003316
0 0.884198 0.318694 0.002968 0.003444
0 0.895445 0.317004 0.003166 0.002870
0 0.905009 0.313943 0.002243 0.003125
0 0.908307 0.317641 0.002506 0.003252
0 0.913320 0.317609 0.003166 0.003826
0 0.946152 0.307730 0.001835 0.002988
0 0.959431 0.304789 0.002125 0.002708
0 0.963535 0.305863 0.002801 0.003174
0 0.971068 0.299701 0.002801 0.002428
0 0.971225 0.293411 0.002294 0.002574
0 0.983532 0.286699 0.003072 0.003880
0 0.979355 0.280957 0.003973 0.002297
0 0.983266 0.272365 0.002703 0.002851
0 0.934130 0.181390 0.003090 0.004482
