0 0.948783 0.368147 0.004242 0.005050
0 0.944541 0.367389 0.003181 0.006566
0 0.941360 0.364612 0.005302 0.008081
0 0.522615 0.329810 0.007763 0.007394
0 0.520498 0.324432 0.004940 0.008739
0 0.518028 0.315694 0.008468 0.006050
0 0.608189 0.331947 0.007011 0.007513
0 0.512886 0.351982 0.007449 0.005843
0 0.477832 0.331739 0.007449 0.007096
0 0.475860 0.356365 0.008763 0.006261
0 0.453952 0.315252 0.007011 0.009183
0 0.443216 0.307739 0.005696 0.005843
0 0.449570 0.298556 0.004382 0.006678
0 0.444312 0.299182 0.005258 0.007096
0 0.438177 0.293130 0.007011 0.009183
0 0.429414 0.292504 0.004382 0.006261
0 0.423060 0.290000 0.005696 0.005426
0 0.425470 0.286452 0.004382 0.006678
0 0.408162 0.291460 0.006573 0.005009
0 0.408382 0.297930 0.006134 0.005426
0 0.384501 0.291878 0.004820 0.007513
0 0.373109 0.279356 0.007449 0.007513
0 0.364564 0.288747 0.007011 0.007096
0 0.355143 0.273304 0.006573 0.008765
0 0.328634 0.276852 0.006134 0.011687
0 0.303658 0.298556 0.006134 0.006678
0 0.300372 0.275182 0.007449 0.009183
0 0.284816 0.276226 0.006134 0.008765
0 0.270795 0.271843 0.007011 0.008348
0 0.225006 0.256191 0.005696 0.005426
0 0.335864 0.352817 0.003944 0.006678
0 0.333454 0.349686 0.002629 0.006261
0 0.141314 0.286869 0.006573 0.005843
0 0.142848 0.297095 0.006134 0.004591
0 0.148325 0.287913 0.003944 0.006261
0 0.152298 0.290084 0.002739 0.005507
0 0.150929 0.289504 0.001826 0.003768
0 0.149407 0.293127 0.003651 0.004058
0 0.325325 0.317600 0.004786 0.005261
0 0.326429 0.315496 0.003314 0.005962
0 0.325693 0.310410 0.004786 0.005612
