0 0.403854 0.281595 0.002533 0.002678
0 0.404925 0.277578 0.001818 0.003061
0 0.392879 0.264250 0.002273 0.003316
0 0.392911 0.260742 0.001948 0.002933
0 0.387716 0.248753 0.002468 0.003189
0 0.419212 0.251942 0.003117 0.003189
0 0.424277 0.248913 0.001948 0.003890
0 0.427492 0.250061 0.002143 0.003762
0 0.410835 0.238901 0.003117 0.003252
0 0.400918 0.221575 0.004557 0.003241
0 0.434313 0.222887 0.002043 0.003087
0 0.447043 0.223967 0.002200 0.002778
0 0.447632 0.231491 0.003693 0.002546
0 0.445196 0.231414 0.002907 0.002546
0 0.446611 0.212470 0.002279 0.002624
0 0.455569 0.222617 0.002122 0.002083
0 0.462365 0.223157 0.002043 0.002392
0 0.472659 0.216213 0.002200 0.002546
0 0.479849 0.215364 0.003536 0.001775
0 0.484485 0.211969 0.002436 0.004398
0 0.494150 0.207262 0.003065 0.001929
0 0.505976 0.203712 0.003772 0.001929
0 0.537132 0.194337 0.003536 0.002315
0 0.540078 0.189939 0.003143 0.002469
0 0.543221 0.200201 0.002200 0.003241
0 0.550843 0.200279 0.002043 0.002932
0 0.551158 0.183881 0.003143 0.002546
0 0.552651 0.181644 0.002829 0.001929
0 0.557404 0.179676 0.002122 0.002778
0 0.503422 0.172268 0.004007 0.002315
0 0.528724 0.167021 0.002122 0.003241
0 0.503933 0.156643 0.002514 0.002392
0 0.583453 0.163510 0.002514 0.003318
0 0.589700 0.155254 0.003379 0.002238
0 0.590760 0.152515 0.002357 0.002469
0 0.594964 0.155524 0.003536 0.002161
0 0.607851 0.150547 0.002750 0.002392
0 0.615355 0.147576 0.002672 0.003549
0 0.595239 0.131874 0.002829 0.002083
0 0.624116 0.136696 0.001964 0.001852
0 0.590328 0.116557 0.002907 0.002469
0 0.576734 0.122614 0.002279 0.003164
0 0.628124 0.151396 0.003536 0.002238
0 0.639085 0.153518 0.002514 0.002932
0 0.646275 0.153981 0.002750 0.002315
0 0.654329 0.155833 0.002514 0.003549
0 0.659319 0.155871 0.002122 0.002855
0 0.656962 0.160655 0.002593 0.002701
0 0.674248 0.157195 0.002357 0.003157
0 0.683070 0.146708 0.002429 0.003788
0 0.686178 0.144534 0.002214 0.002245
0 0.695530 0.126548 0.003703 0.002161
0 0.700360 0.118616 0.002522 0.003373
0 0.719923 0.113899 0.003220 0.002266
0 0.723008 0.114031 0.001771 0.002846
0 0.729234 0.107653 0.002093 0.002530
0 0.733742 0.109867 0.002522 0.002951
0 0.737419 0.110763 0.003327 0.002214
0 0.658687 0.100630 0.002338 0.002232
0 0.666193 0.086594 0.003318 0.002108
0 0.669657 0.086546 0.003318 0.002300
0 0.674585 0.065485 0.001825 0.003584
0 0.700373 0.067118 0.002737 0.002741
0 0.702225 0.066143 0.003113 0.002266
0 0.696479 0.026173 0.002939 0.003056
