0 0.032932 0.701870 0.002693 0.002592
0 0.040234 0.703544 0.003186 0.001764
0 0.040499 0.707360 0.002124 0.003636
0 0.050115 0.702860 0.002541 0.003420
0 0.056184 0.704498 0.003376 0.001800
0 0.060793 0.701132 0.003566 0.001908
0 0.065364 0.699585 0.002921 0.002844
0 0.071190 0.699362 0.003075 0.003092
0 0.075527 0.699319 0.002846 0.002831
0 0.073508 0.691130 0.004039 0.002396
0 0.088723 0.691522 0.002524 0.002570
0 0.092440 0.690651 0.002983 0.001786
0 0.093473 0.692110 0.003947 0.002091
0 0.031427 0.684460 0.002070 0.003648
0 0.038597 0.687897 0.002365 0.003087
0 0.038930 0.691650 0.003178 0.002315
0 0.045376 0.667316 0.002333 0.003689
0 0.043793 0.659964 0.003054 0.002266
0 0.045153 0.641398 0.003035 0.001944
0 0.041417 0.646869 0.002466 0.003096
0 0.055091 0.637276 0.002048 0.002844
0 0.086823 0.633855 0.002434 0.002952
0 0.093331 0.630968 0.003347 0.002182
0 0.102560 0.629348 0.002535 0.002663
0 0.103051 0.630727 0.002569 0.002150
0 0.108473 0.626463 0.002231 0.003016
0 0.113528 0.615827 0.002400 0.003048
0 0.118666 0.611288 0.003144 0.001861
0 0.123501 0.606267 0.003076 0.001636
0 0.131043 0.631355 0.003651 0.001732
0 0.146780 0.636071 0.003279 0.001861
0 0.156415 0.639777 0.003076 0.002021
0 0.157919 0.640114 0.003043 0.002631
0 0.161553 0.635189 0.003482 0.001957
0 0.169329 0.635959 0.002535 0.002342
0 0.174146 0.631917 0.002637 0.002599
0 0.176090 0.632639 0.002738 0.003080
0 0.125933 0.650427 0.003212 0.002663
0 0.127877 0.650219 0.002434 0.003208
0 0.095139 0.675387 0.003685 0.001893
0 0.095934 0.672291 0.002840 0.002246
0 0.099027 0.671120 0.002468 0.001893
0 0.103016 0.668666 0.002806 0.001925
0 0.106076 0.671601 0.002772 0.002214
0 0.102036 0.673013 0.002468 0.001700
0 0.100971 0.670815 0.002028 0.002823
0 0.101782 0.670254 0.002231 0.002599
0 0.112922 0.671377 0.002941 0.002599
0 0.113378 0.669307 0.001893 0.003144
0 0.112364 0.673991 0.002772 0.002374
0 0.111552 0.675162 0.002231 0.001957
0 0.107191 0.675884 0.002028 0.002952
0 0.108358 0.675724 0.001724 0.002823
0 0.145031 0.666255 0.002164 0.003304
0 0.150390 0.665149 0.002130 0.002952
0 0.152587 0.661379 0.003076 0.002663
0 0.151928 0.669111 0.002637 0.002727
0 0.156526 0.669255 0.003245 0.001861
0 0.161597 0.656150 0.002840 0.002599
0 0.185024 0.656742 0.001995 0.003176
0 0.200203 0.649427 0.003753 0.001700
0 0.213354 0.650294 0.003550 0.001636
0 0.191049 0.620990 0.002705 0.002502
0 0.192047 0.621520 0.003144 0.002214
0 0.208950 0.621039 0.002265 0.002919
0 0.213497 0.615954 0.003516 0.001797
0 0.217756 0.615520 0.003313 0.001893
0 0.227273 0.611911 0.003347 0.001732
0 0.230620 0.611173 0.003753 0.001925
0 0.230704 0.609216 0.001826 0.002695
0 0.232057 0.608912 0.002366 0.002919
0 0.224991 0.607676 0.002975 0.003208
0 0.238357 0.600189 0.003245 0.002919
0 0.249158 0.599628 0.003144 0.002246
0 0.260198 0.609775 0.003539 0.002635
0 0.262539 0.612488 0.002995 0.001963
0 0.257638 0.621287 0.002492 0.002470
0 0.261036 0.644723 0.003313 0.001636
0 0.264974 0.644386 0.003482 0.001732
0 0.287101 0.640504 0.001961 0.003272
0 0.293575 0.639414 0.002468 0.002246
0 0.295265 0.639414 0.001859 0.002117
0 0.296533 0.639398 0.002028 0.002021
0 0.298325 0.639269 0.002637 0.001957
0 0.241658 0.653294 0.003245 0.001861
0 0.329286 0.638735 0.002502 0.002695
0 0.332092 0.638816 0.003043 0.002342
0 0.350398 0.639521 0.003076 0.002214
0 0.358241 0.643997 0.003279 0.002310
0 0.363380 0.643724 0.002603 0.002150
0 0.248548 0.649758 0.002566 0.002611
0 0.599405 0.671021 0.003773 0.002160
0 0.599435 0.661672 0.002156 0.003467
0 0.567244 0.657153 0.003414 0.002955
0 0.552571 0.656869 0.002336 0.003410
0 0.554098 0.659853 0.002156 0.003240
0 0.550834 0.670027 0.003414 0.002103
0 0.612014 0.643198 0.002575 0.003240
0 0.610846 0.646636 0.003593 0.002046
0 0.693555 0.660512 0.002806 0.003495
0 0.697501 0.663757 0.002280 0.002829
0 0.831209 0.675278 0.003682 0.002019
0 0.833275 0.672774 0.002086 0.003222
0 0.834482 0.671202 0.002045 0.002873
0 0.844565 0.671299 0.002250 0.003222
0 0.846324 0.671668 0.002250 0.002950
0 0.849515 0.675764 0.002250 0.002679
0 0.850926 0.675608 0.002291 0.001980
0 0.852296 0.677239 0.002986 0.001825
0 0.844115 0.683993 0.002004 0.003067
0 0.849105 0.681082 0.002332 0.002523
0 0.850446 0.681379 0.002062 0.002053
0 0.852221 0.680737 0.001893 0.002438
0 0.853286 0.680336 0.001792 0.002214
0 0.855425 0.699539 0.001961 0.002952
0 0.865812 0.714069 0.003384 0.002400
0 0.868267 0.715639 0.003905 0.001941
0 0.883179 0.722715 0.004574 0.002117
0 0.882937 0.726297 0.003496 0.002012
0 0.886451 0.717968 0.002268 0.003494
0 0.894038 0.716345 0.003012 0.002506
0 0.900620 0.715339 0.002715 0.002470
0 0.903186 0.716027 0.002938 0.002859
0 0.908410 0.712163 0.003198 0.002611
0 0.915123 0.710081 0.003756 0.002470
0 0.926019 0.716416 0.003235 0.003494
0 0.934517 0.702282 0.002700 0.002873
0 0.937647 0.708920 0.002577 0.002019
0 0.935745 0.714956 0.002782 0.003222
0 0.145231 0.582574 0.003854 0.002278
