0 0.865968 0.234890 0.003198 0.006830
0 0.862770 0.233372 0.003198 0.004553
0 0.859172 0.233942 0.003198 0.005692
0 0.862570 0.237736 0.002798 0.004933
0 0.845380 0.292186 0.006796 0.006830
0 0.820194 0.314194 0.005197 0.006071
0 0.806402 0.316850 0.003998 0.006830
0 0.811000 0.310210 0.004398 0.004174
0 0.813398 0.305088 0.003598 0.008348
0 0.818595 0.297309 0.005197 0.008727
0 0.794809 0.312297 0.004797 0.006071
0 0.784814 0.306605 0.004797 0.006830
0 0.756830 0.310210 0.004797 0.007209
0 0.750034 0.311728 0.005597 0.010245
0 0.704774 0.326509 0.005321 0.009596
0 0.700518 0.321964 0.004257 0.010606
0 0.694132 0.315904 0.006385 0.007576
0 0.642519 0.327267 0.006385 0.010101
0 0.612987 0.340146 0.005853 0.008586
0 0.605804 0.342418 0.008514 0.008081
0 0.811858 0.188950 0.006396 0.005692
0 0.811059 0.183448 0.005597 0.004553
0 0.804462 0.195590 0.004398 0.007589
0 0.801264 0.191606 0.004398 0.007209
0 0.797866 0.192175 0.004797 0.006830
0 0.726507 0.150626 0.005197 0.006451
0 0.722309 0.151385 0.004797 0.007968
0 0.719311 0.143985 0.005197 0.006071
0 0.695724 0.154989 0.005997 0.004553
0 0.691327 0.151005 0.005197 0.007209
0 0.684331 0.157835 0.005597 0.007209
0 0.677734 0.157266 0.005197 0.008348
0 0.665541 0.151385 0.006396 0.007209
0 0.651749 0.158784 0.006796 0.009866
0 0.639956 0.150056 0.007196 0.007589
0 0.634159 0.151574 0.007596 0.008348
0 0.624165 0.152902 0.006796 0.007968
0 0.709620 0.226865 0.003972 0.004005
0 0.704159 0.225687 0.003475 0.004477
0 0.703166 0.227454 0.002482 0.003770
0 0.705151 0.228868 0.002482 0.002827
0 0.704655 0.232991 0.003972 0.005419
0 0.707137 0.227101 0.002979 0.004477
0 0.600096 0.153763 0.003965 0.005017
0 0.602079 0.146551 0.003965 0.004390
0 0.596297 0.151255 0.004956 0.006899
0 0.397147 0.183585 0.005805 0.007805
0 0.387231 0.184503 0.008223 0.011478
0 0.338858 0.187258 0.008223 0.008723
0 0.318088 0.184392 0.007740 0.012396
0 0.112193 0.356355 0.006542 0.006554
0 0.100018 0.357735 0.006905 0.009314
