0 0.449408 0.212035 0.002738 0.003697
0 0.463206 0.181378 0.002957 0.004827
0 0.462713 0.164843 0.002190 0.003389
0 0.464575 0.167359 0.001971 0.003287
0 0.466272 0.167924 0.002081 0.001951
0 0.467417 0.164859 0.002350 0.002539
0 0.466957 0.162990 0.002146 0.002827
0 0.468796 0.162894 0.001737 0.002731
0 0.491530 0.164428 0.002350 0.002731
0 0.491811 0.168021 0.002299 0.003498
0 0.492449 0.169243 0.002452 0.002396
0 0.493114 0.170153 0.002656 0.002108
0 0.495872 0.169985 0.002554 0.002348
0 0.499908 0.167710 0.002452 0.002587
0 0.501492 0.164739 0.002146 0.003641
0 0.501185 0.161409 0.002043 0.003210
0 0.500138 0.149455 0.002810 0.002779
0 0.494237 0.144951 0.002554 0.003641
0 0.510687 0.136351 0.002452 0.003114
0 0.514366 0.131824 0.002146 0.003354
0 0.515924 0.134578 0.002810 0.002827
0 0.519014 0.133812 0.002554 0.002827
0 0.907875 0.126022 0.001971 0.003389
0 0.910284 0.120168 0.002847 0.003595
0 0.923480 0.131568 0.002300 0.002978
0 0.891120 0.118576 0.002628 0.002670
0 0.886466 0.118473 0.002519 0.002670
0 0.884823 0.122325 0.002957 0.002773
0 0.947664 0.112479 0.003855 0.002937
0 0.934896 0.123776 0.004818 0.002937
0 0.495769 0.178883 0.002048 0.002711
0 0.495949 0.180973 0.002891 0.002824
0 0.925863 0.103511 0.002715 0.003549
