0 0.263148 0.924412 0.003125 0.003398
0 0.265570 0.913792 0.003125 0.003398
0 0.292758 0.900623 0.003125 0.003398
0 0.282445 0.894590 0.003125 0.003398
0 0.272758 0.905380 0.003125 0.003398
0 0.289242 0.892636 0.003125 0.003398
0 0.285258 0.883715 0.003125 0.003398
0 0.276039 0.875984 0.003125 0.003398
0 0.278227 0.883290 0.003125 0.003398
0 0.285180 0.877683 0.003125 0.003398
0 0.301195 0.880147 0.003125 0.003398
0 0.301664 0.886774 0.003125 0.003398
0 0.271195 0.888558 0.003125 0.003398
0 0.313930 0.882696 0.003125 0.003398
0 0.321391 0.872840 0.003828 0.003398
0 0.283656 0.858779 0.003828 0.002464
0 0.282250 0.863197 0.003828 0.002464
0 0.283969 0.866171 0.003828 0.002464
0 0.319828 0.849773 0.003828 0.002464
0 0.298500 0.853511 0.003828 0.002464
0 0.334750 0.815193 0.003828 0.002464
0 0.318344 0.816298 0.003828 0.002464
0 0.325453 0.818762 0.003828 0.002464
0 0.316547 0.832356 0.003828 0.002464
0 0.361938 0.808397 0.003828 0.002464
0 0.319888 0.794260 0.003828 0.002464
0 0.321763 0.787378 0.003828 0.002464
0 0.324966 0.774209 0.003828 0.002464
0 0.321216 0.780921 0.003828 0.002974
0 0.329966 0.768601 0.003203 0.003823
0 0.330669 0.757471 0.003203 0.003823
0 0.329731 0.762951 0.003203 0.004418
0 0.342075 0.752161 0.003203 0.004418
0 0.168261 0.679155 0.003203 0.004418
0 0.167011 0.684762 0.003203 0.004418
0 0.336437 0.965559 0.004063 0.002974
0 0.339718 0.977623 0.004063 0.002974
0 0.335907 0.938614 0.004063 0.002974
