0 0.965253 0.330801 0.004689 0.004241
0 0.962909 0.330919 0.003517 0.004948
0 0.905180 0.351535 0.003517 0.004241
0 0.903861 0.348708 0.002637 0.005183
0 0.900637 0.332451 0.004396 0.004241
0 0.894630 0.335514 0.004103 0.003770
0 0.890674 0.337987 0.003223 0.004005
0 0.869277 0.336825 0.003303 0.003717
0 0.986268 0.437424 0.002812 0.003857
0 0.982381 0.438688 0.002977 0.003458
0 0.939704 0.418273 0.004962 0.003059
0 0.946982 0.443342 0.003639 0.003724
0 0.941358 0.439486 0.002977 0.003458
0 0.937719 0.435762 0.003308 0.003990
0 0.936395 0.430043 0.003308 0.003458
0 0.934907 0.430176 0.002316 0.003724
0 0.932922 0.429179 0.002647 0.004123
0 0.927380 0.425189 0.003474 0.003857
0 0.917869 0.431373 0.004301 0.003458
0 0.905380 0.422928 0.002812 0.003591
0 0.901493 0.423526 0.003970 0.003458
0 0.893718 0.418805 0.005624 0.002793
0 0.885613 0.417276 0.005293 0.002926
0 0.880071 0.426186 0.003143 0.003724
0 0.820188 0.449737 0.003457 0.004096
0 0.811090 0.448713 0.003093 0.004389
0 0.803630 0.441910 0.004549 0.003657
0 0.795533 0.446006 0.002911 0.004535
0 0.790984 0.438911 0.004003 0.003511
0 0.784160 0.438618 0.003093 0.004389
0 0.773425 0.440447 0.003457 0.003950
0 0.762053 0.446079 0.005095 0.003218
0 0.754501 0.411920 0.003457 0.004535
0 0.760233 0.408848 0.002911 0.003657
0 0.764691 0.408263 0.002729 0.004242
0 0.771605 0.407531 0.002365 0.003365
0 0.801092 0.404235 0.003459 0.003506
0 0.797333 0.401938 0.003158 0.004473
0 0.786806 0.399882 0.002857 0.003748
0 0.782596 0.398855 0.002556 0.004353
0 0.776505 0.396376 0.003308 0.003748
0 0.756986 0.333313 0.002316 0.004522
0 0.759798 0.334244 0.001985 0.004256
0 0.761286 0.333779 0.002316 0.003857
0 0.662234 0.306999 0.002802 0.004184
0 0.640818 0.311344 0.004804 0.003540
0 0.642319 0.318022 0.004604 0.004023
0 0.612296 0.320758 0.003403 0.004023
0 0.593181 0.314804 0.004003 0.004023
0 0.562658 0.306838 0.007005 0.002575
0 0.541942 0.309413 0.002402 0.004506
0 0.552150 0.317781 0.005204 0.003540
0 0.561657 0.330735 0.003403 0.003701
0 0.561057 0.337333 0.003403 0.004023
0 0.566962 0.344816 0.004003 0.003862
0 0.603589 0.354874 0.004003 0.004023
0 0.508917 0.293401 0.002802 0.004989
0 0.506115 0.309815 0.002802 0.004667
0 0.513020 0.308689 0.002602 0.005310
0 0.523829 0.307241 0.002602 0.004989
0 0.518425 0.313517 0.002602 0.004345
0 0.458379 0.293080 0.003403 0.004345
0 0.443367 0.290505 0.003002 0.004023
0 0.383822 0.276102 0.003202 0.005471
0 0.382221 0.269424 0.003202 0.004023
0 0.305019 0.249417 0.004513 0.004147
0 0.288257 0.243585 0.003868 0.006479
0 0.253121 0.236329 0.004513 0.005442
0 0.226205 0.227387 0.002901 0.005183
0 0.198644 0.215336 0.005158 0.004406
0 0.191875 0.220520 0.003868 0.004406
0 0.183171 0.222722 0.005158 0.004147
0 0.188168 0.238013 0.004191 0.004665
0 0.202673 0.242160 0.003546 0.003628
0 0.225560 0.244233 0.003546 0.003110
0 0.238645 0.251401 0.003523 0.003717
0 0.247341 0.261756 0.004624 0.004248
0 0.210243 0.261844 0.004844 0.002655
0 0.216738 0.263969 0.001982 0.004425
0 0.215307 0.264411 0.003082 0.003894
0 0.220041 0.269456 0.003303 0.004071
0 0.235012 0.271226 0.004183 0.003717
0 0.222683 0.274324 0.002862 0.004602
0 0.249103 0.273616 0.003743 0.003540
0 0.252846 0.279811 0.003743 0.004602
0 0.204299 0.277776 0.003523 0.004779
0 0.222793 0.286095 0.003523 0.004071
0 0.221692 0.288662 0.003963 0.003186
0 0.219380 0.290078 0.003743 0.004248
0 0.239195 0.292822 0.003743 0.004071
0 0.272110 0.285653 0.003082 0.004248
0 0.293357 0.287865 0.002862 0.004425
0 0.295999 0.292645 0.005504 0.003009
0 0.278825 0.294946 0.002862 0.003363
0 0.276073 0.295300 0.004403 0.002655
0 0.262753 0.297336 0.004183 0.004602
0 0.251415 0.301230 0.002202 0.004956
0 0.327813 0.305832 0.002642 0.004602
0 0.326161 0.312913 0.002862 0.003894
0 0.322859 0.314595 0.003743 0.003363
0 0.321648 0.329552 0.002642 0.004956
0 0.320327 0.321587 0.002642 0.004602
0 0.316914 0.329552 0.003303 0.004248
0 0.278275 0.298840 0.003523 0.003717
0 0.279926 0.300787 0.002862 0.003363
0 0.279446 0.338245 0.003093 0.003657
0 0.270440 0.345852 0.002911 0.003950
0 0.277536 0.351119 0.005459 0.002194
0 0.247695 0.349948 0.003275 0.003950
0 0.255155 0.354118 0.002911 0.004389
0 0.297005 0.357556 0.003639 0.004535
0 0.245784 0.358214 0.003093 0.003804
0 0.247695 0.361140 0.004367 0.002926
0 0.248605 0.366480 0.002547 0.003950
0 0.242964 0.365163 0.005823 0.003365
0 0.249788 0.375330 0.004185 0.003804
0 0.227225 0.371234 0.002729 0.003804
0 0.229044 0.379646 0.004185 0.003657
0 0.283995 0.381621 0.002729 0.003804
0 0.282085 0.380304 0.002547 0.004389
0 0.280265 0.384327 0.004367 0.003657
0 0.330667 0.376866 0.002183 0.003365
0 0.332396 0.371966 0.003821 0.003804
0 0.307377 0.377159 0.004731 0.002194
0 0.302009 0.380012 0.004913 0.003218
0 0.355049 0.380158 0.004731 0.003511
0 0.340493 0.389886 0.002547 0.003365
0 0.341221 0.393178 0.002183 0.004096
0 0.265436 0.419949 0.002002 0.003511
0 0.252426 0.421851 0.005095 0.002633
0 0.256611 0.425070 0.002183 0.004096
0 0.240326 0.433482 0.003821 0.003657
0 0.252517 0.412050 0.002365 0.003218
0 0.253791 0.410221 0.002365 0.004535
0 0.360963 0.398883 0.003457 0.004389
0 0.357779 0.392154 0.003639 0.004096
0 0.381797 0.396104 0.002183 0.004096
0 0.394807 0.401224 0.002365 0.004681
0 0.404451 0.394714 0.003457 0.004242
0 0.427650 0.415634 0.004003 0.005120
0 0.446210 0.407953 0.002547 0.004096
0 0.423556 0.421339 0.005277 0.002780
0 0.363965 0.421559 0.003639 0.003804
0 0.366513 0.420754 0.004003 0.003950
0 0.360508 0.424046 0.002911 0.003511
0 0.391805 0.436481 0.002547 0.004974
0 0.255337 0.449939 0.003639 0.003804
0 0.256338 0.455645 0.002729 0.004096
0 0.237505 0.466983 0.003275 0.003950
0 0.241781 0.479856 0.005641 0.005120
0 0.478052 0.460473 0.003275 0.003804
0 0.472230 0.464788 0.004367 0.002780
0 0.010362 0.294014 0.003391 0.004673
0 0.025377 0.316990 0.002906 0.003894
0 0.024287 0.320398 0.003633 0.004089
0 0.475948 0.317482 0.005790 0.002128
0 0.460813 0.357180 0.002977 0.004389
0 0.462715 0.356848 0.001820 0.004256
0 0.467347 0.360040 0.002150 0.003458
0 0.474873 0.365293 0.004301 0.003591
0 0.482069 0.367487 0.002812 0.003458
0 0.486783 0.366091 0.001985 0.004123
0 0.496377 0.366290 0.003970 0.002660
0 0.508121 0.369216 0.004632 0.003724
0 0.515896 0.342418 0.004301 0.003591
0 0.526979 0.338561 0.004632 0.002793
0 0.532437 0.344280 0.002977 0.004123
0 0.537152 0.362633 0.003143 0.003325
0 0.534753 0.371078 0.002316 0.003990
0 0.540956 0.374935 0.002812 0.004256
0 0.536821 0.376597 0.003805 0.003059
0 0.547987 0.372940 0.002977 0.003458
0 0.550550 0.375134 0.003805 0.002261
0 0.525523 0.378849 0.003604 0.002698
0 0.527822 0.374502 0.002486 0.002598
0 0.531986 0.376301 0.002361 0.003397
0 0.527077 0.376800 0.002486 0.002598
0 0.529687 0.376051 0.003728 0.002098
0 0.529252 0.374352 0.002361 0.002898
0 0.530805 0.374302 0.001988 0.003397
0 0.557711 0.369806 0.003356 0.003997
0 0.567964 0.368607 0.004474 0.002198
0 0.576105 0.368507 0.004598 0.001998
0 0.583561 0.367258 0.001864 0.003697
0 0.579336 0.369806 0.003356 0.004596
0 0.584618 0.371255 0.004474 0.002898
0 0.504272 0.415120 0.002610 0.003497
0 0.519620 0.417418 0.001740 0.003497
0 0.496877 0.421015 0.002237 0.003497
0 0.538945 0.448193 0.003604 0.002298
0 0.550130 0.446944 0.003604 0.003997
0 0.553548 0.440050 0.002486 0.004197
0 0.557214 0.443647 0.002858 0.003997
0 0.562683 0.438651 0.002113 0.003797
0 0.564112 0.438351 0.001988 0.003597
0 0.568959 0.438151 0.001740 0.003597
0 0.573122 0.437502 0.002610 0.003497
0 0.584121 0.441448 0.001988 0.003997
0 0.576540 0.432755 0.002486 0.003597
0 0.581511 0.428259 0.002486 0.003397
0 0.588595 0.424762 0.003977 0.003997
0 0.594747 0.422264 0.003356 0.003997
0 0.598910 0.420865 0.003977 0.003597
0 0.590832 0.400981 0.002734 0.003797
0 0.596051 0.400481 0.002237 0.003797
0 0.597667 0.396185 0.002734 0.003997
0 0.599656 0.397534 0.002486 0.003297
0 0.605807 0.395785 0.004598 0.003197
0 0.619230 0.426710 0.004598 0.002298
0 0.625319 0.423413 0.002610 0.003897
0 0.626935 0.424112 0.001864 0.004297
0 0.625941 0.427710 0.002113 0.004496
0 0.644520 0.407176 0.002734 0.003397
0 0.641351 0.423213 0.005344 0.002898
0 0.672545 0.416319 0.002610 0.004297
0 0.638120 0.367558 0.002361 0.004696
0 0.633335 0.365609 0.002983 0.004396
0 0.652039 0.370655 0.003853 0.003697
0 0.656513 0.371455 0.004847 0.003098
0 0.667263 0.363811 0.005220 0.002598
0 0.667636 0.365160 0.002237 0.003297
0 0.619664 0.365110 0.002734 0.003997
0 0.621094 0.363961 0.001864 0.004496
0 0.622399 0.367208 0.002237 0.004396
0 0.615066 0.364410 0.002237 0.003597
0 0.612581 0.367158 0.003231 0.002298
0 0.614383 0.367158 0.003853 0.002498
0 0.608728 0.368107 0.001740 0.004197
0 0.596176 0.369806 0.003231 0.003597
0 0.599718 0.367957 0.004598 0.002298
0 0.600401 0.369456 0.003480 0.003297
0 0.605186 0.368707 0.003604 0.002398
0 0.601271 0.371205 0.001740 0.004197
0 0.602949 0.369856 0.002361 0.002498
0 0.604751 0.370505 0.002983 0.001998
0 0.604254 0.372054 0.002486 0.002898
0 0.519813 0.454257 0.002802 0.004828
0 0.508104 0.458441 0.003403 0.004506
0 0.498597 0.459728 0.002802 0.003862
0 0.492370 0.460772 0.005649 0.001726
0 0.493330 0.461907 0.005084 0.001998
0 0.580574 0.466682 0.005812 0.004284
0 0.594500 0.463664 0.003148 0.005647
0 0.717607 0.451510 0.004804 0.004828
0 0.723511 0.455775 0.002602 0.003701
0 0.717106 0.462855 0.004604 0.004989
0 0.728315 0.451832 0.003403 0.004828
0 0.735220 0.447165 0.003603 0.004828
0 0.739323 0.455694 0.003803 0.003862
0 0.684882 0.415303 0.006205 0.003540
0 0.686083 0.409107 0.005404 0.003701
