0 0.150520 0.927179 0.005671 0.001957
0 0.185956 0.879920 0.005156 0.001779
0 0.176357 0.876288 0.004529 0.001563
0 0.174455 0.863241 0.004529 0.002344
0 0.184871 0.871913 0.004529 0.002344
0 0.156701 0.858554 0.004529 0.002344
0 0.150904 0.858397 0.004529 0.002344
0 0.155886 0.855663 0.004529 0.002344
0 0.255523 0.766299 0.004529 0.002344
0 0.247552 0.762627 0.004529 0.002344
0 0.135052 0.796924 0.004529 0.002344
0 0.131791 0.799658 0.004529 0.002344
0 0.123639 0.790518 0.004529 0.002344
0 0.190410 0.732869 0.004982 0.002578
0 0.221497 0.718518 0.004982 0.002578
0 0.184531 0.705885 0.004982 0.002578
0 0.237638 0.682080 0.004982 0.002578
0 0.239232 0.656901 0.004982 0.002578
0 0.233453 0.667901 0.004982 0.002578
0 0.206850 0.666526 0.004982 0.002578
0 0.268514 0.616866 0.004982 0.002578
0 0.279176 0.599679 0.004982 0.002578
0 0.271902 0.589796 0.004982 0.002578
0 0.215483 0.512518 0.004982 0.002578
0 0.203626 0.512518 0.004982 0.002578
0 0.185393 0.518448 0.004982 0.002578
0 0.106871 0.204752 0.004529 0.002344
0 0.090657 0.200143 0.004529 0.002344
0 0.094190 0.219596 0.004529 0.002344
0 0.090929 0.171705 0.004529 0.002344
0 0.076436 0.169752 0.004529 0.002344
0 0.082505 0.170611 0.004529 0.003125
0 0.084498 0.207643 0.004529 0.003125
0 0.085403 0.201236 0.004529 0.003125
0 0.136490 0.219986 0.004529 0.003125
0 0.154425 0.213190 0.004529 0.003125
0 0.189661 0.213033 0.004529 0.003125
0 0.168737 0.196158 0.004529 0.003125
0 0.079411 0.253328 0.004529 0.003125
0 0.102920 0.300207 0.004982 0.003438
0 0.138291 0.337762 0.004982 0.003438
0 0.123146 0.326418 0.004982 0.003438
0 0.074188 0.215143 0.002717 0.004687
0 0.117885 0.316241 0.002717 0.004687
0 0.201128 0.422882 0.002717 0.004687
0 0.196399 0.515886 0.005797 0.004141
0 0.182540 0.516042 0.004710 0.004141
0 0.236108 0.760472 0.002717 0.004687
0 0.212920 0.757269 0.002717 0.004687
0 0.137376 0.775628 0.002717 0.004687
0 0.198393 0.701083 0.002717 0.004687
0 0.028918 0.577333 0.002717 0.004687
0 0.061953 0.138598 0.002717 0.004687
0 0.097461 0.118364 0.005435 0.001563
0 0.092841 0.116879 0.005435 0.001563
0 0.062782 0.240199 0.005435 0.001563
0 0.209787 0.694862 0.008753 0.002516
0 0.176672 0.671836 0.007294 0.003775
0 0.155811 0.717761 0.007294 0.003775
0 0.180611 0.857422 0.004668 0.003775
0 0.174922 0.642646 0.004668 0.003775
0 0.255885 0.637865 0.004668 0.003775
0 0.192135 0.393205 0.007294 0.004152
0 0.142131 0.218672 0.003170 0.004531
0 0.323218 0.705167 0.004642 0.006634
0 0.128358 0.942083 0.003170 0.004531
0 0.187722 0.836196 0.004642 0.006634
0 0.112529 0.756003 0.004642 0.006634
0 0.179368 0.770873 0.004642 0.006634
0 0.143694 0.699269 0.004642 0.006634
