0 0.068599 0.829897 0.002162 0.004139
0 0.089067 0.816359 0.002450 0.003297
0 0.089665 0.765129 0.001919 0.003735
0 0.119541 0.762385 0.002025 0.002725
0 0.129658 0.748989 0.002263 0.002957
0 0.153275 0.741888 0.002680 0.002667
0 0.178886 0.728554 0.002919 0.002667
0 0.213679 0.713330 0.002461 0.003066
0 0.221530 0.724709 0.002510 0.002731
0 0.220890 0.734579 0.001821 0.002348
0 0.230435 0.714998 0.001701 0.002570
0 0.096947 0.681417 0.002955 0.003081
0 0.110590 0.692778 0.002563 0.001940
0 0.165616 0.680563 0.002412 0.003114
0 0.241262 0.692655 0.001906 0.002957
0 0.262347 0.708598 0.002740 0.003536
0 0.278935 0.701467 0.002323 0.002841
0 0.296044 0.682088 0.002110 0.002801
0 0.279065 0.678400 0.002494 0.003081
0 0.307891 0.654498 0.002206 0.002708
0 0.316093 0.652304 0.002110 0.003174
0 0.324485 0.706529 0.002166 0.002899
0 0.416112 0.725393 0.002924 0.004058
0 0.438270 0.768096 0.001966 0.003073
0 0.284118 0.844609 0.002703 0.003310
0 0.259831 0.842105 0.002442 0.003395
0 0.254991 0.838073 0.002355 0.003650
0 0.241911 0.826233 0.002180 0.003056
0 0.231751 0.807220 0.002791 0.002716
0 0.228612 0.789268 0.002791 0.002631
0 0.217144 0.779592 0.002703 0.003141
0 0.203409 0.813501 0.002442 0.003565
0 0.179348 0.835512 0.002616 0.002886
0 0.141414 0.809199 0.002093 0.003225
0 0.162083 0.951137 0.001741 0.003502
0 0.467126 0.684296 0.002031 0.002360
0 0.469911 0.687516 0.002359 0.002423
0 0.466569 0.680502 0.001835 0.001913
0 0.460181 0.674985 0.001769 0.002232
0 0.461492 0.674985 0.001769 0.002360
0 0.457429 0.674348 0.002031 0.002104
0 0.504951 0.681631 0.002018 0.002034
0 0.529310 0.683771 0.002162 0.002385
0 0.532409 0.682824 0.002018 0.002455
0 0.534608 0.675984 0.002378 0.001964
0 0.517738 0.695589 0.001929 0.002404
0 0.506164 0.700892 0.001794 0.002207
0 0.505724 0.694914 0.002064 0.002042
0 0.507619 0.691192 0.002470 0.002372
0 0.636212 0.703651 0.002518 0.002918
0 0.636332 0.707094 0.002158 0.003034
0 0.637351 0.708990 0.002638 0.002392
0 0.663475 0.709868 0.002176 0.002375
0 0.650092 0.730333 0.001784 0.002267
0 0.648060 0.731225 0.001883 0.002218
0 0.639645 0.714295 0.001884 0.001873
0 0.639482 0.725275 0.002047 0.002551
0 0.663795 0.734530 0.002834 0.002069
0 0.662569 0.730180 0.002453 0.002705
0 0.663032 0.725963 0.002071 0.002122
0 0.661615 0.719677 0.002071 0.002069
0 0.754592 0.671010 0.002370 0.002648
0 0.757049 0.674000 0.002194 0.002478
0 0.774078 0.730855 0.002370 0.002221
0 0.776535 0.729232 0.001843 0.002392
0 0.778291 0.727481 0.002370 0.001965
0 0.810220 0.719704 0.002126 0.002440
0 0.808585 0.720791 0.002017 0.002175
0 0.793434 0.725698 0.002671 0.002016
0 0.773132 0.743363 0.002725 0.001910
0 0.735754 0.681293 0.002107 0.002307
