0 0.026389 0.603472 0.002678 0.003320
0 0.006111 0.601179 0.002132 0.003584
0 0.060878 0.588425 0.003443 0.002635
0 0.075608 0.589426 0.003061 0.003478
0 0.076510 0.593853 0.002350 0.003584
0 0.087250 0.600547 0.002514 0.003057
0 0.104152 0.586626 0.002691 0.002595
0 0.102698 0.586924 0.002400 0.003191
0 0.048917 0.522019 0.002928 0.003234
0 0.082911 0.546788 0.002236 0.003696
0 0.102130 0.548457 0.002556 0.003748
0 0.107268 0.550022 0.002502 0.003080
0 0.113737 0.556619 0.003194 0.003337
0 0.132533 0.567907 0.001927 0.003541
0 0.134496 0.569152 0.002000 0.003015
0 0.134333 0.578233 0.001964 0.003226
0 0.141224 0.577269 0.002800 0.003050
0 0.147915 0.580021 0.002364 0.003436
0 0.145387 0.590943 0.002182 0.003331
0 0.161151 0.587770 0.002582 0.002735
0 0.176660 0.587279 0.003782 0.002314
0 0.174096 0.592328 0.002655 0.002454
0 0.173042 0.594239 0.002873 0.002630
0 0.173024 0.597956 0.002909 0.003121
0 0.203806 0.582202 0.004116 0.002315
0 0.217869 0.593360 0.002460 0.003671
0 0.241499 0.590339 0.004041 0.001807
0 0.248849 0.569501 0.003280 0.003727
0 0.245306 0.563120 0.002635 0.004856
0 0.236630 0.533791 0.003331 0.003075
0 0.240598 0.529487 0.003189 0.003075
0 0.227984 0.494913 0.002197 0.003348
0 0.274583 0.616836 0.002126 0.002733
0 0.272747 0.593356 0.002834 0.002982
0 0.280896 0.591368 0.002384 0.002857
0 0.296647 0.597952 0.002448 0.003727
0 0.300061 0.592269 0.002963 0.003044
0 0.308983 0.604754 0.002512 0.003913
0 0.310948 0.619786 0.002963 0.003292
0 0.321384 0.612860 0.002319 0.002857
0 0.321191 0.609723 0.002448 0.003292
0 0.326602 0.614041 0.002190 0.003603
0 0.327987 0.615190 0.001868 0.003541
0 0.345413 0.609506 0.004123 0.001988
0 0.369471 0.587983 0.002976 0.003553
0 0.650995 0.562048 0.002915 0.003307
0 0.671145 0.565065 0.002744 0.003059
0 0.667501 0.582221 0.002658 0.003638
0 0.723926 0.580008 0.002023 0.003388
0 0.743465 0.584987 0.004153 0.001848
0 0.756562 0.593176 0.002236 0.003440
0 0.767822 0.592405 0.002822 0.003440
0 0.834150 0.614107 0.002924 0.004093
0 0.844148 0.607514 0.002547 0.003820
0 0.839857 0.587415 0.003207 0.002910
0 0.833187 0.573854 0.002319 0.003292
0 0.814666 0.571928 0.002384 0.002795
0 0.790444 0.572487 0.003157 0.004907
0 0.585796 0.539675 0.003207 0.002819
0 0.030942 0.568557 0.003527 0.002701
0 0.507164 0.622354 0.006352 0.003329
