0 0.978641 0.406910 0.006144 0.005843
0 0.977459 0.413380 0.004726 0.007096
0 0.956665 0.414841 0.006616 0.008348
0 0.953829 0.423606 0.004726 0.008348
0 0.975096 0.507710 0.007562 0.007096
0 0.965644 0.518353 0.008507 0.007513
0 0.948394 0.515432 0.006144 0.005843
0 0.939179 0.515432 0.006616 0.009183
0 0.943196 0.505832 0.007089 0.005843
0 0.929254 0.503536 0.005671 0.007930
0 0.892401 0.587473 0.008006 0.009091
0 0.886110 0.583938 0.006862 0.011111
0 0.888684 0.540252 0.006290 0.006566
0 0.882393 0.528636 0.004003 0.008586
0 0.885825 0.524848 0.007434 0.008081
0 0.880907 0.518190 0.006391 0.006272
0 0.888719 0.483695 0.004971 0.007526
0 0.877179 0.482127 0.006746 0.006272
0 0.880730 0.487928 0.003906 0.004077
0 0.883748 0.490123 0.003551 0.006585
0 0.852502 0.490280 0.004261 0.006899
0 0.850549 0.496709 0.003906 0.005958
0 0.846465 0.504862 0.005681 0.007840
0 0.847176 0.511447 0.004971 0.005958
0 0.838831 0.514583 0.004616 0.007213
0 0.828002 0.515211 0.006391 0.007213
0 0.810958 0.512231 0.006391 0.005645
0 0.802437 0.503608 0.004971 0.007840
0 0.787346 0.493102 0.005326 0.007526
0 0.845223 0.484635 0.005326 0.006899
0 0.842382 0.470524 0.003906 0.006899
0 0.839364 0.465820 0.007101 0.006272
0 0.830487 0.461900 0.005681 0.005958
0 0.764842 0.481617 0.004365 0.005569
0 0.757930 0.487079 0.005578 0.007068
0 0.742045 0.489221 0.005820 0.005355
0 0.728343 0.484188 0.004123 0.005140
0 0.724827 0.485152 0.004365 0.004498
0 0.721189 0.482260 0.003880 0.005140
0 0.719249 0.477548 0.005335 0.003855
0 0.682386 0.498110 0.005820 0.004284
0 0.677414 0.499288 0.003638 0.005355
0 0.659710 0.503893 0.005578 0.004712
0 0.657649 0.509997 0.003880 0.004926
0 0.662742 0.514602 0.004850 0.002999
0 0.667713 0.517065 0.004608 0.004498
0 0.667592 0.521670 0.003395 0.005140
0 0.676565 0.530666 0.004850 0.005140
0 0.675353 0.535378 0.006305 0.005569
0 0.630244 0.507855 0.004850 0.004070
0 0.625636 0.513531 0.003395 0.006854
0 0.543482 0.491260 0.003748 0.006231
0 0.537309 0.494472 0.004189 0.007204
0 0.528049 0.496030 0.006835 0.006036
0 0.483860 0.567373 0.003207 0.006373
0 0.377833 0.537546 0.004009 0.004425
0 0.373223 0.542502 0.004409 0.006195
0 0.371720 0.558433 0.003808 0.006904
0 0.359093 0.552061 0.005812 0.006550
0 0.344662 0.559142 0.005412 0.004425
0 0.311562 0.523930 0.007278 0.009183
0 0.368608 0.480987 0.005859 0.008969
0 0.358062 0.456841 0.007421 0.006899
0 0.345954 0.455806 0.007421 0.006209
0 0.342829 0.464947 0.006640 0.005864
0 0.335213 0.471156 0.006249 0.006554
0 0.330526 0.464429 0.006249 0.007589
0 0.324472 0.467017 0.005078 0.007934
0 0.327987 0.459255 0.008202 0.007589
0 0.309044 0.456841 0.006249 0.006899
0 0.305334 0.452701 0.005078 0.006899
0 0.299085 0.458738 0.004296 0.005174
0 0.301428 0.462015 0.004296 0.004829
0 0.307091 0.465464 0.004687 0.004829
0 0.200760 0.429622 0.005681 0.007840
0 0.202535 0.425545 0.009232 0.004704
0 0.198629 0.421626 0.004971 0.006272
0 0.192238 0.421312 0.007101 0.008781
0 0.089064 0.389381 0.008034 0.010017
0 0.894391 0.396809 0.013234 0.006842
