0 0.091709 0.222936 0.002140 0.003252
0 0.086910 0.243215 0.003038 0.003762
0 0.085033 0.250638 0.002971 0.001829
0 0.085788 0.252359 0.003065 0.001612
0 0.079445 0.257280 0.002263 0.002221
0 0.080365 0.263814 0.002122 0.002831
0 0.075248 0.271349 0.002169 0.002396
0 0.076451 0.279799 0.002405 0.003354
0 0.064096 0.287269 0.002499 0.003136
0 0.060984 0.291276 0.001933 0.003136
0 0.060536 0.297265 0.002829 0.002831
0 0.052543 0.301621 0.001839 0.003005
0 0.060536 0.305824 0.002641 0.002526
0 0.065982 0.309221 0.002594 0.002788
0 0.030420 0.310655 0.002542 0.003258
0 0.031510 0.314033 0.002334 0.003785
0 0.035348 0.313338 0.002853 0.003258
0 0.049016 0.321962 0.002075 0.003066
0 0.064422 0.326059 0.002594 0.002635
0 0.069739 0.336983 0.002542 0.003593
0 0.082344 0.344720 0.002853 0.002971
0 0.073578 0.347547 0.002334 0.002491
0 0.070984 0.352937 0.002230 0.003306
0 0.076223 0.357177 0.002230 0.003258
0 0.076376 0.367016 0.002204 0.003276
0 0.082644 0.369847 0.002686 0.003022
0 0.092440 0.374713 0.002169 0.003594
0 0.092455 0.382953 0.002410 0.002926
0 0.093126 0.387009 0.002032 0.003467
0 0.091921 0.391096 0.002514 0.002735
0 0.098705 0.395596 0.003202 0.002322
0 0.104628 0.398570 0.002169 0.002926
0 0.110620 0.395135 0.002238 0.003181
0 0.114542 0.364856 0.002083 0.003541
0 0.117209 0.363528 0.002333 0.003348
0 0.138709 0.368012 0.002917 0.002925
0 0.142813 0.367743 0.002042 0.002694
0 0.143084 0.369956 0.002333 0.002425
0 0.120164 0.346513 0.001916 0.002980
0 0.127777 0.346211 0.004134 0.002189
0 0.122156 0.337735 0.002067 0.003586
0 0.120442 0.338574 0.001966 0.003865
0 0.123805 0.293186 0.002062 0.002921
0 0.123759 0.296805 0.002521 0.003810
0 0.126830 0.297821 0.002337 0.003302
0 0.146722 0.308024 0.001971 0.002879
0 0.152863 0.310268 0.002154 0.002794
0 0.157011 0.314501 0.003300 0.002371
0 0.175368 0.312469 0.003438 0.003302
0 0.184832 0.313485 0.002567 0.002879
0 0.193197 0.311961 0.002888 0.001693
0 0.198124 0.314628 0.002475 0.003725
0 0.203280 0.317803 0.002429 0.002963
0 0.209491 0.319814 0.002292 0.003175
0 0.214693 0.320386 0.002337 0.002879
0 0.251297 0.334549 0.002885 0.002665
0 0.253713 0.334828 0.002885 0.003471
0 0.245456 0.343365 0.002318 0.003155
0 0.242497 0.345055 0.001891 0.003155
0 0.223509 0.397179 0.002416 0.003533
0 0.226360 0.398543 0.002483 0.002417
0 0.227099 0.400867 0.002617 0.003595
0 0.234379 0.400650 0.002818 0.002541
0 0.234715 0.402974 0.002013 0.002975
0 0.339545 0.432290 0.001772 0.003068
0 0.336260 0.430585 0.002584 0.003614
0 0.337109 0.434165 0.002953 0.003409
0 0.446332 0.443126 0.002288 0.003545
0 0.446089 0.439989 0.001996 0.002971
0 0.449472 0.441500 0.002107 0.002920
0 0.446450 0.428387 0.002052 0.003330
0 0.449278 0.427798 0.002052 0.003278
0 0.452606 0.429693 0.002274 0.003483
0 0.446359 0.416537 0.002521 0.002963
0 0.452570 0.416600 0.002200 0.002752
0 0.452501 0.413785 0.001971 0.003387
0 0.457589 0.408769 0.002429 0.003006
0 0.449728 0.408388 0.001925 0.003006
0 0.448995 0.411160 0.002200 0.002879
0 0.449018 0.413701 0.001971 0.003133
0 0.446405 0.413087 0.002154 0.003683
0 0.376199 0.377593 0.002607 0.002715
0 0.389897 0.375928 0.002163 0.003278
0 0.392837 0.378054 0.002496 0.002510
0 0.395665 0.377618 0.002607 0.003586
0 0.403707 0.382126 0.002385 0.003586
0 0.404317 0.388529 0.001941 0.003381
0 0.400823 0.385507 0.002052 0.002459
0 0.401017 0.387377 0.002329 0.002817
0 0.401544 0.374007 0.002052 0.003535
0 0.404067 0.373443 0.002773 0.002305
0 0.404178 0.375467 0.001886 0.002561
0 0.407367 0.376517 0.002939 0.002612
0 0.410140 0.370472 0.002274 0.003125
0 0.412968 0.373571 0.002607 0.003073
0 0.416212 0.368372 0.002551 0.002612
0 0.418902 0.369883 0.002274 0.003381
0 0.416379 0.371804 0.002107 0.003637
0 0.418847 0.359152 0.002385 0.003125
0 0.421489 0.355441 0.001742 0.002752
0 0.419380 0.350551 0.002017 0.003387
0 0.418670 0.344582 0.001879 0.003471
0 0.415118 0.344561 0.003667 0.001820
0 0.413262 0.344011 0.001971 0.002752
0 0.414453 0.350953 0.002704 0.003429
0 0.415393 0.353493 0.002750 0.002244
0 0.421970 0.358485 0.002884 0.003381
0 0.474986 0.371722 0.002168 0.002561
0 0.474432 0.374376 0.001865 0.002934
0 0.481263 0.371280 0.002521 0.003446
0 0.513255 0.402278 0.002168 0.003027
0 0.519708 0.393477 0.002067 0.003399
0 0.519330 0.385653 0.002118 0.003306
0 0.515978 0.383814 0.001966 0.003912
0 0.513381 0.383395 0.002823 0.003073
0 0.513154 0.375781 0.002269 0.003306
0 0.522254 0.367958 0.002521 0.003493
0 0.519229 0.358388 0.002521 0.002887
0 0.519003 0.352683 0.002269 0.003027
0 0.536724 0.362020 0.002823 0.001863
0 0.538690 0.361880 0.002823 0.002142
0 0.540228 0.361927 0.002067 0.002887
0 0.540304 0.355803 0.001815 0.002934
0 0.542673 0.364535 0.002420 0.003073
0 0.545698 0.364511 0.002118 0.002282
0 0.551748 0.366723 0.002118 0.003167
0 0.552051 0.355990 0.001916 0.002189
0 0.560924 0.368586 0.002218 0.003073
0 0.561428 0.364046 0.002622 0.002002
0 0.561226 0.365257 0.002723 0.002468
0 0.566697 0.366234 0.002874 0.002468
0 0.567150 0.369029 0.002067 0.003213
0 0.548925 0.364581 0.002017 0.002794
0 0.548824 0.369331 0.001916 0.002142
0 0.548572 0.366793 0.002118 0.002654
0 0.572772 0.365536 0.002319 0.003586
0 0.579326 0.370658 0.002118 0.003027
0 0.590241 0.378365 0.002874 0.002701
0 0.587872 0.379763 0.002168 0.003353
0 0.604716 0.372314 0.001971 0.002752
0 0.608474 0.374473 0.002063 0.003260
0 0.623530 0.364504 0.001833 0.003302
0 0.626189 0.366472 0.002658 0.003429
0 0.629282 0.365012 0.001879 0.002709
0 0.627082 0.369309 0.002796 0.001990
0 0.630130 0.369859 0.003117 0.002328
0 0.639091 0.372589 0.002063 0.003471
0 0.644682 0.373627 0.002796 0.003429
0 0.651328 0.365901 0.002521 0.003133
0 0.655018 0.365287 0.002475 0.003344
0 0.660220 0.364525 0.001879 0.003429
0 0.663497 0.362175 0.002475 0.003217
0 0.669822 0.364588 0.001925 0.003302
0 0.672389 0.365012 0.001925 0.003217
0 0.678737 0.364631 0.002337 0.002625
0 0.682037 0.364990 0.002337 0.003090
0 0.682495 0.367636 0.003529 0.002455
0 0.694068 0.367827 0.002933 0.002752
0 0.697437 0.371404 0.002337 0.003048
0 0.697597 0.373119 0.001833 0.002328
0 0.675608 0.380095 0.002168 0.003586
0 0.663412 0.387530 0.002348 0.002414
0 0.653664 0.399756 0.002032 0.002894
0 0.660345 0.405529 0.001894 0.002799
0 0.654456 0.407294 0.002101 0.003022
0 0.647983 0.413353 0.001825 0.003117
0 0.648155 0.418156 0.002376 0.003053
0 0.642989 0.420033 0.002169 0.002926
0 0.642387 0.424422 0.002204 0.002735
0 0.654215 0.425774 0.002169 0.002576
0 0.660328 0.430895 0.002755 0.002322
0 0.660517 0.428223 0.001894 0.002894
0 0.676101 0.451144 0.002679 0.003675
0 0.681744 0.443532 0.002111 0.002700
0 0.747148 0.462483 0.002947 0.003630
0 0.732249 0.409207 0.002679 0.003547
0 0.741494 0.397863 0.004555 0.002970
0 0.751689 0.385551 0.001925 0.003217
0 0.758884 0.374819 0.003575 0.002582
0 0.761657 0.367940 0.003162 0.002286
0 0.767730 0.362987 0.003300 0.002032
0 0.767753 0.364849 0.004629 0.001947
0 0.769793 0.359304 0.003208 0.002625
0 0.774147 0.358499 0.002383 0.003048
0 0.776439 0.359515 0.003575 0.002371
0 0.796102 0.356640 0.002928 0.002592
0 0.789666 0.365515 0.002379 0.003888
0 0.789452 0.368417 0.002196 0.003268
0 0.802690 0.382785 0.002806 0.003268
0 0.806625 0.388307 0.002257 0.003494
0 0.805725 0.405322 0.002233 0.003135
0 0.802197 0.430814 0.003037 0.002475
0 0.795603 0.441142 0.002318 0.002817
0 0.837025 0.447734 0.002562 0.002930
0 0.846480 0.454045 0.002562 0.002930
0 0.846694 0.456327 0.002135 0.002874
0 0.849714 0.458947 0.002928 0.003043
0 0.862403 0.477373 0.002440 0.003268
0 0.917215 0.556934 0.002354 0.003744
0 0.911265 0.538937 0.003008 0.003986
0 0.908062 0.557357 0.003138 0.003382
0 0.964880 0.571790 0.002485 0.003261
0 0.902112 0.479208 0.003008 0.003624
0 0.882693 0.449676 0.003138 0.003261
0 0.875958 0.444664 0.002746 0.003382
0 0.954071 0.431385 0.002989 0.003663
0 0.946934 0.418171 0.002989 0.003381
0 0.930737 0.403746 0.003904 0.002705
0 0.947696 0.422144 0.003416 0.002874
0 0.868714 0.367917 0.002436 0.002932
0 0.880155 0.342690 0.003912 0.004295
0 0.883256 0.344701 0.004207 0.003954
0 0.902078 0.347224 0.003026 0.004091
0 0.905068 0.347701 0.002805 0.003545
0 0.917543 0.347667 0.003248 0.002795
0 0.947622 0.357144 0.003174 0.003477
0 0.941127 0.366212 0.003322 0.003341
0 0.943562 0.334508 0.002436 0.004432
0 0.944301 0.337747 0.002879 0.003136
0 0.940979 0.331372 0.002731 0.004159
0 0.940647 0.328099 0.005019 0.002659
0 0.933930 0.324486 0.005019 0.002523
0 0.928578 0.321827 0.003765 0.002523
0 0.978034 0.320293 0.003912 0.002454
0 0.982168 0.324384 0.003174 0.004091
0 0.910641 0.317293 0.003026 0.003682
0 0.914258 0.317838 0.003469 0.002318
0 0.913926 0.315793 0.002362 0.003136
0 0.982367 0.369558 0.002810 0.003793
0 0.979395 0.365864 0.002702 0.003793
0 0.957781 0.379091 0.002270 0.003294
0 0.961239 0.380538 0.003999 0.003594
0 0.960753 0.383233 0.003026 0.003793
