0 0.035941 0.289731 0.002203 0.003472
0 0.043312 0.286992 0.003898 0.003087
0 0.026748 0.277616 0.002288 0.002855
0 0.026451 0.290387 0.002372 0.001698
0 0.062292 0.288419 0.003728 0.003164
0 0.064538 0.301460 0.003135 0.002701
0 0.062377 0.303813 0.003728 0.002778
0 0.922226 0.369314 0.002233 0.003050
0 0.907633 0.379467 0.002315 0.002899
0 0.905289 0.378966 0.002489 0.002214
0 0.904479 0.383499 0.001794 0.002741
0 0.899155 0.380890 0.002373 0.002899
0 0.951442 0.360125 0.002778 0.002899
0 0.898518 0.384052 0.002720 0.002688
0 0.974996 0.361469 0.002315 0.002635
0 0.992184 0.355593 0.002894 0.002899
0 0.990919 0.395658 0.003383 0.002876
0 0.998701 0.358480 0.002481 0.003287
0 0.997686 0.348261 0.003158 0.002568
0 0.677815 0.412719 0.003691 0.001867
