0 0.089903 0.576153 0.002874 0.003458
0 0.119407 0.579010 0.002705 0.002857
0 0.055237 0.628113 0.002761 0.003297
0 0.059299 0.622501 0.004733 0.002034
0 0.055434 0.614013 0.002366 0.003578
0 0.054172 0.610225 0.002366 0.003297
0 0.052712 0.614995 0.002130 0.003157
0 0.026367 0.621309 0.002761 0.003157
0 0.011223 0.622115 0.003076 0.004209
0 0.007200 0.626850 0.002445 0.002595
0 0.001757 0.603842 0.002603 0.003578
0 0.009487 0.599037 0.003392 0.003087
0 0.040565 0.599773 0.004496 0.001613
0 0.031337 0.591285 0.002761 0.003437
0 0.029483 0.590233 0.002366 0.003718
0 0.020175 0.582833 0.002997 0.003227
0 0.017691 0.578343 0.001972 0.003507
0 0.011144 0.563296 0.003076 0.002455
0 0.011657 0.559052 0.002524 0.002806
0 0.019308 0.559719 0.002524 0.003297
0 0.014363 0.541924 0.002682 0.003016
0 0.070366 0.588817 0.003155 0.002946
0 0.080225 0.597761 0.002051 0.003718
0 0.074980 0.608880 0.002130 0.003087
0 0.068985 0.598287 0.001972 0.002666
0 0.070479 0.597957 0.002267 0.003384
0 0.146364 0.715523 0.002257 0.003065
0 0.126621 0.698359 0.003364 0.003900
0 0.120463 0.696997 0.002103 0.003633
0 0.112533 0.695982 0.004025 0.002564
0 0.117099 0.696570 0.002343 0.003099
0 0.118000 0.695581 0.002343 0.002832
0 0.107187 0.679313 0.002343 0.003205
0 0.110281 0.676589 0.002643 0.003633
0 0.108088 0.683294 0.003664 0.003259
0 0.141123 0.706573 0.003520 0.003372
0 0.137139 0.665267 0.002380 0.003284
0 0.136401 0.661636 0.002216 0.003102
0 0.125220 0.673623 0.002093 0.002043
0 0.152772 0.663460 0.002052 0.003102
0 0.136626 0.655342 0.002093 0.002773
0 0.138165 0.656400 0.001969 0.003211
0 0.162804 0.663351 0.002585 0.002080
0 0.155234 0.657823 0.002954 0.002116
0 0.155295 0.659063 0.002339 0.002189
0 0.155131 0.660669 0.002175 0.002116
0 0.164937 0.657221 0.002421 0.001861
0 0.160547 0.661527 0.002913 0.002007
0 0.151503 0.629050 0.002403 0.003497
0 0.139597 0.606491 0.002184 0.002768
0 0.173457 0.618317 0.002403 0.003303
0 0.190741 0.618754 0.003222 0.002428
0 0.203657 0.609113 0.002184 0.002866
0 0.214224 0.602289 0.002567 0.003788
0 0.216819 0.608093 0.002403 0.002768
0 0.223427 0.613654 0.002294 0.002914
0 0.229407 0.605373 0.002785 0.003060
0 0.233366 0.606733 0.002184 0.002866
0 0.235960 0.611226 0.002348 0.002623
0 0.242295 0.603406 0.002239 0.002623
0 0.188573 0.589049 0.002048 0.003232
0 0.148099 0.571889 0.003040 0.003350
0 0.137328 0.572418 0.002643 0.003467
0 0.126656 0.567541 0.003106 0.002527
0 0.229498 0.644105 0.002512 0.003351
0 0.237826 0.653697 0.002567 0.003400
0 0.246592 0.654814 0.002621 0.003108
0 0.262893 0.652823 0.003550 0.003497
0 0.257869 0.650055 0.004096 0.002914
0 0.271659 0.652677 0.002294 0.003108
0 0.274143 0.654329 0.002458 0.003108
0 0.275645 0.659865 0.002621 0.002817
0 0.281516 0.656879 0.002458 0.003060
0 0.280205 0.662002 0.001911 0.003303
0 0.283564 0.662974 0.002075 0.002817
0 0.276670 0.608519 0.002479 0.003271
0 0.302816 0.667752 0.002958 0.003840
0 0.290146 0.593433 0.002287 0.002503
0 0.281658 0.604775 0.003430 0.002503
0 0.402990 0.669334 0.002763 0.002938
0 0.406864 0.669281 0.004145 0.001656
0 0.414283 0.666636 0.002643 0.002564
0 0.413382 0.669174 0.002163 0.002938
0 0.399596 0.661374 0.004025 0.002297
0 0.421402 0.679191 0.001862 0.002885
0 0.421252 0.675558 0.002163 0.002244
0 0.423835 0.675852 0.002763 0.002618
0 0.426929 0.676119 0.003304 0.001656
0 0.430083 0.676974 0.002403 0.002832
0 0.423955 0.673021 0.002042 0.002511
0 0.425908 0.672647 0.002703 0.003579
0 0.420892 0.672780 0.002763 0.004167
0 0.440626 0.677455 0.002823 0.002938
0 0.443930 0.678951 0.002103 0.002832
0 0.446573 0.687044 0.002463 0.002564
0 0.453541 0.678470 0.003785 0.002404
0 0.459278 0.678069 0.004445 0.002244
0 0.469401 0.684934 0.004145 0.002084
0 0.478802 0.687605 0.003004 0.001977
0 0.482467 0.686964 0.004325 0.001549
0 0.485711 0.685121 0.003604 0.002244
0 0.490006 0.688808 0.004025 0.001923
0 0.486131 0.689128 0.002163 0.002778
0 0.479944 0.690597 0.002283 0.003579
0 0.483097 0.693215 0.002463 0.002297
0 0.485711 0.693349 0.002643 0.003419
0 0.497425 0.690784 0.002403 0.002992
0 0.500459 0.686323 0.002944 0.003473
0 0.504934 0.689529 0.002884 0.003793
0 0.509019 0.686751 0.002042 0.003259
0 0.509830 0.684854 0.001862 0.002244
0 0.513975 0.688006 0.003064 0.002992
0 0.518300 0.684827 0.002463 0.002725
0 0.511542 0.692601 0.002523 0.002137
0 0.433693 0.631766 0.002128 0.003528
0 0.460734 0.605911 0.003193 0.002753
0 0.490735 0.608253 0.002631 0.003444
0 0.527645 0.613357 0.002458 0.003497
0 0.540889 0.640263 0.002184 0.003303
0 0.421515 0.710103 0.002523 0.003152
0 0.464208 0.737121 0.002135 0.002958
0 0.468328 0.735619 0.002135 0.003311
0 0.464977 0.740741 0.001887 0.002605
0 0.466591 0.740918 0.002631 0.002605
0 0.471903 0.733765 0.002234 0.002428
0 0.472573 0.731535 0.002085 0.002473
0 0.471257 0.730895 0.002234 0.002693
0 0.476446 0.727275 0.002085 0.001987
0 0.476694 0.729239 0.001787 0.002649
0 0.479300 0.726988 0.002333 0.002914
0 0.481237 0.727981 0.002036 0.003047
0 0.481733 0.728997 0.002731 0.002428
0 0.485879 0.725310 0.002085 0.003444
0 0.491464 0.730807 0.003525 0.001987
0 0.493599 0.731602 0.003525 0.001722
0 0.503677 0.731933 0.002929 0.002826
0 0.505390 0.732418 0.002085 0.001943
0 0.506184 0.732926 0.002184 0.002428
0 0.509089 0.729173 0.001738 0.003135
0 0.511720 0.727540 0.003426 0.001722
0 0.513284 0.728776 0.002184 0.002605
0 0.514078 0.729372 0.001887 0.001854
0 0.508965 0.732418 0.002284 0.002561
0 0.517827 0.725928 0.001936 0.003179
0 0.520110 0.726679 0.002532 0.002473
0 0.523983 0.724250 0.001936 0.002914
0 0.535973 0.715309 0.002979 0.002340
0 0.543271 0.714051 0.001887 0.002649
0 0.544512 0.713499 0.002085 0.002605
0 0.546150 0.712417 0.001887 0.003002
0 0.553449 0.712770 0.001787 0.003444
0 0.565761 0.708157 0.002681 0.001899
0 0.564843 0.706920 0.002731 0.002075
0 0.568641 0.705331 0.002383 0.001810
0 0.569162 0.703256 0.002433 0.002870
0 0.627696 0.715020 0.003040 0.002762
0 0.634337 0.701356 0.002974 0.002233
0 0.692851 0.711024 0.002379 0.003115
0 0.684605 0.696306 0.002810 0.002915
0 0.699560 0.729822 0.003126 0.003491
0 0.717581 0.740396 0.003424 0.003526
0 0.726922 0.735080 0.002042 0.002938
0 0.735543 0.738606 0.001742 0.002832
0 0.738787 0.740636 0.002703 0.002084
0 0.735002 0.741865 0.002223 0.002511
0 0.738547 0.743334 0.002223 0.002137
0 0.735723 0.748623 0.002343 0.003633
0 0.732840 0.746940 0.002823 0.002938
0 0.745095 0.747982 0.002343 0.002778
0 0.744764 0.751829 0.002042 0.003205
0 0.757470 0.745631 0.002343 0.002992
0 0.759993 0.746165 0.002583 0.003526
0 0.762005 0.750252 0.002884 0.002404
0 0.778285 0.744990 0.001922 0.003099
0 0.761074 0.760323 0.002583 0.002885
0 0.745665 0.763555 0.001802 0.003259
0 0.754826 0.769913 0.002103 0.002938
0 0.747828 0.772637 0.002763 0.003045
0 0.744854 0.777606 0.002823 0.003259
0 0.744914 0.779209 0.002823 0.002297
0 0.749570 0.782681 0.002763 0.002297
0 0.815728 0.820616 0.001890 0.003038
0 0.815038 0.822717 0.001963 0.002586
0 0.819036 0.826208 0.002544 0.003361
0 0.813693 0.828050 0.003053 0.002392
0 0.804098 0.817190 0.002181 0.002780
0 0.778148 0.819582 0.002035 0.002909
0 0.781819 0.819194 0.002689 0.003814
0 0.814711 0.812924 0.002326 0.003555
0 0.818236 0.807881 0.002399 0.003685
0 0.823251 0.797151 0.002544 0.002780
0 0.843132 0.767770 0.003053 0.002456
0 0.868355 0.751480 0.002035 0.002844
0 0.872825 0.745500 0.003416 0.002521
0 0.898012 0.737129 0.002181 0.003361
0 0.907134 0.747989 0.003562 0.003620
0 0.909351 0.747407 0.002762 0.003103
0 0.917747 0.750995 0.003852 0.002392
0 0.943717 0.764071 0.002419 0.002753
0 0.949473 0.760371 0.002128 0.003097
0 0.965533 0.766695 0.003289 0.003184
0 0.941249 0.757102 0.002322 0.003097
0 0.800336 0.789409 0.003078 0.003911
0 0.800380 0.785028 0.003166 0.004224
0 0.806273 0.785302 0.002463 0.002738
0 0.812474 0.791051 0.002551 0.003129
0 0.824700 0.777402 0.002375 0.002894
0 0.835254 0.778223 0.003078 0.001721
0 0.829229 0.780687 0.001935 0.001643
0 0.830900 0.783699 0.001759 0.003442
0 0.836177 0.780296 0.002815 0.002268
0 0.834330 0.779592 0.002463 0.002112
0 0.829361 0.783386 0.002199 0.002816
