0 0.539707 0.087368 0.003036 0.004561
0 0.536215 0.090647 0.002733 0.004846
0 0.520731 0.094638 0.003340 0.004846
0 0.505246 0.084803 0.004554 0.003421
0 0.508737 0.085658 0.003036 0.005131
0 0.508737 0.090789 0.003036 0.003991
0 0.512519 0.089866 0.004902 0.002301
0 0.512330 0.087919 0.004902 0.001593
0 0.495740 0.088892 0.003771 0.002478
0 0.502998 0.088361 0.003582 0.002478
0 0.489047 0.096327 0.003205 0.002832
0 0.484522 0.094911 0.002828 0.003540
0 0.481977 0.098982 0.001885 0.003540
0 0.478301 0.094026 0.002828 0.003186
0 0.477264 0.089335 0.003016 0.003717
0 0.478584 0.091282 0.003393 0.002301
0 0.470006 0.090928 0.003959 0.002655
0 0.466518 0.094734 0.003393 0.002478
0 0.455678 0.098186 0.002074 0.004071
0 0.440407 0.095442 0.003205 0.002124
0 0.435128 0.096769 0.003582 0.003717
0 0.437579 0.110045 0.003959 0.003009
0 0.431641 0.112081 0.002639 0.004602
0 0.417501 0.096946 0.004148 0.002655
0 0.402607 0.094822 0.001885 0.004425
0 0.420800 0.130225 0.002451 0.004425
0 0.382623 0.094645 0.003771 0.003009
0 0.342519 0.096147 0.002571 0.004023
0 0.340034 0.105319 0.002742 0.003058
0 0.331636 0.130665 0.002742 0.003862
0 0.233106 0.071848 0.002550 0.003857
0 0.227440 0.072114 0.001983 0.003857
0 0.214480 0.074176 0.002125 0.003458
0 0.203148 0.081823 0.003824 0.002261
0 0.177369 0.077767 0.003824 0.003192
0 0.173687 0.078033 0.002691 0.004256
0 0.154332 0.060783 0.003966 0.002793
0 0.155182 0.066303 0.002266 0.003724
0 0.149941 0.068896 0.002266 0.003857
0 0.140593 0.067566 0.002266 0.003857
0 0.146542 0.058988 0.003399 0.003724
0 0.140947 0.059054 0.002408 0.004389
0 0.134998 0.056794 0.002691 0.004389
0 0.131528 0.065305 0.002266 0.003591
0 0.119417 0.063244 0.002975 0.003724
0 0.115805 0.055996 0.003116 0.003857
0 0.122179 0.056661 0.001700 0.003857
0 0.125154 0.052804 0.003966 0.001729
0 0.126004 0.054732 0.004533 0.002660
0 0.125154 0.053868 0.003966 0.001995
0 0.104262 0.050875 0.002691 0.003724
0 0.097675 0.052338 0.002550 0.003458
0 0.091655 0.053668 0.002408 0.003192
0 0.085352 0.057459 0.001983 0.003857
0 0.082803 0.057725 0.002550 0.003591
0 0.079474 0.047950 0.002408 0.003724
0 0.089460 0.050809 0.003399 0.001729
0 0.083865 0.049678 0.004108 0.001862
0 0.084927 0.049878 0.001983 0.003059
0 0.086981 0.049146 0.003824 0.002128
0 0.070834 0.041300 0.002691 0.003458
0 0.109979 0.047769 0.003746 0.002088
0 0.109745 0.049583 0.002107 0.003297
0 0.056716 0.052386 0.002341 0.002968
0 0.053087 0.039911 0.002341 0.003737
0 0.047937 0.042933 0.002107 0.003847
0 0.047937 0.033811 0.002107 0.004067
0 0.035821 0.028315 0.003863 0.001869
0 0.033304 0.034140 0.002809 0.003407
0 0.039099 0.036394 0.002224 0.003957
0 0.038338 0.032437 0.003512 0.003737
0 0.038396 0.030348 0.001756 0.003737
0 0.041615 0.029194 0.003278 0.003847
0 0.043957 0.029689 0.003278 0.002858
0 0.041908 0.032547 0.002692 0.003297
0 0.044542 0.032876 0.002575 0.003517
0 0.044249 0.033811 0.001756 0.002968
