0 0.977301 0.747896 0.006070 0.004829
0 0.973731 0.752898 0.004642 0.007244
0 0.962841 0.747206 0.005713 0.005519
0 0.964448 0.753933 0.005356 0.006554
0 0.959806 0.763246 0.008212 0.007244
0 0.950344 0.735305 0.004999 0.007244
0 0.966233 0.737030 0.007498 0.007244
0 0.975695 0.735133 0.004999 0.007589
0 0.962127 0.727716 0.005713 0.006554
0 0.959806 0.709779 0.003927 0.006554
0 0.866371 0.727819 0.004869 0.005331
0 0.862313 0.724213 0.004544 0.005645
0 0.857607 0.733150 0.003570 0.006585
0 0.843000 0.719195 0.005518 0.008153
0 0.843812 0.711355 0.005843 0.008153
0 0.853549 0.689404 0.008439 0.007526
0 0.851602 0.678585 0.003895 0.006585
0 0.877407 0.679996 0.008115 0.009408
0 0.919793 0.660228 0.005097 0.005961
0 0.925158 0.651546 0.005097 0.007775
0 0.902893 0.634570 0.005633 0.006997
0 0.850181 0.625888 0.005902 0.005183
0 0.816784 0.640142 0.003487 0.006220
0 0.806456 0.644289 0.004292 0.005183
0 0.805651 0.649084 0.003756 0.004406
0 0.806322 0.653749 0.002951 0.005442
0 0.802566 0.651157 0.004024 0.004924
0 0.788349 0.665800 0.003487 0.005183
0 0.766754 0.653101 0.005365 0.004665
0 0.767023 0.665800 0.002683 0.006220
0 0.765279 0.664893 0.003487 0.005961
0 0.801359 0.702990 0.005365 0.005442
0 0.836080 0.792905 0.005163 0.003379
0 0.834747 0.784457 0.004497 0.004828
0 0.835580 0.779388 0.003831 0.004023
0 0.829417 0.781158 0.002832 0.004023
0 0.822421 0.778342 0.002498 0.003862
0 0.825170 0.781400 0.002332 0.003540
0 0.824504 0.784940 0.003664 0.003540
0 0.830666 0.786227 0.001999 0.003862
0 0.829417 0.785664 0.002165 0.003058
0 0.829417 0.789043 0.003498 0.003701
0 0.824420 0.776411 0.003831 0.003540
0 0.825003 0.773836 0.004997 0.003540
0 0.817091 0.764744 0.003498 0.004667
0 0.813677 0.766836 0.003998 0.004345
0 0.811511 0.764261 0.003331 0.004667
0 0.807014 0.762250 0.004664 0.004506
0 0.795521 0.764744 0.002665 0.003701
0 0.793606 0.765549 0.003831 0.004667
0 0.787849 0.764429 0.002574 0.003511
0 0.783307 0.758211 0.004088 0.003072
0 0.779824 0.756895 0.002574 0.003657
0 0.774903 0.753018 0.004240 0.002341
0 0.774070 0.756310 0.004088 0.003657
0 0.768316 0.743436 0.004391 0.003657
0 0.771874 0.772548 0.003634 0.002780
0 0.766196 0.771158 0.004391 0.004681
0 0.577294 0.569214 0.004656 0.003641
0 0.562662 0.586241 0.004656 0.003427
0 0.568869 0.604340 0.003769 0.005783
0 0.567872 0.600592 0.004434 0.004712
0 0.565877 0.599200 0.003547 0.004498
0 0.562108 0.598450 0.003104 0.005997
0 0.563105 0.607767 0.006429 0.005783
0 0.444087 0.597981 0.004713 0.006071
0 0.441927 0.599499 0.003535 0.006071
0 0.438196 0.597791 0.002356 0.006451
0 0.388906 0.614107 0.007462 0.007968
0 0.390870 0.632131 0.006677 0.009107
0 0.387139 0.630234 0.003142 0.006830
0 0.339420 0.626819 0.006677 0.007589
0 0.300145 0.624163 0.005891 0.004553
0 0.296021 0.616764 0.005498 0.007968
0 0.297592 0.613918 0.003927 0.006071
0 0.286791 0.599878 0.004320 0.007589
0 0.312713 0.642566 0.005106 0.006451
0 0.307607 0.650155 0.005891 0.006451
0 0.306232 0.661159 0.007855 0.006451
0 0.287773 0.671593 0.005498 0.006071
0 0.287809 0.682294 0.004877 0.005890
0 0.278542 0.685475 0.003902 0.007068
0 0.268909 0.679349 0.004146 0.004241
0 0.261349 0.679113 0.003658 0.005183
0 0.263788 0.683943 0.005609 0.003534
0 0.248912 0.677582 0.005121 0.006361
0 0.284151 0.655435 0.003902 0.005419
0 0.282322 0.650016 0.006584 0.006361
0 0.268178 0.627398 0.004633 0.007304
0 0.248912 0.617267 0.005121 0.005890
0 0.249156 0.605487 0.005121 0.008246
0 0.240621 0.645422 0.004146 0.004241
0 0.239036 0.649074 0.004390 0.003063
0 0.234890 0.654728 0.004877 0.005419
0 0.165465 0.623845 0.003570 0.003794
0 0.161180 0.618154 0.003570 0.005519
0 0.166179 0.611082 0.003570 0.007244
0 0.182425 0.573138 0.003213 0.004484
0 0.165822 0.595214 0.003570 0.005864
0 0.166000 0.591937 0.003213 0.004829
0 0.147791 0.583659 0.003927 0.006209
0 0.140472 0.582624 0.003570 0.005519
0 0.142078 0.592282 0.002499 0.006209
0 0.139579 0.592627 0.003213 0.006899
0 0.127618 0.605563 0.004285 0.007244
0 0.137437 0.670931 0.003213 0.007589
0 0.149755 0.689213 0.004999 0.006209
0 0.141186 0.690938 0.004285 0.006899
0 0.136009 0.689386 0.003927 0.006554
0 0.135295 0.700424 0.004642 0.007244
0 0.131546 0.694733 0.004999 0.006899
0 0.154396 0.701804 0.004285 0.004484
0 0.156003 0.708703 0.004642 0.004484
0 0.150826 0.713877 0.002856 0.007244
0 0.163858 0.721811 0.005356 0.003794
0 0.164215 0.716982 0.003213 0.005174
0 0.164572 0.728365 0.006070 0.005864
0 0.246748 0.726076 0.007344 0.007930
0 0.343749 0.729924 0.002660 0.004070
0 0.345411 0.733994 0.001995 0.004926
0 0.353282 0.732388 0.003547 0.004284
0 0.348737 0.724248 0.003769 0.006854
0 0.354944 0.723499 0.002882 0.004926
0 0.371572 0.728853 0.002439 0.006211
0 0.379996 0.728746 0.002882 0.004712
0 0.381437 0.723392 0.003104 0.004712
0 0.399395 0.726069 0.003991 0.005783
0 0.404383 0.731959 0.003325 0.005569
0 0.421343 0.731102 0.003104 0.005569
0 0.434534 0.728532 0.004656 0.007282
0 0.453489 0.732709 0.002660 0.006640
0 0.473441 0.741276 0.003991 0.006211
0 0.489958 0.739027 0.005099 0.005569
0 0.500821 0.681625 0.003769 0.005997
0 0.505366 0.737742 0.002217 0.005569
0 0.503481 0.738813 0.002882 0.005569
0 0.749614 0.718459 0.005311 0.008267
0 0.202120 0.476916 0.009937 0.011687
0 0.099325 0.616994 0.004544 0.006585
0 0.088776 0.627186 0.005518 0.006272
0 0.078714 0.617307 0.006167 0.005958
0 0.083096 0.679242 0.003895 0.006899
0 0.079039 0.678144 0.004220 0.005331
0 0.078065 0.683632 0.004220 0.005017
0 0.075793 0.691158 0.005518 0.006272
0 0.058427 0.676106 0.006492 0.006272
0 0.050637 0.668423 0.007141 0.005331
0 0.049664 0.675322 0.003895 0.007213
0 0.027105 0.664189 0.008764 0.006899
0 0.018341 0.670932 0.005518 0.008467
0 0.045282 0.610408 0.007465 0.007213
0 0.027916 0.609311 0.007790 0.006899
0 0.028777 0.576969 0.006492 0.007213
0 0.001512 0.593746 0.003895 0.009408
