0 0.057310 0.600842 0.002526 0.003268
0 0.066740 0.608853 0.003290 0.003689
0 0.070089 0.605058 0.002820 0.003584
0 0.076288 0.608194 0.003231 0.003531
0 0.083192 0.604900 0.002820 0.003795
0 0.085924 0.604742 0.002879 0.003900
0 0.098203 0.607351 0.002761 0.003426
0 0.111100 0.601501 0.003173 0.003215
0 0.112392 0.599630 0.002233 0.002424
0 0.146646 0.590301 0.003055 0.003057
0 0.153491 0.592120 0.002644 0.003109
0 0.153315 0.596231 0.003114 0.003109
0 0.148320 0.580341 0.002879 0.003162
0 0.166240 0.599156 0.002409 0.003478
0 0.172997 0.603266 0.003584 0.002846
0 0.171763 0.594281 0.002526 0.003320
0 0.171969 0.589748 0.002938 0.003215
0 0.187744 0.592093 0.002761 0.003478
0 0.204166 0.598866 0.003408 0.003109
0 0.213302 0.599735 0.002174 0.003268
0 0.215858 0.592620 0.003643 0.002319
0 0.200171 0.584135 0.002468 0.003268
0 0.228343 0.576572 0.003114 0.003847
0 0.231340 0.582765 0.002174 0.003162
0 0.234894 0.581922 0.002820 0.003268
0 0.235570 0.584847 0.002526 0.003215
0 0.239242 0.588351 0.002703 0.003900
0 0.228872 0.570301 0.002291 0.003320
0 0.228608 0.559365 0.002350 0.003057
0 0.250934 0.565531 0.002938 0.002635
0 0.126559 0.569290 0.002564 0.003210
0 0.149233 0.561097 0.002190 0.003498
0 0.150291 0.563808 0.003205 0.003162
0 0.229972 0.520051 0.002816 0.003702
0 0.242621 0.514584 0.003156 0.003049
0 0.282893 0.578618 0.002185 0.002483
0 0.290444 0.572650 0.002428 0.003180
0 0.291925 0.582755 0.002476 0.003267
0 0.287992 0.581166 0.001991 0.002962
0 0.288914 0.583278 0.001991 0.003180
0 0.287506 0.584715 0.002768 0.002657
0 0.274809 0.578291 0.003302 0.002178
0 0.274347 0.579641 0.003933 0.001655
0 0.288089 0.591140 0.002671 0.003397
0 0.301224 0.594929 0.002428 0.003397
0 0.314164 0.571779 0.002768 0.002744
0 0.340603 0.581775 0.002525 0.003485
0 0.346916 0.585521 0.003399 0.002526
0 0.344002 0.589071 0.002622 0.003005
0 0.344755 0.589790 0.002865 0.002439
0 0.361604 0.572650 0.002768 0.002483
0 0.391613 0.570669 0.001894 0.002526
0 0.392268 0.573347 0.002331 0.002744
0 0.390447 0.565703 0.002962 0.002352
0 0.390811 0.566857 0.002816 0.002308
0 0.445643 0.574540 0.003178 0.002415
0 0.523918 0.590005 0.002207 0.003240
0 0.551126 0.592704 0.002608 0.003240
0 0.551247 0.595134 0.003491 0.002268
0 0.612112 0.593466 0.002816 0.003092
0 0.623630 0.581794 0.002517 0.002880
0 0.627004 0.584314 0.002116 0.002683
0 0.630525 0.579667 0.002590 0.003731
0 0.653289 0.584085 0.002663 0.003076
0 0.667462 0.591415 0.002627 0.002487
0 0.695790 0.581745 0.002882 0.002651
0 0.700804 0.592295 0.002983 0.003080
0 0.716159 0.605578 0.004215 0.002278
0 0.711552 0.557872 0.002900 0.002909
0 0.699151 0.550599 0.002366 0.003491
0 0.823416 0.615972 0.003792 0.003135
0 0.958182 0.688917 0.002539 0.003520
0 0.956197 0.693575 0.002909 0.003396
0 0.944932 0.688772 0.003463 0.002071
0 0.947102 0.689662 0.002724 0.003023
0 0.972402 0.678046 0.002724 0.003313
0 0.974825 0.672600 0.002308 0.003189
0 0.979604 0.670095 0.002170 0.003396
0 0.985176 0.659184 0.002539 0.003325
0 0.995435 0.644880 0.002234 0.003599
