0 0.131070 0.490954 0.002900 0.004453
0 0.135295 0.491423 0.002900 0.004453
0 0.137946 0.492126 0.002900 0.004453
0 0.148965 0.500954 0.002900 0.004453
0 0.163878 0.511189 0.002900 0.004453
0 0.166033 0.503689 0.002900 0.004453
0 0.166530 0.510876 0.002900 0.004453
0 0.192462 0.495486 0.002900 0.004453
0 0.190473 0.491345 0.002900 0.004453
0 0.178129 0.509392 0.002900 0.004453
0 0.182685 0.508767 0.002900 0.004453
0 0.182105 0.538845 0.002900 0.004453
0 0.178957 0.533845 0.002900 0.004453
0 0.176389 0.534470 0.002900 0.004453
0 0.171749 0.524158 0.002900 0.004453
0 0.172909 0.532126 0.002900 0.004453
0 0.171335 0.529314 0.002900 0.004453
0 0.169098 0.523376 0.002900 0.004453
0 0.201865 0.553181 0.002320 0.004063
0 0.200374 0.551853 0.002320 0.004063
0 0.198303 0.552517 0.002320 0.003672
0 0.204351 0.563689 0.002320 0.003672
0 0.188112 0.548533 0.002320 0.003672
0 0.183141 0.547283 0.002320 0.003672
0 0.233928 0.555017 0.002320 0.003672
0 0.199960 0.548611 0.002320 0.003672
0 0.291757 0.567126 0.002320 0.003672
0 0.283804 0.563533 0.002320 0.003672
0 0.277424 0.560095 0.002320 0.003672
0 0.294989 0.567126 0.002320 0.003672
0 0.296811 0.568298 0.002320 0.003672
0 0.289106 0.561814 0.002320 0.003672
0 0.307085 0.563845 0.002320 0.003672
0 0.270796 0.559470 0.002320 0.003672
0 0.267027 0.557634 0.001906 0.003281
0 0.250540 0.557556 0.001906 0.003281
0 0.256173 0.558337 0.001906 0.003281
0 0.253854 0.557478 0.001906 0.003281
0 0.315494 0.560134 0.001906 0.003281
0 0.161119 0.508546 0.001906 0.003281
0 0.189495 0.507999 0.006379 0.005938
0 0.194922 0.508546 0.001906 0.003281
0 0.957478 0.756507 0.008658 0.009023
0 0.184398 0.468765 0.002306 0.003970
0 0.310238 0.512615 0.002306 0.003970
0 0.298208 0.523297 0.002306 0.003970
0 0.273347 0.496829 0.002306 0.003970
0 0.898701 0.717397 0.001906 0.003281
0 0.887847 0.703335 0.005634 0.004062
0 0.883829 0.699819 0.006048 0.004531
0 0.876864 0.489553 0.004888 0.005781
0 0.952091 0.492131 0.007705 0.005469
0 0.122298 0.489516 0.001906 0.003281
0 0.117410 0.486820 0.005800 0.005078
0 0.030238 0.561654 0.005833 0.006875
0 0.227740 0.683966 0.003007 0.004632
0 0.337321 0.503590 0.004971 0.007188
0 0.322160 0.494723 0.005054 0.002266
0 0.350799 0.597796 0.005054 0.002266
0 0.319482 0.598343 0.005054 0.002266
0 0.381288 0.644593 0.005054 0.002266
0 0.361736 0.627640 0.005054 0.002266
0 0.202052 0.621670 0.005054 0.002266
0 0.257727 0.633154 0.005054 0.002266
0 0.277317 0.623061 0.005054 0.002266
0 0.835782 0.685756 0.005054 0.002266
0 0.852352 0.691303 0.005054 0.002266
0 0.831639 0.698334 0.005054 0.002266
0 0.955071 0.606875 0.005054 0.002266
0 0.449821 0.509349 0.006628 0.005078
0 0.054447 0.501066 0.003894 0.003281
0 0.093249 0.563092 0.003894 0.003281
0 0.143806 0.667631 0.003894 0.003281
0 0.123425 0.667709 0.003894 0.003281
0 0.136929 0.657163 0.003894 0.003281
0 0.240543 0.716300 0.003894 0.003281
0 0.912627 0.721663 0.003894 0.003281
0 0.903597 0.718851 0.003894 0.003281
0 0.858112 0.717992 0.003894 0.003281
0 0.839719 0.717367 0.003894 0.003281
0 0.881807 0.716976 0.003894 0.003281
0 0.866397 0.711351 0.003894 0.003281
