0 0.028091 0.430840 0.002827 0.003310
0 0.037181 0.427116 0.002778 0.003528
0 0.129089 0.409977 0.002426 0.003061
0 0.156277 0.396968 0.002854 0.002678
0 0.186116 0.449408 0.001794 0.003207
0 0.184176 0.452108 0.001721 0.002782
0 0.185824 0.453269 0.001941 0.002880
0 0.180129 0.449588 0.002417 0.002912
0 0.178903 0.447412 0.001941 0.002814
0 0.182033 0.443599 0.001758 0.002978
0 0.182967 0.442765 0.002307 0.002749
0 0.135873 0.333558 0.003142 0.001764
0 0.122076 0.312853 0.002534 0.002570
0 0.110964 0.310937 0.002242 0.002831
0 0.052348 0.284814 0.002164 0.002991
0 0.059802 0.283621 0.002400 0.003082
0 0.124440 0.290109 0.002178 0.002875
0 0.125946 0.278613 0.001963 0.002486
0 0.135825 0.277005 0.002659 0.002632
0 0.131305 0.270608 0.002700 0.003071
0 0.129668 0.264119 0.002536 0.002595
0 0.125026 0.270388 0.002823 0.002705
0 0.107191 0.266038 0.002986 0.002486
0 0.123185 0.267464 0.002986 0.003582
0 0.140185 0.245344 0.002569 0.002840
0 0.136449 0.237399 0.002400 0.002779
0 0.150331 0.209972 0.002631 0.003989
0 0.136222 0.195154 0.002949 0.003419
0 0.115974 0.190987 0.003268 0.003348
0 0.140002 0.232379 0.004140 0.002252
0 0.101863 0.264372 0.003109 0.002422
0 0.203970 0.259530 0.002635 0.003768
0 0.205057 0.253495 0.002833 0.003474
0 0.215631 0.255409 0.002767 0.003415
0 0.307423 0.170415 0.002899 0.002914
0 0.292567 0.170350 0.002609 0.002785
0 0.286769 0.165591 0.002609 0.002979
0 0.283508 0.165526 0.002754 0.003756
0 0.280827 0.167242 0.002609 0.003044
0 0.296218 0.203977 0.002168 0.003107
0 0.293682 0.205586 0.002495 0.002961
0 0.290430 0.206189 0.002291 0.002998
0 0.239959 0.268381 0.002391 0.003432
0 0.265685 0.258732 0.002391 0.003432
0 0.294201 0.261516 0.002609 0.002914
0 0.301592 0.279617 0.002319 0.003238
0 0.304890 0.283373 0.002391 0.003109
0 0.322934 0.285607 0.002536 0.003044
0 0.329275 0.279067 0.003044 0.002914
0 0.276265 0.295807 0.002971 0.003627
0 0.282601 0.310366 0.002613 0.002092
0 0.285813 0.312385 0.002722 0.003211
0 0.283309 0.312434 0.002613 0.002627
0 0.284017 0.315280 0.002505 0.002676
0 0.262885 0.329113 0.001859 0.002931
0 0.265251 0.330548 0.002130 0.003082
0 0.235415 0.361196 0.002341 0.003309
0 0.208951 0.330461 0.002240 0.003356
0 0.212904 0.347976 0.002240 0.002473
0 0.203648 0.347564 0.003887 0.002826
0 0.205756 0.347004 0.002438 0.002532
0 0.270284 0.384078 0.002120 0.002360
0 0.273965 0.381586 0.002566 0.002492
0 0.277591 0.386870 0.002231 0.002692
0 0.285419 0.390509 0.002120 0.002991
0 0.288896 0.390393 0.002975 0.003224
0 0.309702 0.394314 0.002715 0.002958
0 0.312621 0.394131 0.002901 0.002459
0 0.329579 0.395816 0.002130 0.003565
0 0.334819 0.397493 0.002738 0.002145
0 0.348172 0.401798 0.002333 0.002961
0 0.350911 0.404472 0.002400 0.002870
0 0.357300 0.403036 0.002941 0.003202
0 0.307076 0.353834 0.003830 0.002426
0 0.350261 0.302370 0.002391 0.003238
0 0.333403 0.258699 0.002413 0.003473
0 0.350911 0.247183 0.002250 0.003473
0 0.360728 0.240220 0.002986 0.003290
0 0.378711 0.228194 0.002400 0.003293
0 0.406393 0.228315 0.002265 0.002779
0 0.416535 0.227408 0.003212 0.002417
0 0.421082 0.231487 0.002164 0.003142
0 0.422603 0.231275 0.002434 0.002961
0 0.427556 0.233390 0.002333 0.002961
0 0.430041 0.235460 0.002231 0.002689
0 0.433320 0.233632 0.002096 0.002659
0 0.431613 0.228420 0.002333 0.003051
0 0.427184 0.223692 0.002603 0.003444
0 0.433624 0.222091 0.001961 0.003625
0 0.436126 0.220309 0.002772 0.002840
0 0.438002 0.226275 0.002333 0.002931
0 0.442769 0.221064 0.002468 0.002779
0 0.440808 0.216593 0.002941 0.003384
0 0.446352 0.223013 0.002130 0.003051
0 0.451204 0.218813 0.002772 0.003474
0 0.401638 0.201202 0.002430 0.003378
0 0.433226 0.183188 0.002790 0.003780
0 0.435610 0.188556 0.002610 0.002855
0 0.415362 0.188857 0.002880 0.003378
0 0.460220 0.212850 0.002268 0.003390
0 0.443187 0.249522 0.002160 0.003659
0 0.446877 0.240153 0.002700 0.002453
0 0.448137 0.235267 0.002340 0.003217
0 0.442287 0.233699 0.003600 0.002654
0 0.451241 0.233417 0.002070 0.003217
0 0.457158 0.237680 0.002565 0.002654
0 0.454414 0.245561 0.002745 0.002734
0 0.449711 0.250346 0.002160 0.002815
0 0.370112 0.323260 0.002438 0.003709
0 0.379489 0.336156 0.002385 0.003297
0 0.420504 0.339132 0.002790 0.003458
0 0.422641 0.337764 0.002475 0.003297
0 0.418254 0.335412 0.003240 0.003177
0 0.422641 0.334507 0.001935 0.002895
0 0.424283 0.334246 0.002340 0.003498
0 0.450181 0.330561 0.003158 0.002725
0 0.424765 0.322824 0.002945 0.003729
0 0.427015 0.311876 0.002700 0.003180
0 0.430880 0.309134 0.002741 0.003327
0 0.433560 0.313740 0.002291 0.002742
0 0.435993 0.281896 0.001980 0.003217
0 0.436870 0.288571 0.002565 0.003056
0 0.520743 0.482772 0.002475 0.003780
0 0.534557 0.481083 0.002565 0.003056
0 0.533432 0.469200 0.002745 0.002212
0 0.543728 0.455819 0.003144 0.003202
0 0.529293 0.452692 0.002468 0.003414
0 0.506356 0.440652 0.003240 0.003418
0 0.520890 0.431081 0.002610 0.003740
0 0.488604 0.431604 0.002475 0.003177
0 0.487907 0.428468 0.002700 0.002614
0 0.484330 0.443849 0.004185 0.002413
0 0.470923 0.442407 0.001927 0.002598
0 0.453428 0.442860 0.002299 0.002477
0 0.455118 0.438917 0.001893 0.002568
0 0.453563 0.438313 0.001893 0.002266
0 0.450841 0.437407 0.001995 0.002749
0 0.434369 0.431362 0.002082 0.002625
0 0.434294 0.433754 0.002901 0.002360
0 0.424774 0.427540 0.001785 0.002426
0 0.415275 0.424922 0.002705 0.002387
0 0.412925 0.425390 0.002603 0.002236
0 0.406620 0.417430 0.001961 0.002145
0 0.406198 0.415239 0.002333 0.002538
0 0.409494 0.419937 0.002705 0.003172
0 0.398118 0.415088 0.002738 0.001994
0 0.389379 0.408371 0.003811 0.001814
0 0.409449 0.401537 0.002376 0.003273
0 0.401555 0.392093 0.003712 0.003052
0 0.407172 0.384795 0.002376 0.003317
0 0.433826 0.377895 0.002722 0.002344
0 0.434569 0.383158 0.002425 0.002875
0 0.436623 0.384220 0.002772 0.002787
0 0.435039 0.388090 0.002376 0.002477
0 0.424372 0.373560 0.002722 0.003406
0 0.427713 0.378337 0.002178 0.002521
0 0.430114 0.378160 0.002425 0.002610
0 0.430411 0.374533 0.002425 0.002610
0 0.459336 0.397021 0.002767 0.003474
0 0.463773 0.386300 0.001935 0.002574
0 0.464043 0.388612 0.002205 0.002855
0 0.485146 0.389878 0.002565 0.003217
0 0.789182 0.455218 0.003926 0.003793
0 0.887951 0.440006 0.002833 0.003356
0 0.875006 0.434324 0.002635 0.002944
0 0.840155 0.433353 0.002899 0.003591
0 0.722513 0.423500 0.003096 0.003179
0 0.655769 0.410342 0.003332 0.002743
0 0.658268 0.403407 0.003069 0.003448
0 0.618615 0.391507 0.002965 0.003650
0 0.626982 0.395952 0.002965 0.003238
0 0.636563 0.405966 0.002745 0.002815
0 0.647564 0.407554 0.003420 0.002372
0 0.664618 0.401603 0.002250 0.003418
0 0.668825 0.399170 0.002745 0.003217
0 0.673730 0.397702 0.003825 0.002292
0 0.680614 0.392796 0.002385 0.003016
0 0.683292 0.394103 0.002340 0.002815
0 0.721769 0.392642 0.002216 0.003265
0 0.739782 0.380587 0.002231 0.002538
0 0.739850 0.382898 0.002096 0.002749
0 0.605676 0.369695 0.002391 0.002921
0 0.609860 0.358575 0.002336 0.003158
0 0.626540 0.353089 0.002396 0.003104
0 0.622737 0.364917 0.002575 0.002997
0 0.636691 0.365345 0.002456 0.002997
0 0.649987 0.363739 0.003773 0.003211
0 0.669810 0.356568 0.002456 0.003425
0 0.676279 0.356621 0.002575 0.003532
0 0.683555 0.366041 0.003713 0.003318
0 0.702361 0.350306 0.002755 0.002997
0 0.674278 0.337801 0.002886 0.003309
0 0.675693 0.339699 0.003212 0.003211
0 0.669078 0.336974 0.002178 0.003114
0 0.665430 0.333836 0.002396 0.002968
0 0.662599 0.330697 0.002613 0.003017
0 0.659278 0.325953 0.002613 0.002871
0 0.667472 0.319823 0.002123 0.002968
0 0.669242 0.304204 0.002396 0.002968
0 0.671392 0.314762 0.002341 0.002773
0 0.655194 0.308972 0.002831 0.002871
0 0.663579 0.293621 0.002178 0.003114
0 0.560137 0.280067 0.002319 0.003821
0 0.569666 0.277120 0.002536 0.003627
0 0.544701 0.293926 0.002464 0.003303
0 0.520943 0.255021 0.002536 0.002720
0 0.525689 0.250488 0.002609 0.002849
0 0.529784 0.245113 0.002971 0.002202
0 0.517283 0.252398 0.002174 0.002914
0 0.505953 0.197294 0.002396 0.002725
0 0.511833 0.199776 0.002178 0.003698
0 0.520735 0.202233 0.002777 0.002773
0 0.525663 0.203790 0.002940 0.003260
0 0.539002 0.199606 0.002505 0.002871
0 0.538730 0.202379 0.002396 0.002481
0 0.542568 0.202768 0.002450 0.002773
0 0.569443 0.227482 0.002536 0.003109
0 0.579262 0.254099 0.002319 0.002979
0 0.581203 0.267020 0.002178 0.003017
0 0.609924 0.263785 0.002014 0.003163
0 0.604343 0.257970 0.002287 0.003309
0 0.603499 0.256754 0.002886 0.002044
0 0.618444 0.260744 0.002396 0.002919
0 0.626530 0.258384 0.002232 0.002481
0 0.627700 0.260719 0.001742 0.002092
0 0.623127 0.274659 0.002396 0.003211
0 0.617056 0.273929 0.003430 0.002141
0 0.621956 0.279987 0.003103 0.002579
0 0.641148 0.268626 0.002505 0.003309
0 0.637773 0.257046 0.002940 0.002433
0 0.622419 0.250185 0.002505 0.002725
0 0.619969 0.248701 0.002831 0.002287
0 0.617982 0.253056 0.003430 0.002433
0 0.610822 0.241452 0.002178 0.002579
0 0.603853 0.236318 0.002722 0.002238
0 0.654705 0.258262 0.002069 0.002433
0 0.657646 0.266193 0.003158 0.003114
0 0.656747 0.251475 0.002341 0.002676
0 0.668916 0.249529 0.003376 0.002481
0 0.679506 0.251694 0.003430 0.001849
0 0.813590 0.385359 0.002618 0.002303
0 0.822221 0.388320 0.001963 0.002888
0 0.825166 0.390989 0.002536 0.002230
0 0.838256 0.388448 0.002454 0.002998
0 0.844535 0.383403 0.002904 0.003582
0 0.793367 0.373210 0.002450 0.002822
0 0.799955 0.370997 0.001906 0.002871
0 0.803276 0.360438 0.002777 0.003455
0 0.796851 0.360608 0.002014 0.002725
0 0.790318 0.353115 0.002559 0.003211
0 0.784737 0.349856 0.002396 0.003017
0 0.769628 0.364014 0.002995 0.003309
0 0.768807 0.332811 0.002777 0.002725
0 0.761838 0.338139 0.002559 0.003455
0 0.749125 0.331303 0.002287 0.003503
0 0.737229 0.330403 0.003103 0.004038
0 0.741094 0.324977 0.002450 0.003309
0 0.757809 0.320744 0.002450 0.002627
0 0.720802 0.332588 0.002681 0.003432
0 0.702033 0.344666 0.001957 0.002720
0 0.702866 0.317369 0.002899 0.003173
0 0.687467 0.303802 0.002391 0.003627
0 0.716880 0.313777 0.002250 0.003136
0 0.732292 0.306841 0.002835 0.002775
0 0.735486 0.304931 0.003105 0.002332
0 0.670267 0.218371 0.003426 0.002002
0 0.670794 0.220578 0.003162 0.002649
0 0.656267 0.219842 0.002965 0.002826
0 0.661702 0.227349 0.002635 0.003003
0 0.666709 0.228762 0.003557 0.001943
0 0.667664 0.231764 0.003887 0.002178
0 0.677151 0.229115 0.003492 0.003474
0 0.675702 0.233354 0.002042 0.003474
0 0.679358 0.239094 0.002503 0.002590
0 0.668224 0.235621 0.002503 0.003532
0 0.698924 0.220225 0.004216 0.002178
0 0.714077 0.231970 0.002503 0.003650
0 0.716778 0.237357 0.004348 0.002885
0 0.713088 0.249662 0.003557 0.001943
0 0.716712 0.248220 0.002767 0.002944
0 0.727351 0.247984 0.003360 0.002002
0 0.729888 0.245129 0.002108 0.002767
0 0.708411 0.248779 0.004875 0.003238
0 0.703832 0.247984 0.003492 0.002355
0 0.710289 0.264851 0.002306 0.002885
0 0.637394 0.316876 0.002631 0.002636
0 0.660112 0.309966 0.002631 0.002493
0 0.642262 0.300757 0.002767 0.003238
0 0.640812 0.297490 0.002240 0.003297
0 0.635246 0.290572 0.002965 0.003003
0 0.648059 0.279857 0.004216 0.003238
0 0.654482 0.284773 0.002569 0.003179
0 0.660774 0.283507 0.003821 0.002414
0 0.665254 0.271497 0.003162 0.003356
0 0.671446 0.272910 0.003821 0.002767
0 0.668976 0.275707 0.004150 0.002944
0 0.671150 0.281211 0.003492 0.002414
0 0.676453 0.281241 0.002372 0.003532
0 0.676124 0.287481 0.002635 0.002826
0 0.678561 0.288188 0.002767 0.003179
0 0.684062 0.282212 0.002701 0.002532
0 0.684491 0.284361 0.002372 0.002237
0 0.688674 0.278415 0.003492 0.003061
0 0.680670 0.274971 0.002635 0.003356
0 0.697765 0.281771 0.002174 0.003179
0 0.703464 0.282271 0.002635 0.002649
0 0.703497 0.278915 0.002438 0.003003
0 0.715298 0.275642 0.003189 0.002655
0 0.716566 0.278783 0.002681 0.002072
0 0.723994 0.285388 0.003044 0.002202
0 0.723306 0.267352 0.002826 0.003562
0 0.727219 0.267870 0.004710 0.002655
0 0.733379 0.265507 0.003261 0.003109
0 0.735589 0.268745 0.003044 0.002720
0 0.735661 0.271756 0.004203 0.002526
0 0.741791 0.279449 0.003313 0.002356
0 0.743582 0.283406 0.002705 0.002779
0 0.742467 0.288119 0.002299 0.002719
0 0.744140 0.290627 0.002671 0.002779
0 0.749938 0.295838 0.002299 0.003233
0 0.764796 0.304434 0.003617 0.001994
0 0.778808 0.298261 0.002940 0.003941
0 0.774289 0.293663 0.002831 0.003017
0 0.771431 0.292788 0.002450 0.002919
0 0.770532 0.295172 0.002396 0.002627
0 0.774588 0.298140 0.002777 0.002919
0 0.793743 0.306212 0.003376 0.003965
0 0.794322 0.296644 0.002411 0.003793
0 0.788583 0.313797 0.002508 0.002758
0 0.785689 0.281818 0.002894 0.003448
0 0.774597 0.286387 0.002894 0.003275
0 0.790560 0.270354 0.003762 0.002931
0 0.809562 0.264924 0.003183 0.002586
0 0.809282 0.255439 0.002655 0.002775
0 0.799498 0.195935 0.003492 0.002296
0 0.798740 0.189783 0.002635 0.003297
0 0.790637 0.187104 0.002372 0.002649
0 0.788397 0.188841 0.001845 0.002473
0 0.789880 0.193609 0.002306 0.003061
0 0.786981 0.179921 0.002833 0.003003
0 0.785762 0.173386 0.003689 0.002767
0 0.798148 0.171944 0.003426 0.001884
0 0.799795 0.169324 0.002503 0.002296
0 0.804505 0.170001 0.003360 0.002355
0 0.818241 0.171591 0.003294 0.002708
0 0.791428 0.169589 0.002240 0.002002
0 0.792778 0.171237 0.002174 0.002473
