0 0.068468 0.166698 0.003080 0.003310
0 0.081300 0.171324 0.002613 0.002716
0 0.091272 0.164558 0.002104 0.002609
0 0.091085 0.192603 0.002083 0.002806
0 0.091923 0.123880 0.001951 0.002469
0 0.109273 0.125655 0.002036 0.002469
0 0.119921 0.133410 0.002291 0.002546
0 0.133453 0.136419 0.002206 0.003009
0 0.136805 0.125809 0.002291 0.002006
0 0.707579 0.204519 0.002121 0.002701
0 0.715130 0.207914 0.002291 0.002392
0 0.730402 0.225044 0.002460 0.003009
0 0.752491 0.173602 0.002202 0.003109
0 0.757097 0.172047 0.002144 0.003268
0 0.784536 0.179716 0.001970 0.002793
0 0.786449 0.182904 0.001854 0.002741
0 0.786449 0.187437 0.003361 0.002530
0 0.798299 0.197002 0.002608 0.002477
0 0.797575 0.214078 0.001970 0.002899
0 0.802269 0.220481 0.002666 0.003795
0 0.757747 0.164221 0.001928 0.002245
0 0.783393 0.154891 0.002468 0.003087
0 0.787249 0.150752 0.002314 0.002666
0 0.790643 0.167132 0.002622 0.001613
0 0.797237 0.162502 0.001774 0.002595
0 0.813589 0.173445 0.002237 0.002595
0 0.832810 0.175003 0.002053 0.002334
0 0.831065 0.178084 0.002259 0.002894
0 0.858167 0.185040 0.002669 0.003361
0 0.869049 0.169914 0.002669 0.003361
0 0.846669 0.198952 0.002874 0.002614
0 0.863557 0.222713 0.001951 0.003081
0 0.845498 0.150756 0.002376 0.001929
0 0.864631 0.144968 0.004327 0.002546
0 0.773055 0.193557 0.002777 0.002245
0 0.653546 0.148297 0.002885 0.003241
0 0.406731 0.231108 0.002405 0.003964
0 0.387717 0.267334 0.002856 0.002871
