0 0.973564 0.345334 0.002944 0.003894
0 0.970717 0.345245 0.003926 0.004071
0 0.904469 0.328252 0.002944 0.004425
0 0.881994 0.326747 0.003926 0.003540
0 0.902506 0.366930 0.003337 0.004248
0 0.890140 0.376488 0.003337 0.004248
0 0.890042 0.383746 0.004318 0.003894
0 0.867174 0.369231 0.002944 0.003540
0 0.852943 0.360026 0.002748 0.004248
0 0.834295 0.357017 0.003926 0.004248
0 0.815746 0.365071 0.002944 0.004779
0 0.792681 0.367726 0.004711 0.003009
0 0.789148 0.382064 0.003141 0.004425
0 0.916104 0.394513 0.003569 0.004345
0 0.765045 0.379751 0.003887 0.003310
0 0.766016 0.383646 0.002375 0.003700
0 0.763425 0.385495 0.003239 0.003894
0 0.759863 0.385885 0.003455 0.003505
0 0.755760 0.392310 0.003023 0.003894
0 0.992169 0.304636 0.003477 0.006272
0 0.364414 0.402091 0.003887 0.004089
0 0.369704 0.407543 0.002807 0.003700
0 0.350919 0.401214 0.004102 0.003115
0 0.338180 0.403454 0.004534 0.002921
0 0.199153 0.334191 0.006610 0.003628
0 0.051712 0.339704 0.005690 0.007127
0 0.086242 0.325977 0.004742 0.005131
0 0.151838 0.356909 0.005058 0.004846
