0 0.108409 0.314954 0.003514 0.003174
0 0.122466 0.313554 0.002894 0.003548
0 0.121846 0.305291 0.002067 0.003268
0 0.110424 0.298709 0.002171 0.003735
0 0.110993 0.290679 0.001861 0.003735
0 0.125102 0.281949 0.003204 0.003268
0 0.146137 0.288765 0.003101 0.003455
0 0.109959 0.273266 0.003101 0.002894
0 0.082671 0.264069 0.003101 0.002988
0 0.071508 0.271632 0.002687 0.003548
0 0.082878 0.253239 0.002481 0.002988
0 0.034348 0.202821 0.005065 0.002801
0 0.059621 0.189329 0.003514 0.003455
0 0.070887 0.204175 0.004341 0.002147
0 0.081069 0.196845 0.002791 0.003548
0 0.093938 0.195071 0.002067 0.003174
0 0.085408 0.212121 0.003101 0.001698
0 0.103544 0.213436 0.004792 0.003141
0 0.121727 0.203081 0.002819 0.003310
0 0.123794 0.198795 0.002631 0.002546
0 0.127506 0.214073 0.002725 0.003056
0 0.131076 0.229691 0.002725 0.003735
0 0.151655 0.225659 0.003101 0.003141
0 0.157763 0.238051 0.003289 0.001952
0 0.137983 0.248109 0.003383 0.003735
0 0.161262 0.263367 0.002567 0.003594
0 0.161647 0.271744 0.002952 0.003420
0 0.171467 0.273628 0.002182 0.003826
0 0.174227 0.270701 0.003209 0.004348
0 0.179586 0.275976 0.002375 0.002493
0 0.187224 0.281078 0.003530 0.002609
0 0.192519 0.284672 0.003979 0.001913
0 0.176249 0.288122 0.003402 0.003247
0 0.163958 0.292817 0.002439 0.002667
0 0.242901 0.334580 0.001879 0.002801
0 0.256104 0.325795 0.002349 0.003735
0 0.265108 0.288818 0.002349 0.003056
0 0.267692 0.287163 0.002631 0.002801
0 0.164865 0.213328 0.002904 0.003935
0 0.175970 0.208120 0.003246 0.002315
0 0.164438 0.215874 0.002221 0.003009
0 0.195752 0.224708 0.001984 0.003373
0 0.196452 0.230295 0.002217 0.003057
0 0.206167 0.230875 0.002159 0.003057
0 0.218886 0.237173 0.002626 0.003426
0 0.229301 0.242232 0.002451 0.002793
0 0.234115 0.240203 0.002392 0.003162
0 0.247213 0.241916 0.002684 0.002161
0 0.256607 0.251455 0.003034 0.003004
0 0.293307 0.262207 0.002684 0.002688
0 0.320059 0.271041 0.002407 0.002595
0 0.351511 0.265114 0.001786 0.002946
0 0.356015 0.263009 0.002097 0.003087
0 0.376090 0.280932 0.002174 0.002595
0 0.373961 0.286437 0.002228 0.002731
0 0.372873 0.293504 0.002387 0.002683
0 0.381652 0.302823 0.001910 0.003018
0 0.404964 0.291228 0.003660 0.002731
0 0.323858 0.371251 0.002718 0.003157
0 0.346574 0.372304 0.003106 0.003297
0 0.446357 0.364348 0.001964 0.002708
0 0.446718 0.366588 0.002481 0.002334
0 0.447649 0.358092 0.002481 0.002708
0 0.466151 0.353751 0.002481 0.002801
0 0.435081 0.294256 0.003246 0.004090
0 0.456138 0.286926 0.004186 0.002083
0 0.464467 0.284534 0.002734 0.003318
0 0.473693 0.277358 0.002221 0.002238
0 0.475957 0.278901 0.001794 0.003009
0 0.481296 0.280714 0.002563 0.002315
0 0.499705 0.288392 0.001794 0.003318
0 0.486677 0.306332 0.001879 0.002778
0 0.492743 0.316248 0.002221 0.002855
0 0.520207 0.313778 0.002136 0.003164
0 0.533875 0.297227 0.002477 0.003549
0 0.542417 0.290938 0.002990 0.002546
0 0.550789 0.294796 0.002477 0.003627
0 0.571548 0.296957 0.003673 0.003318
0 0.585806 0.308184 0.002276 0.002741
0 0.583385 0.297749 0.003151 0.002846
0 0.603427 0.328527 0.002742 0.002741
0 0.620493 0.338330 0.001867 0.003584
0 0.569580 0.370868 0.002537 0.002801
0 0.632234 0.353907 0.001925 0.003247
0 0.660666 0.357357 0.002567 0.003189
0 0.632346 0.402636 0.002819 0.002801
0 0.689291 0.398901 0.002631 0.002801
0 0.698527 0.336794 0.002687 0.002988
0 0.716202 0.338661 0.001861 0.003361
0 0.717288 0.340669 0.003411 0.001961
0 0.741010 0.340389 0.002067 0.002708
0 0.705918 0.291044 0.002171 0.003921
0 0.764194 0.339343 0.002161 0.002461
0 0.774248 0.341380 0.002161 0.003480
0 0.816581 0.332552 0.002631 0.003480
0 0.812164 0.324107 0.002255 0.003565
0 0.819353 0.311672 0.002349 0.003141
0 0.793888 0.296139 0.002537 0.003141
0 0.786605 0.272288 0.003383 0.003310
0 0.821561 0.267493 0.002255 0.003056
0 0.811788 0.289943 0.002255 0.003480
0 0.823206 0.291598 0.002537 0.003056
0 0.838569 0.297837 0.002819 0.003650
0 0.849235 0.306494 0.002537 0.003310
0 0.868451 0.307173 0.002819 0.003310
0 0.868921 0.321942 0.003007 0.002122
0 0.883392 0.286378 0.003195 0.002631
0 0.888513 0.282431 0.002725 0.003225
0 0.868404 0.268596 0.002537 0.003056
0 0.917690 0.274283 0.003383 0.003225
0 0.946022 0.278442 0.002161 0.003056
0 0.951707 0.271991 0.002255 0.003225
0 0.927510 0.258750 0.004604 0.002546
0 0.907824 0.292362 0.002631 0.003395
0 0.940665 0.305094 0.002725 0.003565
0 0.948418 0.302420 0.004323 0.001782
0 0.968104 0.275641 0.002349 0.002716
0 0.972567 0.271227 0.002067 0.003565
0 0.868686 0.251281 0.003665 0.002207
0 0.891426 0.246697 0.003289 0.002037
0 0.900400 0.242241 0.003195 0.003141
0 0.947995 0.239185 0.002725 0.003310
0 0.590020 0.242083 0.002171 0.002614
