0 0.017580 0.028224 0.010359 0.006920
0 0.366089 0.079579 0.005647 0.004957
0 0.359531 0.093591 0.004189 0.005910
0 0.337674 0.165937 0.006375 0.004575
0 0.348646 0.168473 0.003393 0.002604
0 0.364310 0.180842 0.004185 0.005682
0 0.341690 0.184571 0.003958 0.007457
0 0.338241 0.174509 0.002488 0.005918
0 0.358599 0.149474 0.005203 0.002486
0 0.354527 0.137045 0.005203 0.002486
0 0.353396 0.219549 0.005203 0.002486
0 0.357807 0.232688 0.005203 0.002486
0 0.357284 0.236034 0.004730 0.002260
0 0.347002 0.249270 0.004730 0.002260
0 0.343866 0.230977 0.004421 0.004520
0 0.354508 0.225543 0.004730 0.003228
0 0.358209 0.227910 0.004730 0.003228
0 0.369776 0.285790 0.005156 0.005397
0 0.378284 0.318124 0.003953 0.002698
0 0.400498 0.333594 0.005242 0.004407
0 0.391475 0.329232 0.004039 0.005397
0 0.420651 0.329682 0.001719 0.004407
0 0.444971 0.326713 0.004297 0.002069
0 0.462295 0.313223 0.003906 0.001881
0 0.469212 0.307564 0.005199 0.002503
0 0.461309 0.316924 0.005199 0.002503
0 0.422012 0.287825 0.003906 0.001881
0 0.182871 0.345251 0.004053 0.004242
0 0.190976 0.345444 0.004053 0.004627
0 0.195476 0.342162 0.003906 0.003925
0 0.198132 0.341345 0.003906 0.003925
0 0.190945 0.338074 0.003906 0.001799
0 0.199812 0.366774 0.004766 0.001799
0 0.198797 0.368328 0.004766 0.001799
0 0.189812 0.392203 0.004766 0.001799
0 0.202937 0.396782 0.004766 0.001799
0 0.208640 0.406185 0.004766 0.001799
0 0.225515 0.417306 0.004766 0.001799
0 0.258406 0.414771 0.004766 0.001799
0 0.261062 0.405613 0.004766 0.001799
0 0.267547 0.404714 0.005391 0.004824
0 0.245515 0.410110 0.004297 0.004988
0 0.254109 0.411909 0.004766 0.002453
0 0.202078 0.399767 0.004766 0.003352
0 0.197000 0.397559 0.004766 0.003352
0 0.205984 0.374992 0.004766 0.003352
0 0.391110 0.048523 0.007675 0.005399
0 0.401709 0.019831 0.004766 0.003352
0 0.289047 0.393415 0.004766 0.003352
0 0.331078 0.354168 0.004766 0.003352
0 0.339360 0.355067 0.004766 0.003352
0 0.346235 0.373137 0.004766 0.003352
0 0.365922 0.376571 0.004766 0.003352
0 0.329516 0.377144 0.004766 0.003352
0 0.330063 0.401510 0.004766 0.003352
0 0.318891 0.431845 0.004766 0.003352
0 0.332641 0.432091 0.004766 0.003352
0 0.326977 0.391657 0.002344 0.004906
0 0.323539 0.393456 0.002344 0.004906
0 0.340258 0.417986 0.002344 0.004906
0 0.343618 0.419948 0.002344 0.004906
0 0.309455 0.359300 0.002344 0.004906
0 0.408545 0.416120 0.002344 0.004906
0 0.410381 0.400134 0.005703 0.004415
0 0.396904 0.362072 0.005781 0.005478
0 0.227876 0.457802 0.005672 0.002968
0 0.297623 0.456970 0.005156 0.002698
0 0.302607 0.451394 0.005156 0.002698
0 0.256459 0.461917 0.005156 0.002698
0 0.267717 0.472351 0.005156 0.002698
0 0.259811 0.474779 0.005156 0.002698
0 0.272959 0.481974 0.005156 0.002698
0 0.272787 0.487191 0.005156 0.002698
0 0.257404 0.471811 0.005156 0.002698
0 0.333803 0.462907 0.005156 0.002698
0 0.332772 0.488630 0.005156 0.002698
0 0.404529 0.458499 0.005156 0.002698
0 0.413467 0.473340 0.005156 0.002698
0 0.432201 0.487281 0.005156 0.002698
0 0.284442 0.657859 0.006239 0.003265
0 0.284442 0.644473 0.006239 0.003265
0 0.283090 0.668633 0.006239 0.003265
0 0.276643 0.673313 0.006239 0.003265
0 0.273600 0.680475 0.005156 0.002698
0 0.290100 0.604293 0.005156 0.002698
0 0.287436 0.607621 0.005156 0.002698
0 0.285889 0.611668 0.005156 0.002698
0 0.280174 0.664150 0.003008 0.004587
0 0.284643 0.635188 0.003008 0.004587
0 0.285459 0.624440 0.003609 0.004857
0 0.290401 0.619583 0.004039 0.004857
0 0.317305 0.574189 0.004039 0.004857
0 0.321344 0.570681 0.004039 0.004857
0 0.325813 0.571805 0.004039 0.001709
0 0.335782 0.552827 0.004039 0.001709
0 0.316446 0.569467 0.004039 0.001709
0 0.297969 0.566319 0.004039 0.001709
0 0.311977 0.550849 0.004039 0.001709
0 0.303813 0.559933 0.004039 0.001709
0 0.314126 0.543294 0.004039 0.001709
0 0.324782 0.540955 0.004039 0.001709
0 0.314899 0.537537 0.004039 0.001709
0 0.322118 0.517300 0.004039 0.001709
0 0.322633 0.514152 0.004039 0.001709
0 0.320743 0.515681 0.004039 0.001709
0 0.266387 0.548870 0.004125 0.004857
0 0.265141 0.546262 0.004039 0.001709
0 0.254657 0.528363 0.004039 0.002608
0 0.251477 0.529982 0.004039 0.002608
0 0.260157 0.513972 0.004039 0.002608
0 0.239962 0.510914 0.004039 0.002608
0 0.232793 0.392702 0.009135 0.006229
0 0.263519 0.504529 0.004429 0.005939
0 0.336111 0.534006 0.005951 0.004925
0 0.283933 0.748969 0.006228 0.004346
0 0.285594 0.753387 0.005675 0.004490
0 0.295766 0.771929 0.005813 0.004780
0 0.289262 0.783734 0.006367 0.004925
0 0.295559 0.794816 0.006228 0.004490
0 0.290350 0.490320 0.007308 0.004940
0 0.340134 0.487373 0.005481 0.004461
0 0.261485 0.850912 0.010053 0.008982
0 0.337573 0.565022 0.006228 0.008546
0 0.480127 0.080705 0.011274 0.007142
0 0.329266 0.895630 0.006824 0.009315
0 0.319772 0.894543 0.008010 0.007763
0 0.667474 0.027719 0.006375 0.007955
0 0.745444 0.045426 0.006375 0.008982
0 0.554233 0.569342 0.007282 0.005081
0 0.576349 0.560027 0.006743 0.005081
0 0.588486 0.556640 0.007822 0.005646
0 0.784091 0.718265 0.007539 0.007139
