0 0.858897 0.870366 0.002396 0.003650
0 0.857938 0.873676 0.002204 0.003650
0 0.853913 0.867862 0.002779 0.003056
0 0.846294 0.873040 0.002684 0.003735
0 0.832301 0.879575 0.003067 0.002886
0 0.828467 0.879745 0.003642 0.002207
0 0.827365 0.875459 0.002396 0.002631
0 0.824011 0.879024 0.002779 0.002801
0 0.813660 0.883395 0.003354 0.002886
0 0.807814 0.876774 0.003163 0.002716
0 0.804172 0.874992 0.002396 0.003735
0 0.798229 0.878005 0.002588 0.003989
0 0.792239 0.874483 0.002684 0.002716
0 0.785195 0.872997 0.002588 0.003480
0 0.780020 0.871045 0.002588 0.003141
0 0.776330 0.875416 0.002492 0.003735
0 0.783566 0.880806 0.004121 0.001952
0 0.765634 0.881635 0.002618 0.002846
0 0.766765 0.883322 0.002142 0.003057
0 0.755607 0.885325 0.002916 0.002951
0 0.751322 0.887854 0.004344 0.002635
0 0.747811 0.888144 0.003035 0.001950
0 0.733737 0.885799 0.002380 0.003478
0 0.726507 0.885193 0.003392 0.002161
0 0.712522 0.893783 0.002559 0.003637
0 0.704340 0.885430 0.002380 0.003689
0 0.723055 0.886405 0.004701 0.002688
0 0.693807 0.874204 0.003452 0.003162
0 0.681786 0.874547 0.003928 0.002899
0 0.676876 0.868749 0.002678 0.003320
0 0.677441 0.858762 0.002618 0.002530
0 0.676608 0.855653 0.002380 0.003373
0 0.667771 0.859711 0.002559 0.003900
0 0.662267 0.856865 0.002975 0.003795
0 0.645961 0.861028 0.002856 0.003900
0 0.626412 0.852622 0.003035 0.002477
0 0.611326 0.868381 0.003333 0.002266
0 0.612070 0.869935 0.003273 0.002635
0 0.602132 0.876418 0.002797 0.004111
0 0.591569 0.878895 0.002499 0.003478
0 0.586005 0.879027 0.003987 0.001845
0 0.549133 0.887197 0.002797 0.003320
0 0.547139 0.884061 0.002856 0.003268
0 0.541426 0.883349 0.003809 0.002477
0 0.292677 0.908249 0.002352 0.003549
0 0.897593 0.799208 0.002470 0.003691
0 0.887174 0.822583 0.003859 0.002324
0 0.949403 0.798953 0.003943 0.001849
