0 0.763057 0.848623 0.004162 0.002876
0 0.768237 0.847801 0.003607 0.003081
0 0.772491 0.839688 0.003977 0.004108
0 0.760784 0.833260 0.005087 0.003502
0 0.760682 0.829589 0.003256 0.003841
0 0.763836 0.825013 0.004273 0.003050
0 0.760682 0.821793 0.003866 0.002485
0 0.755137 0.815071 0.003764 0.002824
0 0.757020 0.811456 0.003866 0.003728
0 0.760275 0.812586 0.003663 0.003050
0 0.754222 0.828741 0.003357 0.003276
0 0.770856 0.802249 0.003663 0.002711
0 0.766837 0.791290 0.004578 0.002711
0 0.760580 0.792533 0.003663 0.003389
0 0.747558 0.798351 0.003866 0.002824
0 0.789881 0.797786 0.003256 0.004632
0 0.785150 0.779711 0.003561 0.003050
0 0.787795 0.778298 0.002543 0.003389
0 0.785455 0.772141 0.001933 0.002598
0 0.788151 0.773610 0.002442 0.001921
0 0.792984 0.769599 0.005392 0.004519
0 0.796595 0.759375 0.003052 0.004632
0 0.801224 0.749208 0.002340 0.002598
0 0.806006 0.742655 0.002747 0.002147
0 0.808855 0.742373 0.002950 0.003163
0 0.805396 0.737345 0.002543 0.002147
0 0.808600 0.728646 0.002442 0.001695
0 0.809516 0.724523 0.002645 0.003841
0 0.811500 0.723506 0.002950 0.002711
0 0.813636 0.722885 0.002747 0.003954
0 0.813992 0.714468 0.003052 0.002937
0 0.810279 0.710627 0.005189 0.003841
0 0.813789 0.699612 0.003052 0.002598
0 0.810482 0.695715 0.003968 0.002937
0 0.814298 0.690857 0.002849 0.003615
0 0.812263 0.686338 0.004680 0.003841
0 0.812822 0.682271 0.003968 0.002937
0 0.813279 0.678167 0.003370 0.003742
0 0.808699 0.663806 0.002753 0.001687
0 0.814418 0.666678 0.003370 0.002372
0 0.813279 0.663305 0.002895 0.002688
0 0.812234 0.664544 0.003085 0.002846
0 0.802265 0.585511 0.004767 0.004466
0 0.827364 0.631742 0.004022 0.003970
0 0.805020 0.470661 0.002497 0.002876
0 0.808812 0.467888 0.003237 0.003081
0 0.799471 0.468453 0.008231 0.003184
0 0.721471 0.198419 0.005749 0.004403
0 0.755373 0.188952 0.006146 0.004843
0 0.783328 0.185760 0.004560 0.002422
0 0.786103 0.189282 0.004560 0.002422
0 0.797730 0.179645 0.003561 0.002711
0 0.793864 0.175635 0.003357 0.002147
0 0.790660 0.172923 0.003256 0.003050
0 0.792389 0.171172 0.004273 0.003389
0 0.802461 0.153774 0.003866 0.002485
0 0.807090 0.149538 0.003357 0.003050
0 0.806378 0.151458 0.004171 0.002372
0 0.797222 0.156937 0.005189 0.002259
0 0.798900 0.158237 0.004883 0.002598
