0 0.947463 0.306209 0.005230 0.011000
0 0.966095 0.284820 0.008499 0.007333
0 0.990610 0.199572 0.009152 0.011611
0 0.970017 0.203850 0.005884 0.007944
0 0.967729 0.209961 0.006537 0.011611
0 0.972632 0.182767 0.007191 0.012222
0 0.970017 0.159239 0.005884 0.014055
0 0.982765 0.144267 0.005230 0.011000
0 0.978189 0.135712 0.003922 0.012222
0 0.974593 0.124101 0.007191 0.011000
0 0.981457 0.111268 0.007845 0.011000
0 0.961845 0.139684 0.010460 0.014055
0 0.941906 0.177267 0.005884 0.008555
0 0.926216 0.195294 0.007191 0.007944
0 0.952366 0.231044 0.007191 0.009778
0 0.938921 0.195198 0.002684 0.005645
0 0.935902 0.198177 0.004697 0.007840
0 0.919296 0.208368 0.003690 0.005645
0 0.907555 0.198490 0.005703 0.005331
0 0.908058 0.211348 0.004026 0.004077
0 0.907051 0.215581 0.003355 0.005645
0 0.900677 0.229222 0.004026 0.004704
0 0.888936 0.237219 0.005368 0.003763
0 0.888265 0.283944 0.003355 0.006272
0 0.879375 0.251330 0.004361 0.007526
0 0.859582 0.246627 0.004361 0.006272
0 0.859582 0.272968 0.004361 0.006272
0 0.852369 0.277515 0.004026 0.005331
0 0.833415 0.254780 0.003690 0.005645
0 0.840460 0.285982 0.003690 0.004077
0 0.939121 0.118837 0.003529 0.005890
0 0.887830 0.142751 0.004789 0.005183
0 0.861491 0.123902 0.003025 0.003298
0 0.846494 0.130735 0.002772 0.004712
0 0.846368 0.125551 0.003529 0.004241
0 0.847251 0.112711 0.002772 0.005890
0 0.841075 0.110355 0.003529 0.005890
0 0.838051 0.094334 0.003529 0.005419
0 0.834270 0.089975 0.003025 0.004712
0 0.835278 0.078430 0.005041 0.004712
0 0.800622 0.059228 0.003781 0.005419
0 0.780837 0.067475 0.004033 0.005419
0 0.790162 0.108706 0.004033 0.004477
0 0.789784 0.114949 0.003781 0.004712
0 0.750591 0.115892 0.004033 0.004241
0 0.766092 0.079019 0.003277 0.005419
0 0.760295 0.075603 0.004789 0.004241
0 0.746559 0.082436 0.004537 0.005183
0 0.729167 0.089150 0.003025 0.004948
0 0.719968 0.090917 0.004789 0.004712
0 0.703333 0.101520 0.005293 0.006597
0 0.685438 0.112829 0.003781 0.005183
0 0.676490 0.111415 0.003025 0.003770
0 0.674096 0.117423 0.003277 0.004477
0 0.653050 0.119190 0.004033 0.004712
0 0.647127 0.100224 0.004285 0.006361
0 0.633768 0.112357 0.003277 0.004712
0 0.626963 0.110355 0.003277 0.004948
0 0.618142 0.113300 0.004285 0.003770
0 0.621166 0.125905 0.003277 0.005890
0 0.613353 0.131206 0.006301 0.003298
0 0.625955 0.146402 0.003277 0.005890
0 0.643094 0.163248 0.003781 0.005183
0 0.654814 0.171966 0.003025 0.005183
0 0.660485 0.178445 0.003781 0.004948
0 0.669181 0.189990 0.003529 0.005419
0 0.702955 0.187987 0.004537 0.004241
0 0.734208 0.160303 0.004033 0.004477
0 0.740888 0.156298 0.002268 0.004948
0 0.682035 0.220500 0.004537 0.004712
0 0.679263 0.211312 0.004537 0.004712
0 0.674852 0.223092 0.002772 0.006126
0 0.685816 0.257844 0.002520 0.006361
0 0.699678 0.277517 0.003529 0.004712
0 0.692243 0.278224 0.003277 0.004712
0 0.720598 0.291418 0.003529 0.005183
0 0.734460 0.291300 0.003529 0.005419
0 0.739627 0.279637 0.003277 0.004241
0 0.774158 0.275986 0.003781 0.005890
0 0.780711 0.281758 0.004285 0.004241
0 0.786634 0.271627 0.002016 0.007068
0 0.771259 0.291653 0.003025 0.004712
0 0.761933 0.301078 0.003025 0.004712
0 0.746937 0.308146 0.002268 0.004241
0 0.750087 0.325581 0.004033 0.005183
0 0.748323 0.335005 0.005041 0.004241
0 0.753868 0.340895 0.005545 0.003298
0 0.763572 0.340777 0.003781 0.004477
0 0.833262 0.342191 0.003025 0.004477
0 0.827465 0.337714 0.002520 0.004005
0 0.806167 0.348788 0.002268 0.004948
0 0.915807 0.377532 0.003277 0.006361
0 0.900432 0.370463 0.003781 0.004477
0 0.761177 0.420176 0.003025 0.004948
0 0.737233 0.393317 0.002520 0.003534
0 0.717321 0.378356 0.003025 0.004241
0 0.708500 0.357741 0.003025 0.004477
0 0.701443 0.344311 0.002520 0.004948
0 0.707870 0.313800 0.003277 0.004712
0 0.706735 0.308146 0.004033 0.004241
0 0.675104 0.275986 0.003781 0.004005
0 0.671575 0.278224 0.003277 0.003770
0 0.672835 0.292007 0.002772 0.005419
0 0.647001 0.292125 0.003025 0.005183
0 0.659099 0.275632 0.002520 0.005183
0 0.635911 0.283054 0.003025 0.004005
0 0.623309 0.289769 0.003025 0.004712
0 0.598482 0.299546 0.003277 0.004005
0 0.586762 0.302727 0.003025 0.004241
0 0.571513 0.313094 0.004285 0.004712
0 0.558533 0.311680 0.003529 0.004712
0 0.537739 0.308499 0.004285 0.004948
0 0.556265 0.364102 0.004033 0.005890
0 0.523751 0.349377 0.003529 0.004712
0 0.608564 0.383540 0.003781 0.004241
0 0.626585 0.387545 0.003025 0.006126
0 0.645236 0.400385 0.003529 0.005419
0 0.648765 0.395791 0.003025 0.006126
0 0.792245 0.455692 0.002500 0.004478
0 0.674763 0.439822 0.004166 0.004284
0 0.667472 0.423271 0.003333 0.003894
0 0.595187 0.127940 0.002500 0.004868
0 0.589251 0.131055 0.002708 0.004478
0 0.586543 0.133002 0.002291 0.004868
0 0.579565 0.133002 0.003333 0.004868
0 0.577273 0.140986 0.003333 0.004478
0 0.564775 0.129108 0.002500 0.004089
0 0.565192 0.096007 0.002083 0.004478
0 0.564671 0.091820 0.003541 0.005063
0 0.567796 0.149261 0.003541 0.001947
0 0.566337 0.151987 0.002708 0.003894
0 0.545716 0.135923 0.003125 0.004868
0 0.534676 0.115673 0.003125 0.004868
0 0.516345 0.111973 0.003541 0.004089
0 0.503534 0.107300 0.004166 0.005257
0 0.484162 0.102919 0.004166 0.003894
0 0.513637 0.157147 0.003125 0.005257
0 0.498952 0.164936 0.003333 0.004868
0 0.489370 0.174672 0.002916 0.005257
0 0.440940 0.117036 0.001875 0.005257
0 0.436670 0.115089 0.002916 0.006036
0 0.411569 0.124630 0.003541 0.004478
0 0.504647 0.276595 0.004354 0.003213
0 0.485629 0.268778 0.002062 0.004284
0 0.486087 0.255819 0.003437 0.004070
0 0.446677 0.198846 0.003895 0.003641
0 0.466955 0.288483 0.002750 0.005140
0 0.461227 0.281093 0.003666 0.005355
0 0.453551 0.291374 0.002979 0.004926
0 0.425940 0.280451 0.003208 0.004926
0 0.425711 0.300477 0.003666 0.004712
0 0.401538 0.227761 0.002979 0.004070
0 0.382634 0.288804 0.002291 0.004926
0 0.378052 0.283557 0.003666 0.003855
0 0.400392 0.306796 0.004354 0.004926
0 0.375760 0.330142 0.002750 0.005355
0 0.358690 0.331213 0.002979 0.004926
0 0.344598 0.330999 0.003208 0.004498
0 0.332684 0.279701 0.003666 0.002570
0 0.291554 0.308831 0.002979 0.004712
0 0.265777 0.273383 0.003208 0.004498
0 0.261767 0.323502 0.003437 0.005355
0 0.222242 0.328964 0.003208 0.004712
0 0.226825 0.259461 0.003208 0.004926
0 0.209525 0.224869 0.003895 0.004284
0 0.235646 0.206021 0.003437 0.004712
0 0.217545 0.192955 0.003895 0.004284
0 0.210900 0.205592 0.003437 0.003427
0 0.193028 0.203879 0.002520 0.004284
0 0.185810 0.215231 0.003208 0.004712
0 0.213191 0.174321 0.003437 0.005569
0 0.189018 0.177106 0.002291 0.004712
0 0.185237 0.167253 0.002062 0.005140
0 0.176416 0.166718 0.002750 0.004926
0 0.158772 0.176463 0.002750 0.004712
0 0.134026 0.188565 0.003208 0.004498
0 0.167479 0.233330 0.003208 0.004498
0 0.174926 0.245860 0.005270 0.003855
0 0.181686 0.263851 0.003208 0.004284
0 0.195319 0.262888 0.002062 0.004926
0 0.174583 0.269099 0.003208 0.004498
0 0.153846 0.264173 0.002520 0.004926
0 0.156596 0.246716 0.003895 0.003427
0 0.141931 0.280558 0.003437 0.005997
0 0.098969 0.274882 0.002750 0.004070
0 0.098396 0.290089 0.003895 0.004926
0 0.127725 0.189528 0.003895 0.003855
0 0.120966 0.193491 0.002291 0.004926
0 0.101260 0.207306 0.003208 0.004712
0 0.090377 0.207306 0.002520 0.004284
0 0.084877 0.200666 0.002520 0.004712
0 0.087971 0.183960 0.002291 0.004284
0 0.048675 0.212446 0.004354 0.004284
0 0.012243 0.180747 0.003437 0.004712
0 0.006629 0.180854 0.002750 0.003641
0 0.003306 0.179890 0.002520 0.005140
0 0.046498 0.140373 0.003666 0.005783
0 0.040311 0.135660 0.003208 0.004498
0 0.021293 0.132126 0.002750 0.004712
0 0.009035 0.133411 0.003895 0.004284
0 0.011555 0.135768 0.003437 0.004284
0 0.085529 0.308726 0.003690 0.005331
0 0.088884 0.323778 0.005032 0.005958
0 0.104651 0.339615 0.005703 0.005017
0 0.180468 0.323935 0.005703 0.005645
0 0.181474 0.343064 0.004361 0.006272
0 0.188855 0.354353 0.005032 0.005645
0 0.438028 0.352889 0.004436 0.004924
