0 0.976157 0.692656 0.006615 0.004704
0 0.977201 0.686385 0.006615 0.008467
0 0.988517 0.676977 0.002785 0.004077
0 0.944820 0.689364 0.007312 0.008781
0 0.974590 0.655653 0.006267 0.004077
0 0.983890 0.638470 0.003924 0.004005
0 0.975519 0.648130 0.003401 0.004948
0 0.985983 0.672279 0.002878 0.007539
0 0.987291 0.669805 0.003924 0.006361
0 0.976042 0.628339 0.004447 0.006833
0 0.984021 0.623038 0.006278 0.005655
0 0.969241 0.615263 0.006017 0.007539
0 0.956422 0.607017 0.004970 0.007539
0 0.939026 0.605014 0.005232 0.004948
0 0.938503 0.598770 0.005755 0.005655
0 0.922807 0.595825 0.004709 0.006833
0 0.951321 0.644831 0.004186 0.005419
0 0.955769 0.647069 0.004709 0.003770
0 0.964009 0.651075 0.006017 0.003770
0 0.962962 0.653666 0.005494 0.002827
0 0.976435 0.642475 0.002616 0.004948
0 0.981928 0.629752 0.005232 0.003063
0 0.984936 0.628457 0.005494 0.003298
0 0.956422 0.652724 0.004970 0.003298
0 0.939157 0.646127 0.003401 0.004712
0 0.938503 0.643182 0.002616 0.004477
0 0.931048 0.642829 0.003924 0.005655
0 0.919276 0.635996 0.002878 0.005183
0 0.892201 0.604778 0.003139 0.006361
0 0.881998 0.586754 0.003662 0.005655
0 0.883045 0.616794 0.004186 0.005890
0 0.865780 0.611022 0.005232 0.006126
0 0.861071 0.609962 0.003139 0.006833
0 0.914175 0.693366 0.003662 0.004948
0 0.899133 0.689125 0.004447 0.006833
0 0.889716 0.689596 0.003924 0.006361
0 0.886707 0.688418 0.003662 0.006361
0 0.881214 0.688889 0.003662 0.005890
0 0.875066 0.690068 0.004447 0.006833
0 0.872058 0.685355 0.003139 0.006833
0 0.862902 0.690657 0.003662 0.006126
0 0.858062 0.697960 0.004447 0.005655
0 0.857016 0.688654 0.005494 0.006361
0 0.857408 0.682057 0.005232 0.005890
0 0.850215 0.685944 0.004970 0.008011
0 0.844590 0.685827 0.004186 0.005890
0 0.843021 0.664858 0.005232 0.008246
0 0.867088 0.702319 0.002616 0.005419
0 0.867088 0.705617 0.004186 0.005419
0 0.869703 0.704557 0.004186 0.005655
0 0.835412 0.695689 0.004756 0.006426
0 0.835888 0.674805 0.005232 0.006211
0 0.821143 0.691726 0.005232 0.004070
0 0.820311 0.699972 0.004518 0.005140
0 0.813652 0.699865 0.004043 0.005783
0 0.805448 0.697830 0.006659 0.004284
0 0.800097 0.695474 0.004043 0.003855
0 0.796530 0.696545 0.004043 0.004284
0 0.793438 0.697830 0.004994 0.006854
0 0.784877 0.691084 0.006897 0.007068
0 0.775126 0.696010 0.004043 0.006640
0 0.763711 0.702435 0.003092 0.006211
0 0.753842 0.700722 0.004281 0.005355
0 0.758004 0.691191 0.004518 0.005569
0 0.737670 0.687014 0.004281 0.005355
0 0.738027 0.680803 0.004043 0.006211
0 0.729228 0.682409 0.005470 0.006426
0 0.731606 0.696652 0.004518 0.006211
0 0.720667 0.701472 0.005470 0.005140
0 0.712581 0.684658 0.005470 0.005355
0 0.717218 0.673199 0.004756 0.006854
0 0.700928 0.690013 0.004994 0.005783
0 0.694983 0.690334 0.005945 0.006854
0 0.689275 0.685515 0.004043 0.007925
0 0.686065 0.683801 0.003805 0.007925
0 0.744448 0.655528 0.004518 0.006211
0 0.755150 0.648246 0.004043 0.005355
0 0.759549 0.635395 0.004281 0.006640
0 0.769062 0.635074 0.004756 0.005997
0 0.778812 0.636573 0.003805 0.005140
0 0.799502 0.633681 0.005708 0.007068
0 0.817338 0.634003 0.004281 0.006854
0 0.821381 0.612156 0.003329 0.006854
0 0.807826 0.610978 0.003805 0.006640
0 0.770489 0.615154 0.003805 0.004284
0 0.755744 0.617403 0.006659 0.004926
0 0.749086 0.613976 0.003805 0.006640
0 0.747540 0.636680 0.003092 0.005355
0 0.744805 0.638179 0.003329 0.003641
0 0.740168 0.635395 0.004043 0.004926
0 0.730417 0.635716 0.004994 0.004712
0 0.729228 0.632396 0.004043 0.006211
0 0.735887 0.622115 0.004518 0.004498
0 0.732676 0.610871 0.006183 0.006854
0 0.725780 0.605087 0.003805 0.007282
0 0.717337 0.601768 0.003092 0.006640
0 0.720310 0.595021 0.003805 0.005140
0 0.795578 0.606801 0.004518 0.007282
0 0.833828 0.578599 0.005232 0.005419
0 0.810677 0.573651 0.004970 0.006361
0 0.775100 0.546321 0.004447 0.005890
0 0.757181 0.551622 0.006278 0.007068
0 0.729190 0.551622 0.004709 0.008953
0 0.706232 0.528606 0.007660 0.007934
0 0.685741 0.526019 0.005745 0.006209
0 0.694167 0.595009 0.005745 0.008279
0 0.698380 0.643647 0.006511 0.007589
0 0.684209 0.634506 0.007277 0.007934
0 0.675591 0.631401 0.005362 0.007244
0 0.668314 0.629849 0.006128 0.009659
0 0.658548 0.622950 0.006511 0.008279
0 0.661420 0.614671 0.005362 0.008279
0 0.672527 0.607772 0.006894 0.007589
0 0.652420 0.614154 0.007277 0.006554
0 0.676816 0.691498 0.007325 0.008246
0 0.662428 0.698449 0.004186 0.008011
0 0.659289 0.690085 0.005755 0.008717
0 0.649872 0.687375 0.005232 0.006126
0 0.644771 0.687729 0.004447 0.007304
0 0.626197 0.684784 0.007586 0.007068
0 0.614295 0.689849 0.004709 0.008246
0 0.591667 0.664757 0.002878 0.006597
0 0.589312 0.664050 0.003401 0.006597
0 0.593498 0.656393 0.003924 0.005890
0 0.591013 0.653448 0.003139 0.006126
0 0.588789 0.655922 0.004447 0.007775
0 0.585912 0.650621 0.003924 0.006597
0 0.575055 0.650385 0.005232 0.005183
0 0.572178 0.650503 0.003139 0.004477
0 0.572309 0.644259 0.004970 0.004712
0 0.566292 0.639783 0.007063 0.006597
0 0.560668 0.635660 0.004186 0.006361
0 0.561845 0.631655 0.004447 0.005419
0 0.556744 0.627178 0.005755 0.004948
0 0.604952 0.584325 0.006183 0.005355
0 0.534726 0.611462 0.006801 0.008011
0 0.528971 0.606750 0.004186 0.006597
0 0.505427 0.599093 0.004186 0.006361
0 0.487638 0.596148 0.008371 0.005655
0 0.487638 0.625010 0.004186 0.006361
0 0.497448 0.638557 0.005494 0.006126
0 0.503334 0.660468 0.006801 0.006126
0 0.463048 0.565873 0.005755 0.004477
0 0.463048 0.570349 0.004709 0.007304
0 0.471812 0.600389 0.004447 0.006597
0 0.457424 0.597444 0.005494 0.006361
0 0.437674 0.585781 0.005755 0.008953
0 0.432965 0.581776 0.003662 0.007068
0 0.391764 0.594734 0.005494 0.006126
0 0.377899 0.591318 0.007586 0.006833
0 0.355794 0.600507 0.005755 0.007304
0 0.330747 0.527827 0.006331 0.006557
0 0.312072 0.552345 0.006331 0.008267
0 0.305583 0.550206 0.006647 0.005131
0 0.129275 0.571730 0.007913 0.009408
0 0.128009 0.604372 0.004748 0.008552
0 0.109967 0.610074 0.007913 0.009693
0 0.128958 0.622760 0.007280 0.009408
0 0.107128 0.660967 0.006615 0.006272
