0 0.985374 0.131232 0.002802 0.005647
0 0.985274 0.142526 0.002202 0.005647
0 0.956149 0.117115 0.003603 0.004673
0 0.920618 0.125878 0.003403 0.003894
0 0.913812 0.125001 0.003403 0.005647
0 0.901402 0.121107 0.003003 0.005647
0 0.868774 0.127435 0.003803 0.003894
0 0.866672 0.142720 0.004003 0.004478
0 0.852560 0.127241 0.003403 0.004284
0 0.834244 0.124807 0.002802 0.004868
0 0.836946 0.131330 0.003003 0.003894
0 0.855562 0.158395 0.002202 0.004284
0 0.840867 0.170983 0.004003 0.004425
0 0.824671 0.191251 0.002548 0.005310
0 0.807838 0.135669 0.002730 0.003540
0 0.803744 0.128234 0.003276 0.004602
0 0.798102 0.137793 0.002548 0.004602
0 0.791915 0.133545 0.003639 0.004248
0 0.766933 0.180830 0.002812 0.004506
0 0.755436 0.192014 0.002647 0.004667
0 0.764700 0.158462 0.002978 0.004828
0 0.755270 0.160312 0.002978 0.004023
0 0.757917 0.149450 0.002978 0.004506
0 0.753616 0.152588 0.004632 0.003701
0 0.751383 0.152990 0.002481 0.003862
0 0.731117 0.162887 0.002978 0.004345
0 0.710190 0.165301 0.004136 0.003701
0 0.703490 0.180186 0.002647 0.004828
0 0.723259 0.193060 0.003474 0.004828
0 0.690173 0.174715 0.003143 0.004184
0 0.693482 0.199899 0.002151 0.005632
0 0.639974 0.178207 0.006028 0.004484
0 0.621888 0.188039 0.005319 0.004139
0 0.616037 0.189763 0.003546 0.006209
0 0.610009 0.189246 0.003546 0.006554
0 0.616746 0.199939 0.004255 0.005864
0 0.638201 0.208563 0.003192 0.006554
0 0.643697 0.205803 0.004255 0.005864
0 0.647243 0.185451 0.003546 0.007244
0 0.604512 0.215980 0.003901 0.005519
0 0.585185 0.189073 0.003546 0.004139
0 0.551674 0.195972 0.005319 0.006209
0 0.598727 0.219923 0.003403 0.004673
0 0.534340 0.208319 0.004103 0.004846
0 0.515144 0.200194 0.004982 0.003421
0 0.507231 0.201192 0.004982 0.004846
0 0.506059 0.205041 0.002638 0.003991
0 0.507378 0.209032 0.002931 0.005702
0 0.515144 0.209032 0.002638 0.003991
0 0.522031 0.221005 0.004103 0.005702
0 0.528493 0.231195 0.003303 0.005997
0 0.535099 0.249722 0.003303 0.005783
0 0.504081 0.170216 0.003303 0.004712
0 0.494833 0.201380 0.003743 0.004070
0 0.498136 0.204593 0.003303 0.004070
0 0.479970 0.202665 0.003083 0.004498
0 0.491310 0.216052 0.003303 0.004284
0 0.488667 0.222906 0.004184 0.004712
0 0.470282 0.211233 0.002202 0.004926
0 0.466869 0.217551 0.002862 0.004712
0 0.464116 0.213374 0.003523 0.003641
0 0.477548 0.238863 0.004404 0.004070
0 0.234797 0.155208 0.003633 0.004477
0 0.207428 0.152263 0.004602 0.003298
0 0.228742 0.190549 0.003633 0.005419
0 0.189989 0.160273 0.003633 0.005655
0 0.166373 0.169933 0.003391 0.004712
0 0.146270 0.163807 0.002906 0.005183
0 0.131859 0.160391 0.003149 0.005890
0 0.113572 0.162983 0.002906 0.005890
0 0.101340 0.158388 0.003149 0.006126
0 0.105821 0.151203 0.004360 0.004477
0 0.079905 0.159331 0.003875 0.005183
0 0.067916 0.154854 0.003149 0.006126
0 0.048176 0.157446 0.005329 0.005655
0 0.030858 0.186426 0.003633 0.004712
0 0.050233 0.265930 0.003143 0.004023
0 0.044443 0.262309 0.003805 0.003540
0 0.039563 0.266976 0.004301 0.005471
0 0.035427 0.278079 0.002978 0.003218
0 0.035593 0.281217 0.003639 0.004345
0 0.033359 0.290229 0.004136 0.004023
0 0.034104 0.295459 0.003970 0.002253
0 0.031870 0.295941 0.002812 0.004184
