0 0.119876 0.325509 0.005623 0.003615
0 0.261258 0.386316 0.003006 0.003594
0 0.273010 0.383997 0.004268 0.002551
0 0.287137 0.386490 0.003547 0.001739
0 0.274813 0.381765 0.002465 0.003073
0 0.303007 0.386084 0.003547 0.002319
0 0.299669 0.391622 0.003613 0.001782
0 0.302214 0.389108 0.003203 0.001663
0 0.323093 0.397502 0.002422 0.002455
0 0.319972 0.397977 0.002587 0.002297
0 0.320527 0.402274 0.002628 0.001861
0 0.315045 0.400076 0.002505 0.002613
0 0.337381 0.402947 0.002422 0.002178
0 0.339845 0.403561 0.002669 0.003089
0 0.332146 0.409322 0.002792 0.003049
0 0.356905 0.400591 0.003203 0.001980
0 0.357952 0.394829 0.002176 0.003920
0 0.343869 0.394691 0.002340 0.003009
0 0.361852 0.404174 0.003572 0.001782
0 0.368914 0.398057 0.003572 0.002693
0 0.378317 0.405956 0.003572 0.002099
0 0.376572 0.407817 0.002464 0.002653
0 0.389115 0.406669 0.004475 0.003049
0 0.392790 0.411678 0.002956 0.003564
0 0.406894 0.402412 0.002751 0.003089
0 0.396987 0.394634 0.002800 0.002700
0 0.409881 0.421965 0.001852 0.003528
0 0.410288 0.429718 0.002394 0.002831
0 0.420676 0.437907 0.002574 0.003092
0 0.419185 0.444027 0.002936 0.002352
0 0.445311 0.455414 0.003419 0.001964
0 0.460858 0.523285 0.002459 0.004005
0 0.461131 0.511506 0.002022 0.003847
