0 0.066822 0.315491 0.003036 0.002779
0 0.069648 0.310628 0.002512 0.002731
0 0.079226 0.300806 0.001884 0.002539
0 0.080220 0.299129 0.001884 0.002635
0 0.080430 0.295727 0.002408 0.003306
0 0.084983 0.294338 0.002408 0.002827
0 0.083910 0.297835 0.002041 0.002923
0 0.092310 0.296565 0.002408 0.002683
0 0.097544 0.289307 0.002198 0.003018
0 0.105185 0.296494 0.002512 0.003018
0 0.106232 0.306052 0.002303 0.002779
0 0.113324 0.303848 0.002146 0.002491
0 0.116726 0.307250 0.002460 0.002779
0 0.605058 0.254437 0.002331 0.002439
0 0.609460 0.254394 0.002189 0.002788
0 0.611268 0.250561 0.002284 0.002788
0 0.619665 0.259294 0.001856 0.002831
0 0.599571 0.249510 0.002216 0.002323
0 0.597211 0.248283 0.001716 0.002683
0 0.600768 0.241901 0.002324 0.001963
0 0.599213 0.241263 0.002002 0.002520
0 0.065306 0.306328 0.005470 0.004159
0 0.115236 0.304503 0.002596 0.002716
0 0.117044 0.303400 0.003245 0.002546
0 0.079718 0.267614 0.003372 0.001684
