0 0.111298 0.318284 0.002689 0.003164
0 0.122501 0.324727 0.002770 0.002932
0 0.130323 0.325267 0.002933 0.002469
0 0.136270 0.328508 0.002607 0.002469
0 0.154398 0.330437 0.002363 0.002469
0 0.166457 0.332134 0.002037 0.002315
0 0.172689 0.337381 0.002444 0.002161
0 0.173667 0.331093 0.002933 0.001775
0 0.176804 0.331170 0.002200 0.002701
0 0.319518 0.426240 0.002266 0.003276
0 0.333952 0.430985 0.002266 0.002824
0 0.339677 0.428160 0.002505 0.003954
0 0.362819 0.431832 0.003221 0.002711
0 0.371343 0.428727 0.002958 0.003820
0 0.367713 0.444642 0.002151 0.003395
0 0.366548 0.450753 0.003943 0.003904
0 0.386176 0.435390 0.003047 0.003225
0 0.392136 0.435050 0.003675 0.003056
0 0.403404 0.441036 0.002226 0.003320
0 0.414200 0.442644 0.002337 0.002846
0 0.505840 0.441342 0.002024 0.002204
0 0.505334 0.442971 0.003238 0.001629
0 0.550700 0.441260 0.002671 0.003215
0 0.574462 0.441840 0.002115 0.003426
0 0.757096 0.355700 0.002504 0.002372
0 0.757764 0.359047 0.001948 0.001687
0 0.766139 0.359126 0.002560 0.002582
0 0.762689 0.360391 0.002560 0.001950
0 0.759795 0.360522 0.003450 0.001897
0 0.771620 0.351932 0.004285 0.002530
0 0.778354 0.353882 0.003395 0.002319
0 0.821621 0.345001 0.002671 0.003109
0 0.827575 0.333038 0.002337 0.003109
0 0.830413 0.328795 0.002226 0.002951
0 0.833279 0.331140 0.002282 0.003004
0 0.839456 0.328268 0.002393 0.002951
0 0.853340 0.332906 0.002449 0.003478
0 0.865861 0.340785 0.002449 0.003004
0 0.866752 0.343947 0.002115 0.002161
0 0.878347 0.353014 0.003675 0.002037
0 0.889824 0.365707 0.002341 0.002415
0 0.894946 0.366380 0.002132 0.002891
0 0.887274 0.367548 0.002676 0.001742
0 0.876794 0.390203 0.001937 0.003043
0 0.892771 0.386493 0.003081 0.003543
0 0.889470 0.393350 0.002113 0.002501
0 0.917507 0.399603 0.002641 0.002668
0 0.922084 0.406002 0.002465 0.002209
0 0.929039 0.406481 0.002553 0.002668
0 0.930975 0.408878 0.002465 0.002209
0 0.888007 0.327149 0.003977 0.001772
0 0.892296 0.324527 0.003665 0.002585
0 0.895983 0.321376 0.004452 0.002719
0 0.901460 0.318713 0.004277 0.002497
0 0.904741 0.316077 0.002753 0.002441
0 0.906498 0.314968 0.002285 0.003662
0 0.908695 0.312637 0.003632 0.002552
0 0.920412 0.313192 0.002812 0.002663
0 0.926768 0.312887 0.004042 0.002386
0 0.933857 0.312582 0.003925 0.002441
0 0.940125 0.311694 0.004394 0.002441
0 0.953666 0.310097 0.003963 0.002145
