0 0.015630 0.246931 0.002921 0.003081
0 0.039721 0.233370 0.003057 0.002736
0 0.052145 0.249092 0.003848 0.001977
0 0.063368 0.242205 0.002779 0.003507
0 0.075054 0.240452 0.002779 0.003189
0 0.066646 0.258913 0.004347 0.002870
0 0.102702 0.243417 0.003207 0.002997
0 0.101490 0.248008 0.002209 0.003380
0 0.106870 0.258977 0.002280 0.002997
0 0.110540 0.274760 0.002637 0.003444
0 0.130314 0.270424 0.002423 0.002933
0 0.136513 0.283242 0.002993 0.003061
0 0.117630 0.293158 0.003278 0.003507
0 0.141394 0.309228 0.002922 0.003507
0 0.142428 0.317614 0.002993 0.003571
0 0.154613 0.316403 0.003135 0.003954
0 0.152332 0.319655 0.002708 0.003316
0 0.159708 0.321440 0.002494 0.002806
0 0.167546 0.326191 0.004204 0.003252
0 0.171964 0.329826 0.003777 0.001977
0 0.157356 0.333684 0.003634 0.002041
0 0.146062 0.338595 0.002565 0.003189
0 0.129174 0.334800 0.002850 0.003125
0 0.065544 0.298170 0.002351 0.003189
0 0.065650 0.308565 0.002708 0.003189
0 0.054570 0.315835 0.003634 0.003826
0 0.091909 0.318099 0.002779 0.002870
0 0.107692 0.326963 0.002993 0.003380
0 0.093761 0.335125 0.002494 0.003380
0 0.093726 0.343734 0.002993 0.003635
0 0.105804 0.349697 0.001924 0.003061
0 0.106659 0.358179 0.002494 0.003826
0 0.092942 0.359518 0.002708 0.002933
0 0.059028 0.371121 0.003320 0.002461
0 0.142681 0.257993 0.002273 0.003227
0 0.142446 0.260834 0.001960 0.002595
0 0.153733 0.252732 0.003214 0.003227
0 0.172850 0.269911 0.001943 0.002841
0 0.173562 0.275853 0.002721 0.002667
0 0.183150 0.276317 0.002332 0.003826
0 0.195587 0.282665 0.002462 0.003304
0 0.204300 0.287911 0.002397 0.002899
0 0.209903 0.284694 0.002591 0.003189
0 0.222503 0.285332 0.003563 0.002145
0 0.229953 0.294346 0.002008 0.003131
0 0.263813 0.302552 0.002302 0.002252
0 0.290849 0.312326 0.002623 0.002923
0 0.321601 0.305518 0.002591 0.003268
0 0.325723 0.303594 0.002002 0.003531
0 0.345628 0.321276 0.003180 0.002846
0 0.344008 0.327758 0.002297 0.003162
0 0.343125 0.332633 0.002061 0.003109
0 0.241009 0.329313 0.001992 0.002716
0 0.238686 0.331223 0.002466 0.002971
0 0.231087 0.368201 0.001943 0.002783
0 0.219718 0.377622 0.002526 0.002957
0 0.197708 0.411469 0.002587 0.002083
0 0.291301 0.410813 0.002328 0.002624
0 0.317426 0.411624 0.002156 0.002392
0 0.352273 0.344172 0.002371 0.003310
0 0.373649 0.332029 0.003292 0.002455
0 0.403709 0.333117 0.002587 0.003648
0 0.424088 0.331433 0.004154 0.004209
0 0.432867 0.321332 0.003841 0.003648
0 0.444491 0.315437 0.002823 0.003092
0 0.450283 0.317332 0.002628 0.003223
0 0.469629 0.324345 0.002287 0.003920
0 0.457389 0.344032 0.002531 0.003310
0 0.461964 0.352635 0.002239 0.002918
0 0.489803 0.350522 0.001947 0.002700
0 0.434382 0.390648 0.002302 0.003018
0 0.417518 0.396158 0.002730 0.002635
0 0.416689 0.404183 0.002356 0.002587
0 0.416501 0.401907 0.002409 0.002348
0 0.504023 0.333160 0.002656 0.003565
0 0.531449 0.315151 0.003628 0.002667
0 0.510363 0.326688 0.004081 0.002435
0 0.555385 0.333905 0.002267 0.003189
0 0.574281 0.362528 0.003207 0.002870
0 0.603853 0.387941 0.002351 0.003444
0 0.632997 0.390938 0.003207 0.003316
0 0.539780 0.406272 0.003135 0.002876
0 0.602552 0.437541 0.002061 0.003320
0 0.661030 0.432481 0.002532 0.003531
0 0.672380 0.370003 0.002473 0.003373
0 0.690488 0.371690 0.002297 0.003689
0 0.692020 0.373297 0.003121 0.002055
0 0.686454 0.376460 0.003298 0.002266
0 0.716371 0.370425 0.002591 0.003689
0 0.740427 0.369951 0.002886 0.002635
0 0.793841 0.361703 0.003003 0.003320
0 0.789159 0.354087 0.002473 0.003373
0 0.750674 0.372296 0.002886 0.003215
0 0.796415 0.341940 0.002328 0.003318
0 0.827713 0.336075 0.003190 0.003472
0 0.848105 0.336770 0.002759 0.003781
0 0.849139 0.349501 0.003449 0.002855
0 0.770678 0.325967 0.003276 0.003472
0 0.788914 0.320141 0.003018 0.003858
0 0.800381 0.321762 0.003190 0.003241
0 0.762487 0.302895 0.003621 0.003472
0 0.798571 0.298111 0.002500 0.003164
0 0.847975 0.298921 0.003363 0.003395
0 0.847975 0.280904 0.004397 0.003009
0 0.863236 0.316399 0.003363 0.002546
0 0.869056 0.312000 0.003621 0.003627
0 0.889879 0.321414 0.002673 0.003472
0 0.899751 0.304091 0.002587 0.003395
0 0.923031 0.333837 0.002759 0.004090
0 0.932989 0.330597 0.004052 0.003009
0 0.930360 0.305442 0.002759 0.004090
0 0.936821 0.298650 0.003045 0.003768
0 0.953534 0.302679 0.002656 0.003594
0 0.958036 0.297781 0.003109 0.003304
0 0.932223 0.264133 0.002822 0.003437
0 0.880977 0.271414 0.002249 0.003641
0 0.871795 0.275607 0.004336 0.001964
