0 0.585886 0.816155 0.002373 0.003593
0 0.585705 0.821066 0.002321 0.002204
0 0.572731 0.802189 0.002270 0.002491
0 0.575904 0.801710 0.001909 0.003066
0 0.576084 0.797110 0.002064 0.002779
0 0.573273 0.794643 0.001909 0.002731
0 0.572731 0.792199 0.001857 0.003210
0 0.575362 0.790067 0.002476 0.002300
0 0.578199 0.788271 0.002683 0.002060
0 0.585809 0.778233 0.002425 0.002012
0 0.577039 0.775789 0.002321 0.002971
0 0.574769 0.774496 0.002012 0.002491
0 0.566695 0.769777 0.002270 0.002731
0 0.564683 0.766950 0.001754 0.002635
0 0.561201 0.765776 0.002218 0.002300
0 0.561872 0.768459 0.002218 0.002971
0 0.567985 0.761248 0.002064 0.002635
0 0.585293 0.757583 0.002321 0.001916
0 0.560402 0.749989 0.002476 0.002923
0 0.591277 0.759931 0.002321 0.002875
0 0.591251 0.762973 0.001857 0.002731
0 0.591535 0.765944 0.002321 0.002539
0 0.587846 0.768459 0.002064 0.002491
0 0.585422 0.769848 0.002064 0.002491
0 0.586995 0.773059 0.002115 0.002875
0 0.591715 0.769729 0.002064 0.002444
0 0.594346 0.770184 0.002889 0.003162
0 0.600511 0.770232 0.002115 0.002779
0 0.562360 0.732357 0.001759 0.003268
0 0.565737 0.725374 0.002724 0.003531
0 0.570163 0.717099 0.002156 0.003215
0 0.576518 0.713700 0.002610 0.003162
0 0.584066 0.707876 0.002156 0.003742
0 0.598593 0.702685 0.002156 0.002846
0 0.583640 0.698864 0.002213 0.003109
0 0.578561 0.712356 0.002270 0.002582
0 0.584661 0.704187 0.003008 0.002582
