0 0.989925 0.617619 0.003724 0.005529
0 0.987235 0.631074 0.006620 0.004424
0 0.983925 0.621121 0.004138 0.005161
0 0.976685 0.627757 0.005379 0.004424
0 0.968616 0.628863 0.005793 0.005898
0 0.973168 0.583521 0.005793 0.006635
0 0.964479 0.618172 0.004965 0.002212
0 0.961996 0.615961 0.004965 0.002949
0 0.923931 0.608772 0.005793 0.006267
0 0.930137 0.589419 0.004965 0.003686
0 0.896003 0.612090 0.004551 0.004792
0 0.890003 0.608035 0.004965 0.004792
0 0.887728 0.616698 0.004551 0.002949
0 0.890003 0.617988 0.002483 0.004792
0 0.872212 0.601768 0.002483 0.005529
0 0.863554 0.601157 0.002414 0.007373
0 0.865451 0.601157 0.002758 0.006758
0 0.867175 0.581958 0.004138 0.005837
0 0.876484 0.560608 0.003448 0.004301
0 0.958028 0.614366 0.003103 0.007987
0 0.959407 0.613598 0.002414 0.007680
0 0.830971 0.608069 0.004827 0.003993
0 0.827868 0.597778 0.006206 0.006144
0 0.823730 0.605304 0.003448 0.004608
0 0.823558 0.609605 0.003793 0.005222
0 0.819248 0.609912 0.004827 0.005222
0 0.805629 0.594553 0.004482 0.005222
0 0.800112 0.598546 0.005862 0.003993
0 0.796319 0.593785 0.003793 0.006758
0 0.780804 0.592095 0.005172 0.005837
0 0.770977 0.601004 0.006896 0.004608
0 0.760805 0.594399 0.004482 0.004915
0 0.758220 0.587794 0.005517 0.003993
0 0.767357 0.577196 0.006551 0.005529
0 0.780976 0.563065 0.006206 0.005529
0 0.746841 0.566445 0.005517 0.004915
0 0.733222 0.575507 0.004482 0.005222
0 0.747531 0.591327 0.006206 0.007987
0 0.746324 0.583340 0.005172 0.005529
0 0.715810 0.576735 0.004827 0.005837
0 0.673572 0.631415 0.006551 0.004608
0 0.666504 0.634948 0.006206 0.006144
0 0.665470 0.627115 0.003448 0.004608
0 0.667021 0.629726 0.004482 0.003072
0 0.668918 0.596703 0.005517 0.003993
0 0.648747 0.575660 0.007241 0.005529
0 0.630301 0.577503 0.006896 0.003686
0 0.620129 0.566905 0.004482 0.007065
0 0.603062 0.579807 0.004138 0.003993
0 0.648058 0.646775 0.005172 0.007065
0 0.638059 0.651536 0.005172 0.004915
0 0.614957 0.646468 0.005862 0.005222
0 0.602545 0.654608 0.005862 0.006758
0 0.569272 0.662288 0.006206 0.006144
0 0.557032 0.663670 0.005172 0.005837
0 0.543068 0.668278 0.006206 0.004608
0 0.554101 0.554003 0.005517 0.005837
0 0.546860 0.565984 0.006206 0.005222
0 0.538585 0.575046 0.004827 0.005529
0 0.532379 0.559533 0.004827 0.005837
0 0.501175 0.567673 0.005172 0.005529
0 0.491521 0.552007 0.005862 0.006144
0 0.488590 0.545556 0.003448 0.004301
0 0.484108 0.539719 0.004827 0.003686
0 0.469799 0.548013 0.005862 0.003686
0 0.471178 0.551546 0.004482 0.003993
0 0.378601 0.668432 0.004138 0.004301
0 0.367567 0.694850 0.005517 0.006144
0 0.335846 0.695004 0.005517 0.005837
0 0.324295 0.701762 0.005862 0.004608
0 0.317055 0.695158 0.005862 0.004915
0 0.315848 0.697615 0.004827 0.003686
0 0.276714 0.603615 0.005862 0.007373
0 0.260164 0.601004 0.007241 0.007065
0 0.132934 0.684252 0.003793 0.006451
0 0.130176 0.682255 0.003793 0.006144
0 0.122246 0.688246 0.004482 0.007065
0 0.098800 0.672425 0.005172 0.006144
0 0.085870 0.660599 0.006206 0.009523
0 0.081043 0.652151 0.004827 0.006144
0 0.073630 0.638174 0.005862 0.005837
0 0.077595 0.633873 0.004138 0.006451
0 0.084146 0.633412 0.004827 0.006758
