0 0.342427 0.167687 0.003198 0.002568
0 0.327926 0.177803 0.003529 0.002054
0 0.320923 0.177598 0.002316 0.003492
0 0.318387 0.202812 0.002536 0.003595
0 0.365902 0.158790 0.002787 0.003227
0 0.375280 0.156685 0.002260 0.002385
0 0.383641 0.167734 0.002561 0.003157
0 0.332799 0.156124 0.003163 0.001684
0 0.120342 0.186763 0.003698 0.002104
0 0.105278 0.176624 0.002328 0.003890
0 0.107674 0.174105 0.004519 0.002806
0 0.213744 0.115912 0.004131 0.002161
0 0.223251 0.112328 0.002999 0.003531
0 0.195437 0.112038 0.003169 0.004216
0 0.194871 0.107295 0.003395 0.002003
0 0.196456 0.105187 0.003056 0.002741
0 0.212272 0.089903 0.002660 0.002951
0 0.239011 0.094277 0.002150 0.003584
0 0.245179 0.081075 0.004074 0.002055
0 0.249310 0.078150 0.002490 0.003268
0 0.255224 0.066318 0.002207 0.003531
0 0.260657 0.060205 0.002547 0.002899
0 0.248433 0.063999 0.002433 0.003426
0 0.244289 0.045037 0.003508 0.002657
0 0.235567 0.036979 0.002806 0.002657
0 0.271462 0.067796 0.002292 0.003223
0 0.277682 0.065117 0.002292 0.003092
0 0.281307 0.056994 0.003648 0.001829
0 0.289795 0.064442 0.002572 0.002439
0 0.290099 0.066837 0.002245 0.002526
0 0.303030 0.072696 0.002011 0.002918
0 0.317178 0.073414 0.002806 0.003833
0 0.321247 0.063527 0.002900 0.002875
0 0.340843 0.068492 0.002245 0.003136
0 0.321948 0.080971 0.002432 0.003180
0 0.329104 0.083868 0.002151 0.003223
0 0.336306 0.093886 0.002245 0.002613
0 0.357586 0.091316 0.002151 0.002962
0 0.352675 0.090924 0.003367 0.002091
0 0.361842 0.085283 0.002058 0.003092
0 0.365723 0.083498 0.002151 0.003005
0 0.353119 0.081559 0.003133 0.001916
0 0.360251 0.073981 0.002619 0.003049
0 0.368062 0.065966 0.002058 0.003397
0 0.373019 0.077225 0.001871 0.003180
0 0.380806 0.082365 0.003133 0.002047
0 0.386372 0.078663 0.002292 0.003528
0 0.385974 0.070300 0.002151 0.003354
0 0.390908 0.082430 0.002666 0.002613
0 0.398508 0.080405 0.002806 0.002918
0 0.398368 0.072913 0.003835 0.002221
0 0.374960 0.089334 0.002479 0.002570
0 0.380759 0.093929 0.003601 0.002004
0 0.372996 0.096826 0.003414 0.002396
0 0.365560 0.099635 0.003414 0.001742
0 0.379894 0.098829 0.003274 0.002134
0 0.386255 0.105232 0.002806 0.002744
0 0.384828 0.101965 0.002853 0.003877
0 0.383841 0.095436 0.002126 0.003168
0 0.383182 0.097673 0.002508 0.002574
0 0.405609 0.085240 0.003997 0.002415
0 0.412242 0.072252 0.002551 0.002178
0 0.429828 0.071681 0.002512 0.002484
0 0.417866 0.058740 0.002010 0.002736
0 0.446584 0.072365 0.001855 0.002772
0 0.446661 0.075047 0.002706 0.002376
0 0.453541 0.076487 0.002783 0.001800
0 0.451357 0.082319 0.003595 0.002376
0 0.456111 0.083794 0.002667 0.002376
0 0.442873 0.084568 0.002319 0.003708
0 0.381657 0.058877 0.003408 0.002029
0 0.371853 0.050695 0.003408 0.001833
0 0.377883 0.035895 0.002389 0.003011
0 0.317870 0.034436 0.002212 0.003450
0 0.313472 0.038341 0.002161 0.003210
0 0.290853 0.043370 0.002108 0.003338
0 0.295813 0.085630 0.002624 0.003593
0 0.300777 0.095308 0.002264 0.003593
0 0.284881 0.094039 0.003395 0.003450
0 0.271166 0.099146 0.003061 0.002693
0 0.272037 0.106729 0.001828 0.003207
0 0.263449 0.105541 0.002168 0.002891
0 0.284261 0.113876 0.001956 0.003326
0 0.298419 0.104314 0.003316 0.002019
0 0.301310 0.106551 0.002211 0.003485
0 0.293104 0.094236 0.002551 0.002930
0 0.309487 0.110024 0.002778 0.002679
0 0.334269 0.092838 0.003009 0.002094
0 0.347857 0.113964 0.003505 0.002033
0 0.354124 0.106541 0.003869 0.002402
0 0.386570 0.111766 0.002450 0.003422
0 0.397061 0.114345 0.002663 0.002827
0 0.383667 0.121363 0.002503 0.003770
0 0.387661 0.130217 0.002077 0.002926
0 0.412894 0.111023 0.002509 0.002582
0 0.421433 0.108727 0.003389 0.002091
0 0.429114 0.109547 0.001761 0.002992
0 0.428343 0.102087 0.002069 0.003238
0 0.416944 0.117541 0.001893 0.002910
0 0.418308 0.117951 0.002069 0.002828
0 0.441623 0.108097 0.002249 0.002833
0 0.447310 0.109175 0.001852 0.002279
0 0.446550 0.111361 0.002116 0.002033
0 0.466596 0.082166 0.002201 0.002683
0 0.477359 0.079837 0.003961 0.001826
0 0.485322 0.080210 0.002041 0.002720
0 0.489503 0.079464 0.002241 0.003540
0 0.485362 0.086973 0.002441 0.002534
0 0.478580 0.092004 0.002081 0.002460
0 0.476939 0.090551 0.001921 0.002609
0 0.468096 0.067223 0.002561 0.002534
0 0.495776 0.088543 0.002082 0.002255
0 0.495074 0.091113 0.002033 0.002705
0 0.497986 0.096532 0.003201 0.001789
0 0.507429 0.097836 0.002241 0.003056
0 0.513471 0.101339 0.002081 0.002683
0 0.520251 0.090217 0.003534 0.002119
0 0.518987 0.114132 0.002219 0.002575
0 0.544322 0.105223 0.003492 0.001762
0 0.557272 0.105883 0.002183 0.003218
0 0.569185 0.097566 0.002510 0.003523
0 0.567203 0.111117 0.001964 0.003523
0 0.590055 0.109793 0.002116 0.003111
0 0.358394 0.132307 0.002127 0.003421
0 0.369814 0.155443 0.002130 0.004103
0 0.264869 0.145435 0.002410 0.003499
0 0.262672 0.148175 0.002268 0.003697
0 0.279613 0.142134 0.002410 0.002971
0 0.315623 0.139989 0.001985 0.002905
0 0.402255 0.151953 0.003046 0.002673
0 0.405302 0.152471 0.002226 0.002619
0 0.411306 0.151080 0.003456 0.002346
0 0.407196 0.145196 0.003433 0.002214
0 0.404324 0.141707 0.001786 0.003080
0 0.398272 0.138627 0.002712 0.003449
0 0.434634 0.146834 0.002929 0.002673
0 0.426432 0.152072 0.002343 0.003001
0 0.439363 0.164624 0.001841 0.002907
0 0.406146 0.165626 0.002469 0.002976
0 0.414304 0.174013 0.002324 0.003337
0 0.392549 0.181449 0.002583 0.002405
0 0.384292 0.185700 0.002292 0.002710
0 0.380618 0.179348 0.003165 0.002338
0 0.425670 0.160215 0.001881 0.002795
0 0.429051 0.181251 0.002321 0.003876
0 0.437994 0.180580 0.002841 0.002758
0 0.445717 0.186357 0.002441 0.003428
0 0.473151 0.187107 0.002110 0.003489
0 0.464421 0.177960 0.002837 0.001931
0 0.464639 0.172184 0.002546 0.002778
0 0.468222 0.171997 0.001710 0.002338
0 0.477062 0.176757 0.002001 0.003184
0 0.486035 0.168564 0.002116 0.002864
0 0.483968 0.173753 0.002546 0.002402
0 0.486299 0.176679 0.003175 0.001601
0 0.481058 0.156414 0.002017 0.002957
0 0.331100 0.321334 0.001819 0.003018
0 0.304515 0.270574 0.002292 0.003083
0 0.294937 0.242035 0.003439 0.002464
0 0.299153 0.230439 0.001819 0.003295
0 0.332079 0.209710 0.001885 0.002895
0 0.259729 0.193504 0.002083 0.002864
0 0.482573 0.106881 0.002255 0.002941
0 0.478352 0.113813 0.004124 0.001800
0 0.477614 0.117895 0.002601 0.002124
0 0.482316 0.118603 0.002161 0.002795
0 0.488398 0.118398 0.002721 0.002758
0 0.486717 0.124118 0.002561 0.003093
0 0.477194 0.123037 0.002641 0.001751
0 0.515246 0.127087 0.002320 0.003481
0 0.518749 0.132939 0.002121 0.003130
0 0.522050 0.134393 0.001761 0.002981
0 0.514948 0.136088 0.002841 0.001901
0 0.530113 0.128356 0.002361 0.002758
0 0.521850 0.128467 0.002801 0.002683
0 0.521730 0.130051 0.002321 0.002050
0 0.538331 0.152509 0.002812 0.001746
0 0.535021 0.155292 0.002168 0.002946
0 0.530423 0.149645 0.003046 0.001910
0 0.525414 0.142252 0.002050 0.003601
0 0.552298 0.149725 0.003534 0.002796
0 0.568373 0.147763 0.002276 0.003021
0 0.571616 0.146704 0.002469 0.003337
0 0.576046 0.148845 0.002421 0.003472
0 0.594929 0.139309 0.003292 0.002886
0 0.579460 0.133312 0.003050 0.002615
0 0.575320 0.123369 0.002711 0.003562
0 0.565094 0.128404 0.003201 0.001999
0 0.562766 0.124712 0.002183 0.003151
0 0.562020 0.123052 0.002510 0.002880
0 0.546876 0.125736 0.001893 0.003402
0 0.541155 0.123830 0.003741 0.002132
0 0.620371 0.135365 0.002281 0.002758
0 0.627093 0.137285 0.002121 0.003168
0 0.620431 0.126627 0.001681 0.002944
0 0.611588 0.124614 0.002481 0.003018
0 0.646735 0.120834 0.002073 0.003151
0 0.657356 0.126441 0.002001 0.003117
0 0.661813 0.126119 0.002037 0.003422
0 0.665905 0.131929 0.001710 0.003252
0 0.672980 0.127220 0.001819 0.003117
0 0.679437 0.130455 0.002437 0.002947
0 0.681291 0.112888 0.003222 0.002341
0 0.691602 0.125551 0.002835 0.002701
0 0.721087 0.130746 0.002255 0.003083
0 0.709374 0.143450 0.002401 0.002541
0 0.709010 0.152715 0.002474 0.002304
0 0.763826 0.143038 0.002146 0.003286
0 0.766064 0.140802 0.002037 0.003354
0 0.833501 0.135161 0.002237 0.003621
0 0.827669 0.148504 0.001758 0.002530
0 0.929405 0.198247 0.002402 0.002837
0 0.933902 0.197731 0.001782 0.002439
0 0.899127 0.188736 0.002510 0.003015
0 0.897959 0.174708 0.002348 0.003111
0 0.884236 0.178404 0.002877 0.001755
0 0.883392 0.175740 0.002116 0.002957
0 0.878945 0.186365 0.002414 0.002649
0 0.875968 0.187243 0.002348 0.003111
0 0.855343 0.178327 0.003538 0.001755
0 0.844315 0.172214 0.003373 0.001786
0 0.836362 0.168441 0.003340 0.001694
0 0.887528 0.239125 0.002663 0.002877
0 0.894478 0.252463 0.002201 0.003242
0 0.882083 0.242864 0.001852 0.002926
0 0.881388 0.229590 0.002579 0.002187
0 0.877651 0.226772 0.002050 0.002895
0 0.870046 0.226248 0.002315 0.003018
0 0.868276 0.233825 0.002348 0.002957
0 0.868425 0.243141 0.002315 0.003727
0 0.859497 0.234918 0.003770 0.002063
0 0.848253 0.227465 0.002778 0.002433
0 0.854503 0.223800 0.002910 0.003357
0 0.840614 0.222199 0.002646 0.002556
0 0.840747 0.224447 0.002116 0.002495
0 0.835852 0.225171 0.002579 0.003265
0 0.832595 0.223538 0.002282 0.002957
0 0.831487 0.227172 0.002447 0.003080
0 0.839313 0.239699 0.002083 0.003080
0 0.851185 0.246413 0.002282 0.003203
0 0.823192 0.221559 0.002315 0.003265
0 0.813272 0.211827 0.001984 0.003141
0 0.807088 0.213383 0.002513 0.002187
0 0.804674 0.209964 0.001918 0.002926
0 0.819303 0.244576 0.003472 0.003018
0 0.809019 0.239325 0.001819 0.002864
0 0.797098 0.239063 0.001918 0.002710
0 0.792468 0.239818 0.002183 0.003049
0 0.789988 0.245269 0.002249 0.002371
0 0.792865 0.249919 0.002116 0.002679
0 0.795758 0.247332 0.002612 0.002741
0 0.797957 0.251120 0.002249 0.002803
0 0.792732 0.255555 0.001786 0.002864
0 0.782564 0.238997 0.001855 0.002981
0 0.779963 0.219941 0.001892 0.002812
0 0.799661 0.225937 0.002801 0.001863
0 0.790731 0.218552 0.002183 0.003286
0 0.781782 0.214385 0.002110 0.002338
0 0.773743 0.204764 0.002255 0.003015
0 0.765886 0.204916 0.002183 0.003184
0 0.780618 0.203188 0.003128 0.001694
0 0.791385 0.201257 0.002546 0.003591
0 0.795641 0.210455 0.002110 0.002812
0 0.792968 0.214775 0.002073 0.002846
0 0.773738 0.256039 0.002281 0.003391
0 0.769414 0.215127 0.002001 0.003018
0 0.756290 0.213618 0.002321 0.003577
0 0.750508 0.204357 0.001801 0.003317
0 0.739064 0.204749 0.002761 0.003279
0 0.740885 0.194892 0.001921 0.002944
0 0.750199 0.179622 0.002227 0.003337
0 0.737272 0.171055 0.002130 0.002705
0 0.764409 0.168372 0.002372 0.002841
0 0.587279 0.159730 0.002711 0.002841
0 0.593525 0.160362 0.002324 0.002660
0 0.632887 0.149630 0.002130 0.003292
0 0.634896 0.146158 0.003631 0.002119
0 0.634703 0.151276 0.002082 0.003066
0 0.647291 0.159031 0.002372 0.003517
0 0.658620 0.150058 0.002179 0.003427
0 0.663680 0.163293 0.002130 0.003111
0 0.664914 0.167463 0.002372 0.003156
0 0.678350 0.164487 0.004164 0.001984
0 0.686508 0.168140 0.003438 0.002705
0 0.691118 0.193349 0.002769 0.002579
0 0.694047 0.188612 0.002237 0.003522
0 0.683182 0.188860 0.002769 0.003125
0 0.708347 0.194663 0.002077 0.002331
0 0.708453 0.197664 0.003568 0.001885
0 0.716948 0.204311 0.002343 0.003670
0 0.727093 0.195953 0.002077 0.003026
0 0.707521 0.193076 0.001917 0.002430
0 0.673950 0.196177 0.004511 0.002401
0 0.660505 0.209408 0.002226 0.003874
0 0.649257 0.186575 0.002578 0.003601
0 0.645156 0.189412 0.002695 0.003601
0 0.631565 0.190640 0.005038 0.002346
0 0.623158 0.194022 0.002636 0.003328
0 0.612994 0.205589 0.002578 0.002673
0 0.611662 0.193890 0.002614 0.003382
0 0.591347 0.244682 0.002812 0.002728
0 0.592284 0.248119 0.002578 0.003164
0 0.583086 0.254066 0.002578 0.002401
0 0.571516 0.251147 0.002168 0.002564
0 0.556636 0.251093 0.002519 0.002673
0 0.552887 0.252948 0.002285 0.002892
0 0.552154 0.250275 0.002226 0.003328
0 0.553092 0.243455 0.001875 0.003546
0 0.558657 0.255703 0.002461 0.003055
0 0.537645 0.245087 0.002001 0.002947
0 0.538336 0.247526 0.001928 0.002473
0 0.540555 0.246357 0.001928 0.002371
0 0.533389 0.249372 0.002073 0.002575
0 0.538973 0.250389 0.002401 0.002168
0 0.547776 0.243037 0.002546 0.001965
0 0.534307 0.258156 0.002315 0.002864
0 0.532554 0.258217 0.002116 0.002248
0 0.530735 0.259465 0.001918 0.003018
0 0.528917 0.257494 0.001720 0.002464
0 0.515000 0.247302 0.002116 0.002279
0 0.511429 0.250474 0.002447 0.002957
0 0.910041 0.189332 0.001992 0.003492
0 0.823388 0.177157 0.001961 0.002981
0 0.427975 0.219574 0.002578 0.003181
0 0.454661 0.218925 0.002245 0.003238
0 0.459789 0.218310 0.003169 0.003238
0 0.459349 0.226262 0.002465 0.003484
0 0.459393 0.230259 0.002993 0.002623
0 0.457104 0.235055 0.002641 0.002869
0 0.459547 0.245549 0.002421 0.002541
0 0.469102 0.253306 0.002033 0.003111
0 0.473556 0.248503 0.002033 0.002886
0 0.473096 0.256687 0.002469 0.002660
0 0.500444 0.249617 0.002276 0.002029
0 0.485386 0.232415 0.002276 0.002525
0 0.495578 0.224817 0.001840 0.003472
0 0.531857 0.185476 0.001710 0.002812
0 0.523945 0.189101 0.002328 0.002812
0 0.509102 0.185696 0.002707 0.002881
0 0.500402 0.187647 0.002191 0.002701
0 0.499297 0.203175 0.002503 0.003224
0 0.545339 0.168346 0.003222 0.002941
0 0.566419 0.176913 0.002364 0.003151
0 0.575331 0.181639 0.002510 0.003049
0 0.519346 0.146485 0.002191 0.003001
0 0.542717 0.131164 0.002465 0.002910
0 0.604023 0.287642 0.002614 0.003201
