0 0.129517 0.138048 0.002678 0.004248
0 0.132673 0.157785 0.003635 0.004071
0 0.132482 0.165839 0.002869 0.003894
0 0.127317 0.165043 0.003635 0.003363
0 0.124256 0.174247 0.003635 0.004779
0 0.121291 0.179204 0.002678 0.003717
0 0.120048 0.179735 0.002104 0.004425
0 0.132535 0.140896 0.002846 0.003657
0 0.133088 0.139360 0.003320 0.004096
0 0.134748 0.138190 0.002846 0.004681
0 0.135064 0.135191 0.003478 0.004242
0 0.119920 0.252507 0.004017 0.003363
0 0.126328 0.262066 0.002296 0.004425
0 0.140771 0.262154 0.002869 0.003894
0 0.162675 0.272598 0.003443 0.003894
0 0.171188 0.279148 0.004017 0.004602
0 0.183717 0.281095 0.003443 0.004602
0 0.196152 0.278263 0.003443 0.004602
0 0.202752 0.268350 0.004017 0.003894
0 0.209447 0.261623 0.004400 0.004248
0 0.223316 0.256578 0.003061 0.005133
0 0.241202 0.262951 0.002487 0.004425
0 0.243880 0.257198 0.004400 0.003894
0 0.247898 0.254012 0.003252 0.004248
0 0.266836 0.247374 0.002104 0.004779
0 0.299835 0.234629 0.002678 0.003717
0 0.304426 0.236930 0.003443 0.004071
0 0.258610 0.273749 0.003252 0.004071
0 0.229150 0.272864 0.002487 0.004071
0 0.216716 0.284370 0.002104 0.005133
0 0.197395 0.306319 0.003635 0.004425
0 0.202082 0.301009 0.002678 0.003363
0 0.109399 0.311895 0.002104 0.003540
0 0.318354 0.254989 0.002435 0.004023
0 0.308180 0.276874 0.002956 0.004667
0 0.327397 0.271483 0.003130 0.004184
0 0.271138 0.276713 0.001913 0.005310
0 0.191109 0.321499 0.002869 0.003540
0 0.170449 0.338846 0.002869 0.004248
0 0.164997 0.346015 0.003061 0.003717
0 0.159832 0.348670 0.003061 0.003717
0 0.129225 0.362920 0.003443 0.003540
0 0.128077 0.338581 0.003443 0.004071
0 0.135538 0.360176 0.002678 0.003009
0 0.137259 0.359999 0.002296 0.003363
0 0.139402 0.388118 0.003788 0.004089
0 0.886119 0.075157 0.003389 0.004704
0 0.893075 0.080873 0.003009 0.004284
0 0.867844 0.047566 0.003472 0.004070
0 0.949160 0.024641 0.003081 0.005702
