0 0.948518 0.531638 0.005002 0.006554
0 0.943517 0.533880 0.004287 0.008279
0 0.946017 0.555094 0.005002 0.007244
0 0.942981 0.568202 0.006074 0.009314
0 0.937264 0.573377 0.005359 0.010004
0 0.933156 0.557681 0.005716 0.008279
0 0.914756 0.548540 0.006788 0.008624
0 0.952448 0.590624 0.004287 0.007244
0 0.955128 0.598731 0.005359 0.004829
0 0.954592 0.609424 0.005002 0.008279
0 0.945660 0.605630 0.006431 0.006899
0 0.945303 0.597696 0.004287 0.006899
0 0.934049 0.594936 0.004645 0.006209
0 0.929047 0.633915 0.003215 0.006209
0 0.941016 0.640987 0.005002 0.004484
0 0.940301 0.652715 0.005716 0.007934
0 0.931548 0.663926 0.006074 0.005519
0 0.925653 0.656855 0.005716 0.006554
0 0.915828 0.650473 0.005359 0.006899
0 0.899572 0.650818 0.005002 0.006899
0 0.943695 0.669100 0.003930 0.006899
0 0.951912 0.675309 0.004645 0.007589
0 0.946732 0.682208 0.006431 0.006209
0 0.873492 0.635985 0.005716 0.007589
0 0.859558 0.621497 0.005716 0.006209
0 0.850448 0.607872 0.007503 0.005864
0 0.858308 0.603215 0.003930 0.006209
0 0.863667 0.599593 0.004645 0.007934
0 0.845625 0.570445 0.002858 0.006209
0 0.854914 0.565788 0.005002 0.005864
0 0.870455 0.554059 0.003930 0.007934
0 0.882066 0.551645 0.004287 0.007934
0 0.890998 0.544401 0.004287 0.008624
0 0.776453 0.631934 0.004148 0.004948
0 0.773524 0.633112 0.004636 0.004948
0 0.770474 0.642183 0.004880 0.005183
0 0.757663 0.643479 0.005124 0.006361
0 0.749610 0.641123 0.003172 0.007304
0 0.745096 0.624984 0.004392 0.006126
0 0.726917 0.616973 0.004148 0.006597
0 0.696170 0.619801 0.004636 0.008011
0 0.669328 0.615677 0.007077 0.008246
0 0.630773 0.615206 0.006589 0.006833
0 0.614423 0.615324 0.004636 0.007068
0 0.609909 0.617444 0.005368 0.008011
0 0.584276 0.607624 0.006821 0.004704
0 0.560079 0.587397 0.006496 0.007526
0 0.564789 0.573129 0.004872 0.005958
0 0.573883 0.564191 0.004872 0.005645
0 0.549036 0.572188 0.005846 0.005958
0 0.548712 0.564348 0.006496 0.005958
0 0.519480 0.560742 0.005197 0.005017
0 0.518344 0.549923 0.005521 0.005958
0 0.505190 0.534400 0.006496 0.005645
0 0.499668 0.538163 0.005197 0.006899
0 0.474497 0.539888 0.004872 0.004077
0 0.467676 0.538163 0.005521 0.006899
0 0.410513 0.537850 0.004872 0.006272
0 0.384043 0.559644 0.005846 0.005331
0 0.390214 0.569209 0.005846 0.006272
0 0.387291 0.578930 0.006496 0.006272
0 0.380145 0.586613 0.005846 0.004704
0 0.383393 0.594296 0.007145 0.006272
0 0.381607 0.599314 0.006171 0.003136
0 0.376248 0.613425 0.007145 0.005017
0 0.340358 0.606526 0.006821 0.005645
0 0.341170 0.598216 0.007145 0.005331
0 0.342794 0.572345 0.006496 0.008153
0 0.303363 0.592205 0.004392 0.006361
0 0.313978 0.585372 0.005124 0.006833
0 0.308610 0.555686 0.005124 0.006361
0 0.304095 0.535541 0.006345 0.008011
0 0.272373 0.557570 0.004880 0.006361
0 0.271396 0.565463 0.004392 0.007068
0 0.278351 0.577126 0.005612 0.005419
0 0.260050 0.580071 0.004636 0.005183
0 0.252851 0.577950 0.004392 0.006126
0 0.248825 0.576890 0.004148 0.006361
0 0.243212 0.577008 0.005124 0.005655
0 0.234915 0.582780 0.004636 0.008717
