0 0.163719 0.566436 0.002823 0.001955
0 0.176067 0.571778 0.001858 0.003337
0 0.173637 0.566503 0.002073 0.002831
0 0.160842 0.566756 0.002073 0.002393
0 0.183376 0.569941 0.002037 0.003168
0 0.171546 0.568138 0.002180 0.002191
0 0.185252 0.566520 0.002216 0.003337
0 0.189702 0.568424 0.002538 0.002764
0 0.196761 0.573294 0.002144 0.002663
0 0.202997 0.570800 0.002680 0.003269
0 0.208340 0.570244 0.002716 0.003033
0 0.213722 0.567136 0.002162 0.002488
0 0.216468 0.567197 0.001860 0.002610
0 0.225117 0.563690 0.001860 0.002692
0 0.228814 0.564098 0.002162 0.003018
0 0.238220 0.567809 0.001946 0.002773
0 0.237822 0.564945 0.001823 0.002562
0 0.239805 0.561439 0.002716 0.002427
0 0.244612 0.559788 0.001966 0.003303
0 0.246185 0.558035 0.003038 0.002629
0 0.250330 0.561153 0.003038 0.001989
0 0.247471 0.565888 0.001894 0.002629
0 0.250902 0.568298 0.002395 0.003337
0 0.253565 0.571803 0.002287 0.002258
0 0.258068 0.573337 0.002001 0.002764
0 0.264573 0.580132 0.002895 0.003269
0 0.280441 0.572667 0.002538 0.002292
0 0.279548 0.567796 0.002109 0.002663
0 0.291839 0.564050 0.001966 0.002797
0 0.293340 0.562652 0.002395 0.002562
0 0.296717 0.565500 0.001930 0.002326
0 0.298879 0.563629 0.001823 0.002629
0 0.299398 0.566410 0.002502 0.002460
0 0.304633 0.560124 0.002323 0.002629
0 0.307671 0.563747 0.002323 0.002663
0 0.309244 0.563730 0.001966 0.002629
0 0.298022 0.557343 0.002895 0.003606
0 0.318662 0.541682 0.002001 0.002865
0 0.322647 0.545811 0.001966 0.003505
0 0.326721 0.521796 0.002680 0.003067
0 0.319627 0.529717 0.002502 0.003067
0 0.310387 0.589515 0.003520 0.003140
0 0.318688 0.593508 0.002521 0.003050
0 0.324991 0.596446 0.002854 0.001839
0 0.330889 0.586823 0.001998 0.002692
0 0.336764 0.587250 0.003473 0.002108
0 0.341141 0.595997 0.002616 0.002647
0 0.346587 0.589851 0.002188 0.002647
0 0.346540 0.587182 0.002283 0.002153
0 0.352486 0.598442 0.002569 0.002692
0 0.351416 0.608468 0.003377 0.002108
0 0.356958 0.605597 0.001998 0.002288
0 0.358147 0.606248 0.001998 0.002512
0 0.356839 0.609231 0.002616 0.002378
0 0.355197 0.609433 0.002283 0.002243
0 0.354555 0.608177 0.002807 0.001705
0 0.364953 0.598265 0.003039 0.003344
