0 0.705153 0.352564 0.002486 0.004406
0 0.704877 0.378869 0.003038 0.003628
0 0.757615 0.417894 0.002762 0.004005
0 0.751212 0.432501 0.003013 0.004005
0 0.747149 0.447684 0.001758 0.003770
0 0.755812 0.460406 0.002009 0.003298
0 0.755561 0.469831 0.002009 0.003770
0 0.749534 0.485381 0.002511 0.004712
0 0.754557 0.492095 0.002009 0.004477
0 0.756440 0.502580 0.002762 0.003770
0 0.741499 0.518130 0.003013 0.003770
0 0.735723 0.530028 0.003013 0.003063
0 0.728818 0.534740 0.002260 0.003063
0 0.720531 0.541690 0.002260 0.002827
0 0.716601 0.552363 0.003038 0.003628
0 0.714668 0.557158 0.002486 0.003369
0 0.702376 0.574133 0.002210 0.003628
0 0.721988 0.571412 0.002210 0.003369
0 0.721850 0.578280 0.001934 0.004147
0 0.721988 0.587480 0.002210 0.003369
0 0.728203 0.587610 0.002486 0.004665
0 0.721725 0.603564 0.002210 0.003628
0 0.724902 0.607322 0.001934 0.003369
0 0.727526 0.609525 0.002762 0.002073
0 0.734017 0.613153 0.002486 0.003628
0 0.746775 0.610544 0.002075 0.003505
0 0.760887 0.609376 0.002075 0.003894
0 0.773858 0.613173 0.003113 0.002531
0 0.738474 0.626511 0.001660 0.003115
0 0.740238 0.634786 0.002698 0.003310
0 0.740238 0.640920 0.001868 0.003115
0 0.746360 0.648416 0.002905 0.003310
0 0.786427 0.617931 0.002807 0.003072
0 0.783933 0.620784 0.002183 0.003218
0 0.785024 0.623856 0.002495 0.002926
0 0.790481 0.629562 0.002183 0.002341
0 0.795081 0.631756 0.002339 0.002926
0 0.798589 0.627952 0.002183 0.002926
0 0.799992 0.632341 0.001871 0.003218
0 0.803734 0.639071 0.002807 0.003511
0 0.809191 0.644630 0.003742 0.002048
0 0.811842 0.637681 0.002495 0.003657
0 0.810985 0.638266 0.002962 0.002487
0 0.811296 0.640095 0.002339 0.002633
0 0.809425 0.651067 0.002962 0.002926
0 0.812232 0.653700 0.002027 0.002926
0 0.837179 0.620930 0.003586 0.003218
0 0.845989 0.619102 0.002183 0.003365
0 0.837429 0.587415 0.002058 0.004828
0 0.832026 0.594656 0.002573 0.003862
0 0.870382 0.627915 0.004018 0.003770
0 0.869503 0.636397 0.002260 0.004241
0 0.865109 0.639931 0.002009 0.003298
0 0.869001 0.650062 0.002762 0.004712
0 0.872986 0.647850 0.002495 0.002926
0 0.840555 0.653555 0.001871 0.003804
0 0.824495 0.657798 0.002495 0.002926
0 0.822312 0.664308 0.001871 0.003657
0 0.838447 0.672379 0.002556 0.003497
0 0.838873 0.674627 0.002556 0.002198
0 0.835412 0.673278 0.001810 0.003297
0 0.832963 0.674028 0.001810 0.002998
0 0.832909 0.676776 0.001704 0.003297
0 0.822153 0.688067 0.002343 0.003697
0 0.846967 0.700407 0.003621 0.001799
0 0.853995 0.681572 0.001704 0.003098
0 0.846221 0.679174 0.001704 0.003897
0 0.847446 0.680023 0.003301 0.002398
0 0.852824 0.684120 0.002130 0.002598
0 0.850321 0.684020 0.002449 0.001799
0 0.852078 0.685469 0.001704 0.003098
0 0.864751 0.681572 0.002130 0.002698
0 0.863314 0.682621 0.002236 0.003197
0 0.864592 0.683320 0.001810 0.003197
0 0.867840 0.688166 0.003195 0.002298
0 0.868106 0.691014 0.002023 0.002998
0 0.867254 0.692863 0.002023 0.003098
0 0.875454 0.695760 0.001810 0.003098
0 0.874762 0.699208 0.003834 0.001998
0 0.884080 0.695461 0.002236 0.004097
0 0.888873 0.695161 0.003727 0.002498
0 0.890044 0.701905 0.002236 0.003397
0 0.894144 0.698208 0.002343 0.003797
0 0.900800 0.699208 0.002449 0.003197
0 0.903888 0.675527 0.002875 0.001998
0 0.906977 0.692313 0.002023 0.003997
0 0.909533 0.691614 0.002662 0.002798
0 0.921087 0.689715 0.001704 0.003197
0 0.918052 0.697759 0.002023 0.003497
0 0.928968 0.685818 0.001704 0.003797
0 0.932642 0.678974 0.002236 0.003697
0 0.929234 0.719591 0.003088 0.002998
0 0.933557 0.678173 0.003046 0.002198
0 0.939297 0.670754 0.003046 0.003407
0 0.941874 0.677844 0.002109 0.003737
0 0.946970 0.670589 0.001757 0.003078
0 0.950309 0.671249 0.003046 0.003078
0 0.950894 0.674107 0.001874 0.003297
0 0.959622 0.673502 0.002929 0.002748
0 0.959095 0.670479 0.001874 0.003517
0 0.965596 0.680866 0.001991 0.003627
0 0.971453 0.682130 0.002226 0.003297
0 0.971043 0.685592 0.002343 0.003187
0 0.976783 0.687076 0.002343 0.003078
0 0.980942 0.686966 0.002460 0.003297
0 0.963019 0.684163 0.002460 0.003627
0 0.961672 0.682130 0.001874 0.002858
0 0.960149 0.681965 0.002811 0.003187
0 0.972508 0.699057 0.003866 0.002858
0 0.983109 0.712631 0.003749 0.002528
0 0.959329 0.699441 0.003046 0.001869
0 0.935900 0.698012 0.002343 0.003847
0 0.977823 0.733492 0.001804 0.004111
0 0.976534 0.731739 0.002835 0.003264
0 0.976792 0.734157 0.002062 0.004715
0 0.887174 0.731386 0.001871 0.004242
0 0.887486 0.735774 0.001871 0.003657
0 0.806024 0.717068 0.001746 0.003139
0 0.804606 0.725190 0.002109 0.002730
0 0.805551 0.724712 0.001673 0.004095
0 0.806315 0.725701 0.001746 0.004163
0 0.769707 0.718132 0.003776 0.001635
0 0.765544 0.721312 0.001839 0.003997
0 0.761187 0.721448 0.002808 0.003361
0 0.747246 0.707868 0.002227 0.003633
0 0.741921 0.724536 0.002227 0.003361
0 0.746181 0.734437 0.004357 0.002271
0 0.731998 0.702372 0.001936 0.003724
0 0.740294 0.677651 0.002977 0.003724
0 0.741499 0.695738 0.001701 0.003458
0 0.721158 0.697733 0.002126 0.003724
0 0.701031 0.700725 0.002693 0.003059
0 0.727608 0.728786 0.002835 0.003325
0 0.746518 0.657647 0.002075 0.003540
0 0.694479 0.704386 0.001757 0.003297
0 0.687216 0.708123 0.002226 0.003517
0 0.689734 0.708727 0.002109 0.003407
0 0.686220 0.712245 0.001874 0.003847
0 0.680890 0.714937 0.001991 0.003517
0 0.656992 0.702297 0.001757 0.003957
0 0.719606 0.737799 0.001874 0.004177
0 0.719782 0.741976 0.004100 0.002198
0 0.664630 0.690207 0.002904 0.001635
0 0.664437 0.691024 0.002711 0.001635
0 0.644154 0.692795 0.001839 0.003724
0 0.638733 0.688435 0.002033 0.004451
0 0.614481 0.707284 0.002130 0.003815
0 0.626611 0.662466 0.002460 0.004177
0 0.578328 0.754887 0.002744 0.004184
0 0.605084 0.748370 0.002401 0.004345
0 0.575155 0.755370 0.002916 0.003218
0 0.635613 0.770577 0.004116 0.003379
0 0.586990 0.778704 0.001887 0.004184
0 0.533564 0.760520 0.002401 0.003862
0 0.537509 0.741209 0.002401 0.004184
0 0.515469 0.765508 0.003259 0.003862
0 0.509809 0.766393 0.001887 0.003379
0 0.491801 0.763014 0.002573 0.004345
0 0.620104 0.797775 0.004794 0.003213
0 0.650922 0.802380 0.004337 0.003427
0 0.657656 0.808698 0.002739 0.004498
0 0.741054 0.805711 0.002264 0.004425
0 0.749449 0.813234 0.002453 0.004602
0 0.795860 0.804206 0.003207 0.002832
0 0.798124 0.807304 0.003585 0.004425
0 0.826141 0.803409 0.002264 0.004071
0 0.843403 0.797214 0.003585 0.004071
0 0.854063 0.821022 0.002641 0.004956
0 0.899560 0.811538 0.002739 0.005140
0 0.928209 0.816464 0.003424 0.005569
0 0.574139 0.809591 0.003602 0.004023
0 0.611218 0.885608 0.002698 0.003894
0 0.614019 0.888236 0.002075 0.004089
0 0.611114 0.889599 0.002905 0.002531
0 0.614746 0.894467 0.003113 0.004478
0 0.522978 0.910986 0.002027 0.003804
0 0.527967 0.911352 0.002027 0.004242
0 0.526018 0.915082 0.002807 0.003511
0 0.522978 0.918155 0.002651 0.004096
0 0.521652 0.920934 0.002807 0.003804
0 0.568954 0.835959 0.002977 0.002793
0 0.471378 0.895450 0.002744 0.003862
0 0.472150 0.892794 0.002573 0.004023
0 0.463489 0.885311 0.002401 0.004184
0 0.461173 0.877104 0.001887 0.004184
0 0.490245 0.832610 0.002058 0.004667
0 0.436990 0.840334 0.002573 0.003701
0 0.487638 0.811832 0.002830 0.004071
0 0.472922 0.792803 0.002453 0.004602
0 0.482261 0.761914 0.002641 0.004071
0 0.475092 0.763419 0.002264 0.004248
0 0.462168 0.776253 0.002453 0.004425
0 0.458219 0.766009 0.003046 0.002638
0 0.456813 0.766779 0.003749 0.002198
0 0.427117 0.768098 0.002460 0.003297
0 0.417511 0.775297 0.001991 0.003627
0 0.405797 0.780408 0.001991 0.004177
0 0.390217 0.779199 0.001991 0.003737
0 0.428347 0.814975 0.002343 0.003407
0 0.360013 0.784280 0.002962 0.003804
0 0.360871 0.788888 0.004054 0.002487
0 0.354010 0.792253 0.003118 0.002780
0 0.383910 0.849280 0.002453 0.004071
0 0.360327 0.866804 0.003207 0.005133
0 0.253661 0.925746 0.003118 0.002793
0 0.253449 0.928140 0.003827 0.002527
0 0.249551 0.925280 0.001984 0.003724
0 0.242889 0.922554 0.003685 0.003857
0 0.237432 0.920758 0.002693 0.003990
0 0.232116 0.922354 0.002835 0.003724
0 0.221769 0.925945 0.001984 0.003990
0 0.215674 0.925746 0.002835 0.003857
0 0.200649 0.925679 0.003969 0.001862
0 0.187196 0.921834 0.002511 0.004712
0 0.170999 0.922776 0.002260 0.003770
0 0.147897 0.917475 0.002762 0.003534
0 0.126176 0.909935 0.004018 0.004005
0 0.105933 0.896525 0.002830 0.004248
0 0.099518 0.885727 0.003207 0.003894
0 0.081784 0.897233 0.002075 0.003540
0 0.055277 0.912191 0.002641 0.004071
0 0.057635 0.917324 0.004339 0.004071
0 0.052541 0.929538 0.002830 0.003717
0 0.050089 0.938477 0.003207 0.003186
0 0.046976 0.942726 0.002641 0.002478
0 0.044334 0.945381 0.002264 0.004602
0 0.042448 0.945293 0.002641 0.004425
0 0.038203 0.953081 0.002453 0.004779
0 0.086182 0.958428 0.002739 0.004070
0 0.082351 0.952355 0.003118 0.004242
0 0.079016 0.963124 0.002126 0.003990
0 0.076677 0.965584 0.001984 0.003591
0 0.073772 0.965252 0.002126 0.003192
0 0.047620 0.963789 0.003685 0.004256
0 0.039115 0.959666 0.001984 0.003458
0 0.037910 0.958269 0.002126 0.003059
0 0.032169 0.962991 0.002551 0.003990
0 0.032240 0.969108 0.002126 0.003458
0 0.029547 0.971768 0.002410 0.003724
0 0.026641 0.972034 0.002551 0.003458
0 0.026429 0.969042 0.002693 0.003325
0 0.025224 0.974894 0.001984 0.003591
0 0.019200 0.955277 0.002126 0.002926
0 0.952321 0.874752 0.004412 0.006209
0 0.950847 0.811033 0.002210 0.004406
0 0.742875 0.427620 0.003430 0.004023
