0 0.071091 0.354131 0.002139 0.003125
0 0.079218 0.349922 0.002424 0.002615
0 0.079967 0.347020 0.002638 0.002933
0 0.083246 0.347020 0.002495 0.003444
0 0.082034 0.349985 0.002495 0.002870
0 0.088379 0.348678 0.003921 0.001913
0 0.089163 0.334776 0.003066 0.003699
0 0.104591 0.349121 0.003993 0.002004
0 0.117213 0.355935 0.002656 0.003276
0 0.122062 0.352353 0.002213 0.003240
0 0.117695 0.349239 0.002334 0.003852
0 0.116388 0.343948 0.002294 0.003420
0 0.122846 0.343444 0.003380 0.003132
0 0.113208 0.343894 0.002455 0.002880
0 0.112384 0.345820 0.003219 0.001908
0 0.127213 0.340618 0.002294 0.003096
0 0.133088 0.343750 0.002616 0.003240
0 0.134597 0.345820 0.003300 0.001620
0 0.129587 0.349851 0.002213 0.002772
0 0.131277 0.349131 0.002213 0.002844
0 0.130613 0.355269 0.002495 0.002088
0 0.130572 0.352644 0.002144 0.002427
0 0.131627 0.352255 0.002178 0.002188
0 0.133637 0.351326 0.002245 0.002607
0 0.135262 0.350786 0.001876 0.002487
0 0.134534 0.348049 0.001943 0.002517
0 0.136293 0.348153 0.002044 0.002727
