0 0.017054 0.462355 0.004411 0.003691
0 0.134424 0.418590 0.002830 0.003650
0 0.142686 0.408999 0.002739 0.004329
0 0.146338 0.410696 0.002739 0.003480
0 0.163069 0.485790 0.002374 0.002886
0 0.163571 0.477606 0.003093 0.003157
0 0.177907 0.477290 0.002641 0.003648
0 0.184018 0.482271 0.002490 0.002946
0 0.189639 0.471187 0.002565 0.003367
0 0.198717 0.454268 0.003378 0.003820
0 0.206234 0.438959 0.002681 0.003536
0 0.276283 0.399483 0.002619 0.003247
0 0.284264 0.387772 0.002494 0.003015
0 0.289533 0.384091 0.005051 0.003073
0 0.281156 0.326023 0.002282 0.002631
0 0.303199 0.315609 0.002246 0.003348
0 0.304228 0.311445 0.002087 0.003445
0 0.309977 0.298734 0.002342 0.003128
0 0.301992 0.295408 0.002555 0.002970
0 0.308593 0.288182 0.002129 0.002772
0 0.314364 0.285648 0.002002 0.002772
0 0.309424 0.282282 0.002087 0.003722
0 0.262508 0.276438 0.002061 0.002308
0 0.324013 0.243028 0.002225 0.002726
0 0.260491 0.239076 0.004103 0.003894
0 0.187560 0.315432 0.004831 0.002865
0 0.073994 0.263734 0.003808 0.002229
0 0.070256 0.264455 0.003009 0.003672
0 0.310820 0.320881 0.002689 0.003510
0 0.311337 0.324775 0.002172 0.003414
0 0.311259 0.328021 0.002844 0.003270
0 0.313307 0.341270 0.002674 0.002750
0 0.312824 0.332861 0.003755 0.003385
0 0.326335 0.358010 0.003812 0.002274
0 0.328639 0.359306 0.002617 0.002962
0 0.326164 0.366499 0.003015 0.003597
0 0.335067 0.378770 0.002162 0.003385
0 0.342491 0.380594 0.002674 0.003438
0 0.360155 0.387708 0.001934 0.003597
0 0.362061 0.386915 0.002674 0.003068
0 0.373154 0.393526 0.002560 0.003173
0 0.382484 0.392124 0.003698 0.001851
0 0.382939 0.393420 0.003015 0.002010
0 0.388912 0.395536 0.002788 0.003068
0 0.403041 0.390922 0.002607 0.002066
0 0.421395 0.377252 0.002691 0.002444
0 0.440375 0.356910 0.003462 0.002066
0 0.433729 0.370898 0.003505 0.002305
0 0.446107 0.348119 0.003103 0.003173
0 0.451925 0.343623 0.002948 0.003318
0 0.463898 0.341628 0.003103 0.002116
0 0.470569 0.341147 0.004034 0.002500
0 0.478921 0.335786 0.003879 0.001683
0 0.480706 0.334800 0.002482 0.002308
0 0.487506 0.331651 0.002534 0.003798
0 0.507421 0.378142 0.002753 0.003392
0 0.525662 0.375039 0.001927 0.003072
0 0.532649 0.380766 0.003373 0.002752
0 0.492658 0.315461 0.002253 0.003025
0 0.493096 0.321948 0.003629 0.002153
0 0.495881 0.323635 0.003442 0.002269
0 0.630360 0.475711 0.002048 0.003279
0 0.655348 0.508828 0.002603 0.001770
0 0.654877 0.508196 0.002332 0.003015
0 0.633224 0.293787 0.002689 0.003558
0 0.642896 0.291744 0.002896 0.003029
0 0.645093 0.295542 0.002534 0.003606
0 0.651118 0.288402 0.002379 0.002981
0 0.651584 0.291624 0.002586 0.003462
0 0.651687 0.296672 0.002172 0.002981
0 0.651558 0.293956 0.001810 0.002741
0 0.651843 0.299605 0.002896 0.002885
0 0.653678 0.279387 0.002638 0.003414
0 0.650808 0.276502 0.002586 0.002837
0 0.734673 0.471587 0.002565 0.003492
0 0.743148 0.459279 0.003207 0.003748
0 0.779610 0.467733 0.002503 0.002385
0 0.836618 0.464620 0.003129 0.003723
0 0.799190 0.480126 0.002446 0.003121
0 0.862308 0.448312 0.002503 0.003068
0 0.851413 0.437338 0.003129 0.002592
0 0.887111 0.439506 0.002389 0.002909
0 0.887993 0.447281 0.002560 0.002697
0 0.902298 0.410887 0.002272 0.003520
0 0.897239 0.407719 0.002891 0.002944
0 0.869257 0.404711 0.003098 0.002304
0 0.871212 0.395740 0.002261 0.002660
0 0.880555 0.397283 0.002791 0.003251
0 0.878241 0.384902 0.002261 0.002529
0 0.799352 0.404238 0.002998 0.002865
0 0.799144 0.398198 0.002749 0.002710
0 0.806452 0.379918 0.003103 0.002789
0 0.858108 0.366868 0.002816 0.002793
0 0.816181 0.366257 0.002441 0.003433
0 0.848784 0.351770 0.003317 0.003316
0 0.842526 0.348861 0.002566 0.002851
0 0.839303 0.353137 0.003379 0.003258
0 0.825442 0.342578 0.002441 0.002502
0 0.837183 0.336138 0.001826 0.002601
0 0.836562 0.337547 0.001904 0.002601
0 0.840020 0.330431 0.002526 0.002818
0 0.841710 0.331623 0.002331 0.002745
0 0.864441 0.336247 0.002409 0.002529
0 0.873222 0.335994 0.002254 0.002095
0 0.881867 0.332436 0.001982 0.002709
0 0.885209 0.329618 0.002759 0.002565
0 0.751060 0.351625 0.002691 0.003316
0 0.764858 0.360585 0.002753 0.003084
0 0.784741 0.355861 0.002868 0.003453
0 0.804761 0.334848 0.002788 0.002063
0 0.813668 0.327043 0.002308 0.002901
0 0.769341 0.296874 0.002844 0.003121
0 0.825243 0.305511 0.002331 0.002493
0 0.888276 0.316970 0.002844 0.003173
0 0.876500 0.314617 0.002731 0.002803
0 0.835461 0.311473 0.002788 0.003121
0 0.932713 0.303254 0.003144 0.002102
0 0.890214 0.301112 0.002793 0.002741
0 0.893705 0.284019 0.002948 0.003366
0 0.898075 0.276566 0.002896 0.003270
0 0.771443 0.259554 0.003527 0.002803
0 0.767717 0.218722 0.003015 0.003967
0 0.779464 0.214544 0.002731 0.003544
0 0.783532 0.214729 0.003584 0.002539
0 0.800939 0.214623 0.002674 0.003597
0 0.795450 0.213777 0.004665 0.003279
0 0.925306 0.290217 0.003258 0.003414
0 0.842143 0.281421 0.002304 0.003322
0 0.844894 0.278186 0.003009 0.002448
0 0.853700 0.271462 0.003462 0.001773
0 0.854442 0.262185 0.002614 0.003777
0 0.854902 0.246737 0.002897 0.003087
0 0.863592 0.241368 0.002473 0.002791
0 0.865905 0.230859 0.002579 0.003645
0 0.867984 0.219566 0.002526 0.003179
0 0.871151 0.212341 0.002331 0.003468
0 0.875872 0.206200 0.004002 0.002023
0 0.879019 0.203743 0.002681 0.003034
0 0.882400 0.203508 0.004080 0.002420
0 0.890113 0.203888 0.002720 0.003468
0 0.895708 0.198559 0.002720 0.002854
0 0.899535 0.189221 0.002448 0.003179
0 0.908763 0.188408 0.002020 0.003360
0 0.908511 0.184362 0.002448 0.003287
0 0.911444 0.185735 0.002020 0.003215
0 0.926093 0.183604 0.002642 0.003143
0 0.931630 0.183567 0.002526 0.002854
0 0.937147 0.182737 0.002292 0.003215
