0 0.084805 0.807470 0.002385 0.003438
0 0.111434 0.795986 0.002385 0.003438
0 0.097205 0.806532 0.002385 0.003438
0 0.047712 0.760650 0.002385 0.003438
0 0.209140 0.754144 0.002385 0.003438
0 0.196342 0.761253 0.002385 0.003438
0 0.136326 0.786410 0.002385 0.003438
0 0.158146 0.776800 0.003418 0.003438
0 0.258086 0.699756 0.002385 0.004219
0 0.250057 0.717413 0.002385 0.004219
0 0.246321 0.721006 0.002385 0.004219
0 0.293300 0.668350 0.002385 0.004219
0 0.301011 0.664834 0.002385 0.004219
0 0.279946 0.684131 0.002385 0.004219
0 0.196815 0.618044 0.002385 0.004219
0 0.244749 0.549542 0.002385 0.004219
0 0.260873 0.641486 0.004213 0.002344
0 0.268106 0.650002 0.004213 0.002344
0 0.687969 0.637431 0.002226 0.004141
0 0.681768 0.639306 0.002226 0.004141
0 0.770977 0.630964 0.002226 0.004141
0 0.704872 0.642002 0.002226 0.004141
0 0.210454 0.459052 0.002226 0.004141
