0 0.811997 0.329319 0.005316 0.005174
0 0.806111 0.322765 0.003418 0.006554
0 0.801934 0.326905 0.006456 0.003794
0 0.800225 0.322248 0.003038 0.006899
0 0.794529 0.320523 0.003797 0.008969
0 0.795479 0.317074 0.005696 0.004829
0 0.794719 0.310002 0.002658 0.005864
0 0.793200 0.305173 0.004177 0.005864
0 0.787314 0.306208 0.005316 0.005864
0 0.788643 0.312589 0.004177 0.005519
0 0.792631 0.295514 0.005316 0.006554
0 0.816395 0.273504 0.007352 0.009183
0 0.804449 0.274965 0.007352 0.009600
0 0.688778 0.298115 0.004394 0.003991
0 0.665240 0.294551 0.005021 0.004846
0 0.695368 0.291843 0.003138 0.006272
0 0.692857 0.291558 0.004394 0.003421
0 0.692857 0.297830 0.002511 0.003991
0 0.689405 0.294979 0.003138 0.003991
0 0.692544 0.295121 0.001883 0.004276
0 0.706509 0.260484 0.002824 0.007982
0 0.703842 0.274881 0.002511 0.004846
0 0.700389 0.281580 0.003766 0.006272
0 0.649185 0.323608 0.004080 0.005702
0 0.642281 0.321042 0.003452 0.006272
0 0.642281 0.316908 0.007218 0.004276
0 0.589569 0.349136 0.005430 0.006451
0 0.588525 0.358432 0.005013 0.007589
0 0.583512 0.335855 0.004177 0.006451
0 0.582050 0.332250 0.007937 0.002277
0 0.578082 0.325990 0.003342 0.005692
0 0.580170 0.326938 0.003342 0.004553
0 0.579335 0.329594 0.004177 0.003036
0 0.569310 0.322764 0.003342 0.003794
0 0.570380 0.327026 0.002480 0.004828
0 0.576138 0.309566 0.003012 0.003701
0 0.548325 0.311900 0.003012 0.003862
0 0.544693 0.306509 0.003189 0.003701
0 0.538493 0.303693 0.002834 0.004506
0 0.542036 0.309566 0.004606 0.002414
0 0.543896 0.311819 0.002657 0.004989
0 0.532204 0.308198 0.004074 0.003540
0 0.527244 0.311175 0.003012 0.004989
0 0.523790 0.308038 0.002480 0.004184
0 0.524587 0.303049 0.001949 0.004506
0 0.523435 0.305060 0.002480 0.003701
0 0.521752 0.301681 0.003012 0.004667
0 0.519095 0.300555 0.002303 0.005310
0 0.519715 0.306428 0.002126 0.004828
0 0.518209 0.307233 0.002657 0.004828
0 0.514401 0.304175 0.004960 0.002897
0 0.511301 0.311095 0.002303 0.004828
0 0.558329 0.315477 0.003993 0.002539
0 0.560858 0.316323 0.001863 0.003264
0 0.557064 0.322550 0.001996 0.003385
0 0.558129 0.322006 0.002529 0.005199
0 0.498635 0.308948 0.002263 0.003264
0 0.498502 0.305382 0.002263 0.003143
0 0.496972 0.305321 0.002130 0.003023
0 0.503826 0.310097 0.002263 0.004111
0 0.502495 0.308767 0.002263 0.006045
0 0.502295 0.305684 0.001863 0.005199
0 0.489151 0.304894 0.003865 0.005852
0 0.486494 0.307527 0.002738 0.004974
0 0.485286 0.305479 0.001933 0.004681
0 0.484239 0.303650 0.002094 0.004242
0 0.483515 0.304674 0.002255 0.004242
0 0.472403 0.304455 0.003221 0.004681
0 0.455251 0.299042 0.002094 0.004681
0 0.450178 0.314110 0.002255 0.004096
0 0.449615 0.316012 0.002738 0.004681
0 0.401973 0.251706 0.003060 0.004828
0 0.400765 0.246951 0.002577 0.004389
0 0.397383 0.246513 0.004509 0.003218
0 0.386110 0.234955 0.002577 0.004389
0 0.384016 0.231298 0.004187 0.003511
0 0.385063 0.238832 0.002738 0.003365
0 0.384660 0.242636 0.001933 0.003365
0 0.383533 0.247317 0.003221 0.004828
0 0.380151 0.245562 0.002577 0.003365
0 0.378863 0.246513 0.002577 0.004681
0 0.381359 0.235979 0.002094 0.003511
0 0.381600 0.239125 0.002255 0.004535
0 0.391263 0.248561 0.002577 0.004681
0 0.389894 0.247610 0.002416 0.004828
0 0.388606 0.248780 0.003060 0.004242
0 0.391505 0.254047 0.002416 0.005413
0 0.394081 0.252437 0.002094 0.003950
0 0.397624 0.250682 0.003704 0.003072
0 0.397624 0.252949 0.002416 0.004096
0 0.106016 0.300556 0.003138 0.005442
0 0.113434 0.301982 0.002568 0.005183
0 0.111864 0.299908 0.002853 0.004665
0 0.109582 0.302241 0.002853 0.005702
0 0.111864 0.292263 0.002282 0.004924
0 0.110295 0.292652 0.002568 0.004665
0 0.107300 0.286172 0.004565 0.006738
0 0.111009 0.281507 0.003994 0.005702
0 0.100880 0.270234 0.004280 0.006997
0 0.110866 0.263366 0.005991 0.006220
0 0.107585 0.265569 0.004565 0.004924
