0 0.027659 0.981613 0.003938 0.006451
0 0.023229 0.980538 0.004266 0.004301
0 0.051123 0.970861 0.003610 0.005837
0 0.047678 0.971936 0.004594 0.006144
0 0.112820 0.941832 0.007548 0.006144
0 0.141371 0.944904 0.004266 0.007987
0 0.143668 0.939528 0.004923 0.006451
0 0.155154 0.934613 0.005579 0.005222
0 0.138253 0.945672 0.005251 0.004608
0 0.136612 0.941217 0.004594 0.006144
0 0.086894 0.977619 0.008861 0.003993
0 0.209138 0.936302 0.006563 0.007373
0 0.279859 0.919407 0.003610 0.008601
0 0.095657 0.953943 0.005196 0.006400
0 0.123689 0.933719 0.004376 0.006400
0 0.180845 0.935127 0.004923 0.004096
0 0.382084 0.877475 0.005251 0.005222
0 0.374208 0.890684 0.004594 0.005837
0 0.441811 0.894524 0.003938 0.004301
0 0.438366 0.896368 0.003610 0.006144
0 0.455595 0.915874 0.005251 0.005837
0 0.481192 0.894217 0.006563 0.007373
0 0.477254 0.885462 0.005907 0.005837
0 0.528449 0.905583 0.005251 0.006758
0 0.546006 0.902204 0.005579 0.006144
0 0.578331 0.901743 0.005251 0.004608
0 0.586699 0.908348 0.004923 0.004301
0 0.586043 0.910037 0.004923 0.003993
0 0.643637 0.921864 0.005907 0.006758
0 0.656764 0.924629 0.004594 0.006144
0 0.665788 0.918946 0.004923 0.005222
0 0.657584 0.911727 0.004923 0.006144
0 0.653154 0.893449 0.005251 0.007065
0 0.623290 0.870871 0.005907 0.004301
0 0.620336 0.865802 0.003938 0.005222
0 0.626079 0.855972 0.004266 0.007065
0 0.676454 0.921864 0.005251 0.006144
0 0.660373 0.907734 0.004594 0.006758
0 0.677931 0.902051 0.004266 0.006451
0 0.684166 0.925243 0.004266 0.007373
0 0.693355 0.928162 0.003610 0.005837
0 0.704184 0.926011 0.004923 0.003993
0 0.704020 0.930466 0.003282 0.004301
0 0.707138 0.932002 0.002954 0.006144
0 0.708286 0.941217 0.004594 0.005529
0 0.723875 0.906044 0.004923 0.003379
0 0.729125 0.926319 0.004266 0.005222
0 0.736181 0.935227 0.003938 0.005222
0 0.752754 0.937377 0.003610 0.002765
0 0.751933 0.935227 0.005251 0.002765
0 0.759317 0.940296 0.005579 0.004301
0 0.766701 0.929544 0.004594 0.004301
0 0.757184 0.928162 0.003282 0.004608
0 0.753574 0.925704 0.003938 0.004608
0 0.858753 0.942753 0.003610 0.006144
0 0.846118 0.934920 0.005251 0.003993
0 0.833976 0.928930 0.006563 0.004915
0 0.832827 0.935688 0.004923 0.006144
0 0.826592 0.937838 0.004923 0.005529
0 0.824459 0.941832 0.004594 0.004301
0 0.822654 0.938606 0.002954 0.005222
0 0.827413 0.961953 0.005251 0.005222
0 0.896164 0.949204 0.004266 0.004915
0 0.915198 0.950740 0.004266 0.005529
0 0.920285 0.955348 0.004594 0.005529
0 0.953102 0.970554 0.004594 0.005837
0 0.962127 0.973472 0.003610 0.006144
0 0.976895 0.958881 0.006235 0.004608
0 0.944800 0.664415 0.003555 0.004864
0 0.943023 0.669407 0.003829 0.004096
0 0.889148 0.678879 0.003829 0.004608
0 0.885866 0.676447 0.004376 0.004864
0 0.873833 0.661983 0.004923 0.004608
0 0.877799 0.676959 0.004102 0.003840
0 0.876431 0.681183 0.003555 0.004608
0 0.874654 0.682719 0.003282 0.005120
0 0.866449 0.683103 0.004376 0.004352
0 0.861937 0.681311 0.003555 0.004352
0 0.864262 0.684255 0.002735 0.003584
0 0.861937 0.687071 0.004102 0.004096
0 0.863441 0.693215 0.003829 0.005632
0 0.858655 0.692575 0.005196 0.003328
0 0.854963 0.691423 0.003282 0.004608
0 0.852365 0.687583 0.003008 0.004096
0 0.844982 0.693983 0.004102 0.004096
0 0.843614 0.697182 0.004102 0.005376
0 0.828710 0.705502 0.005470 0.003584
0 0.823924 0.709854 0.004649 0.005120
0 0.817087 0.714462 0.006290 0.005632
0 0.824623 0.637406 0.004923 0.007373
0 0.781469 0.714511 0.003938 0.005529
0 0.778679 0.712975 0.003610 0.004915
0 0.778843 0.716968 0.003938 0.004301
0 0.769326 0.710517 0.004594 0.005529
0 0.764568 0.715432 0.005579 0.007987
0 0.759481 0.715125 0.005251 0.006144
0 0.753574 0.713435 0.004594 0.007065
0 0.746682 0.709288 0.003938 0.006144
0 0.753574 0.735707 0.003938 0.006758
0 0.732735 0.700687 0.005579 0.006758
0 0.729125 0.685481 0.004923 0.005837
0 0.677110 0.699151 0.005907 0.005529
0 0.837145 0.855017 0.007482 0.005529
0 0.806625 0.930401 0.006301 0.005161
0 0.788116 0.924687 0.004726 0.009953
0 0.615826 0.831240 0.005907 0.005898
0 0.745388 0.963946 0.004332 0.005161
0 0.740072 0.963025 0.003938 0.007004
0 0.372895 0.709288 0.003282 0.004301
0 0.375849 0.704834 0.002625 0.004608
0 0.369942 0.708827 0.002625 0.003379
0 0.369778 0.702991 0.003610 0.004608
0 0.365512 0.703605 0.002954 0.005222
0 0.343313 0.520301 0.004332 0.004792
0 0.342919 0.528596 0.005119 0.007373
0 0.092065 0.945884 0.007482 0.006635
0 0.324213 0.897040 0.007088 0.007004
0 0.150348 0.965974 0.005119 0.007004
