0 0.909705 0.204226 0.006197 0.007513
0 0.895097 0.200887 0.006197 0.007513
0 0.889121 0.190452 0.008411 0.005843
0 0.876063 0.184818 0.007083 0.005426
0 0.855700 0.191287 0.007083 0.006678
0 0.818959 0.189618 0.007083 0.007513
0 0.803245 0.191705 0.006640 0.007513
0 0.789965 0.208400 0.006640 0.005843
0 0.767832 0.232191 0.006640 0.005843
0 0.760971 0.234696 0.005312 0.008348
0 0.755216 0.228852 0.007968 0.006678
0 0.748577 0.218417 0.007083 0.005843
0 0.715036 0.205295 0.004390 0.006899
0 0.706805 0.205813 0.004756 0.007244
0 0.701501 0.198396 0.004390 0.007589
0 0.666929 0.201501 0.006219 0.007589
0 0.659795 0.204260 0.003658 0.006899
0 0.642601 0.204088 0.006585 0.007244
0 0.657235 0.159589 0.005853 0.006554
0 0.630346 0.211159 0.006219 0.008279
0 0.623944 0.213919 0.005853 0.007589
0 0.612786 0.218231 0.007683 0.005864
0 0.604189 0.212022 0.006585 0.007244
0 0.591567 0.215644 0.006219 0.008969
0 0.619737 0.237031 0.005488 0.008969
0 0.610042 0.238238 0.005122 0.005174
0 0.610591 0.243067 0.004756 0.006554
0 0.601994 0.245137 0.004390 0.006554
0 0.598335 0.243240 0.002927 0.006899
0 0.592665 0.240653 0.004756 0.007934
0 0.578580 0.233926 0.005853 0.006899
0 0.579678 0.229614 0.005853 0.007244
0 0.581324 0.221163 0.005488 0.007589
0 0.577117 0.222543 0.004390 0.006899
0 0.571995 0.216679 0.005853 0.007589
0 0.672417 0.253416 0.005488 0.009314
0 0.560471 0.225820 0.006219 0.007934
0 0.544375 0.228924 0.005488 0.007244
0 0.540168 0.229097 0.004390 0.006899
0 0.535595 0.234961 0.004756 0.007589
0 0.554618 0.198569 0.007683 0.005864
0 0.452174 0.128656 0.002561 0.007244
0 0.449430 0.127449 0.005122 0.006899
0 0.265128 0.242484 0.005321 0.006585
0 0.261469 0.241543 0.003326 0.004077
0 0.261802 0.244522 0.001995 0.005017
0 0.258310 0.243425 0.004989 0.004704
0 0.259141 0.247658 0.005986 0.005645
0 0.175602 0.356375 0.005231 0.005692
0 0.171980 0.352201 0.005231 0.005692
0 0.163730 0.354668 0.004829 0.006830
0 0.157895 0.348217 0.008451 0.006071
0 0.281236 0.377245 0.005634 0.009486
0 0.290693 0.379711 0.005231 0.009866
0 0.316247 0.378193 0.006439 0.007589
0 0.336167 0.383695 0.007646 0.008727
0 0.369567 0.385593 0.006841 0.010245
0 0.403222 0.390611 0.005654 0.008153
0 0.413698 0.391395 0.007317 0.007213
0 0.422013 0.453643 0.005986 0.008781
0 0.411536 0.470577 0.004989 0.009408
0 0.473728 0.398451 0.003658 0.006899
0 0.480047 0.401116 0.005654 0.009721
0 0.503826 0.398921 0.004656 0.008467
0 0.512640 0.406761 0.005654 0.009094
0 0.525610 0.404723 0.008980 0.008781
0 0.552050 0.404095 0.004656 0.008781
0 0.577160 0.410210 0.005654 0.010349
0 0.594121 0.404095 0.005654 0.010662
0 0.525943 0.462894 0.005654 0.006585
0 0.660803 0.406291 0.005321 0.008153
0 0.644507 0.403939 0.005986 0.008467
0 0.634363 0.402684 0.007649 0.008467
0 0.682587 0.403939 0.006984 0.007840
0 0.714015 0.431064 0.005986 0.008153
0 0.720001 0.432005 0.003991 0.009408
0 0.754922 0.441726 0.006652 0.010662
0 0.860722 0.435472 0.006951 0.007589
0 0.912304 0.380625 0.007683 0.010349
0 0.951266 0.371312 0.004390 0.011038
0 0.597956 0.767826 0.004398 0.005183
