0 0.913799 0.841089 0.002166 0.004484
0 0.899357 0.824876 0.003610 0.005174
0 0.912878 0.757839 0.004035 0.003213
0 0.915344 0.733315 0.003138 0.003855
0 0.878916 0.748843 0.003363 0.004070
0 0.859917 0.809518 0.003798 0.004147
0 0.826781 0.796622 0.002690 0.004712
0 0.813555 0.791053 0.002242 0.005140
0 0.731619 0.792338 0.002466 0.004712
0 0.640156 0.761067 0.003363 0.002999
0 0.595315 0.708642 0.002914 0.005569
0 0.578053 0.756299 0.003811 0.004498
0 0.566284 0.753408 0.002690 0.004284
0 0.560119 0.751159 0.002466 0.004926
0 0.548462 0.751694 0.002018 0.003427
0 0.548798 0.758976 0.004483 0.004284
0 0.535124 0.752765 0.002242 0.004284
0 0.512482 0.751694 0.003138 0.005140
0 0.495221 0.740985 0.002690 0.004712
0 0.464340 0.703426 0.003522 0.003511
0 0.391456 0.712184 0.002863 0.003218
0 0.347918 0.733104 0.002358 0.004184
0 0.323917 0.725058 0.001853 0.004184
0 0.317517 0.738092 0.002526 0.003862
0 0.306148 0.706712 0.002358 0.003218
0 0.281231 0.708101 0.002964 0.003717
0 0.275488 0.716598 0.001853 0.005133
0 0.229727 0.719961 0.002964 0.004425
0 0.194340 0.716332 0.002594 0.003540
0 0.205457 0.742176 0.002594 0.003540
0 0.189246 0.738902 0.003150 0.003363
0 0.174332 0.722085 0.001853 0.003363
0 0.159140 0.700932 0.002223 0.003186
0 0.159380 0.717014 0.002446 0.004868
0 0.152859 0.715164 0.002853 0.003894
0 0.152553 0.719740 0.002242 0.004089
0 0.159177 0.724705 0.002038 0.003505
0 0.159380 0.728307 0.002446 0.004089
0 0.165189 0.741061 0.003057 0.003894
0 0.167328 0.748558 0.004076 0.003310
0 0.145421 0.743398 0.003872 0.003115
0 0.130288 0.745718 0.002779 0.003717
0 0.117412 0.746072 0.002223 0.004425
0 0.109167 0.745099 0.003891 0.002832
0 0.079061 0.722972 0.003705 0.003540
0 0.072299 0.717750 0.002408 0.004071
0 0.072762 0.707218 0.002594 0.004602
0 0.059145 0.727840 0.003150 0.004071
0 0.044879 0.730849 0.002038 0.004779
0 0.083045 0.753949 0.003150 0.003894
0 0.073966 0.746249 0.003150 0.006195
0 0.039599 0.766252 0.002223 0.003363
0 0.039877 0.763066 0.003150 0.003009
0 0.348738 0.790697 0.002853 0.004478
