0 0.931300 0.309377 0.002452 0.004924
0 0.928848 0.302250 0.004904 0.005183
0 0.941109 0.290847 0.004904 0.005183
0 0.906778 0.247825 0.004291 0.003110
0 0.906319 0.243549 0.003985 0.003369
0 0.935589 0.225913 0.002764 0.003505
0 0.945376 0.218417 0.003454 0.003310
0 0.935819 0.213159 0.001842 0.003310
0 0.937201 0.213646 0.002303 0.004284
0 0.940540 0.174995 0.003454 0.002921
0 0.930638 0.195732 0.002994 0.004673
0 0.930222 0.169966 0.002665 0.004506
0 0.926891 0.171092 0.003236 0.003540
0 0.901673 0.163690 0.003426 0.003540
0 0.910047 0.177609 0.002665 0.003701
0 0.890729 0.153230 0.006281 0.004506
0 0.888540 0.183885 0.002284 0.004345
0 0.890063 0.190564 0.002665 0.003540
0 0.871411 0.187586 0.004948 0.002092
0 0.863893 0.185575 0.003616 0.003218
0 0.862561 0.168115 0.002474 0.003701
0 0.874076 0.196115 0.003426 0.003379
0 0.866082 0.205127 0.003045 0.003379
0 0.865701 0.207058 0.003426 0.003379
0 0.856090 0.192816 0.002855 0.003540
0 0.835820 0.168115 0.003426 0.003701
0 0.837248 0.202311 0.003236 0.003540
0 0.816597 0.198368 0.004948 0.002092
0 0.827827 0.229909 0.003045 0.003701
0 0.822028 0.262077 0.003547 0.003641
0 0.749198 0.273000 0.002787 0.002784
0 0.746655 0.295994 0.003768 0.004248
0 0.740374 0.303074 0.002512 0.002832
0 0.735245 0.268822 0.001884 0.003717
0 0.729069 0.265105 0.002094 0.003717
0 0.711483 0.243332 0.002094 0.004071
0 0.786852 0.199787 0.004606 0.003009
0 0.688840 0.204973 0.002508 0.004477
0 0.677972 0.207447 0.003623 0.003770
0 0.672817 0.242198 0.004458 0.003063
0 0.687447 0.263403 0.003065 0.005419
0 0.681038 0.261636 0.003623 0.002827
0 0.666269 0.242316 0.003065 0.003770
0 0.657491 0.247382 0.003901 0.004005
0 0.651082 0.243023 0.003344 0.004241
0 0.658188 0.208742 0.002508 0.003534
0 0.642916 0.240953 0.004030 0.001759
0 0.642526 0.242272 0.003770 0.002198
0 0.637521 0.240294 0.002860 0.002858
0 0.634986 0.234963 0.001950 0.003627
0 0.616332 0.236447 0.003120 0.003297
0 0.607167 0.239634 0.002210 0.003078
0 0.600408 0.240019 0.003770 0.002968
0 0.612549 0.211352 0.002517 0.004256
0 0.597056 0.207761 0.002989 0.003724
0 0.565833 0.215341 0.002831 0.003724
0 0.584079 0.245331 0.002517 0.003857
0 0.578810 0.243935 0.002674 0.003458
0 0.563867 0.255306 0.002674 0.003325
0 0.558755 0.253112 0.002202 0.003724
0 0.556395 0.246129 0.003775 0.002793
0 0.551440 0.248058 0.003303 0.003458
0 0.547901 0.243536 0.004090 0.003990
0 0.535554 0.249454 0.003618 0.003059
0 0.543182 0.254641 0.002831 0.003059
0 0.544284 0.219132 0.003775 0.003059
0 0.529734 0.216871 0.002674 0.004123
0 0.516160 0.215212 0.003236 0.004667
0 0.519776 0.265018 0.002474 0.004184
0 0.513020 0.260431 0.003426 0.004023
0 0.503028 0.262523 0.003616 0.004345
0 0.514129 0.267820 0.002717 0.004232
0 0.512199 0.267578 0.002002 0.003506
0 0.495183 0.254218 0.002288 0.003143
0 0.489034 0.257120 0.002574 0.003627
0 0.478166 0.243760 0.002288 0.004232
0 0.474734 0.245694 0.002288 0.003990
0 0.471446 0.249019 0.002002 0.003869
0 0.471231 0.255004 0.003289 0.003264
0 0.449925 0.222965 0.003289 0.004232
0 0.444920 0.220184 0.002717 0.003506
0 0.406349 0.247216 0.004187 0.003862
0 0.401686 0.247136 0.003616 0.003701
0 0.417864 0.267090 0.002474 0.005632
0 0.398831 0.265481 0.003616 0.003058
0 0.376944 0.276263 0.003236 0.005632
0 0.380941 0.294849 0.002474 0.005793
0 0.346967 0.294125 0.002284 0.003701
0 0.345445 0.298953 0.004568 0.004023
0 0.350013 0.302734 0.002665 0.004184
0 0.321654 0.303459 0.001903 0.003379
0 0.328506 0.308769 0.002284 0.003701
0 0.330219 0.310539 0.002665 0.004023
0 0.322415 0.222032 0.003045 0.004345
0 0.291297 0.222998 0.002855 0.003701
0 0.258942 0.276504 0.003616 0.002897
0 0.250092 0.281090 0.003426 0.004345
0 0.251709 0.252929 0.002474 0.004989
0 0.234961 0.247055 0.003236 0.003540
0 0.239148 0.239170 0.002855 0.004184
0 0.236959 0.236676 0.002665 0.004667
0 0.236959 0.238527 0.003426 0.003862
0 0.222283 0.225750 0.004377 0.003379
0 0.225328 0.244256 0.002094 0.004667
0 0.218572 0.231221 0.003045 0.003058
0 0.214194 0.234601 0.001903 0.003701
0 0.207914 0.240394 0.003045 0.004345
0 0.201442 0.234279 0.001903 0.004667
0 0.203155 0.236693 0.003045 0.003379
0 0.197541 0.241359 0.002094 0.003379
0 0.183076 0.235405 0.002855 0.004023
0 0.160713 0.220681 0.002665 0.003540
0 0.142632 0.214485 0.002284 0.004667
0 0.123694 0.215531 0.003616 0.005149
0 0.129499 0.220922 0.003045 0.004023
0 0.086295 0.261072 0.002665 0.005471
0 0.066977 0.252222 0.005139 0.003540
0 0.067929 0.267187 0.002855 0.004184
0 0.044138 0.259624 0.003236 0.003540
0 0.040282 0.272644 0.003045 0.004667
0 0.035429 0.273932 0.002474 0.003701
0 0.019442 0.260414 0.003616 0.003701
0 0.056063 0.119533 0.005826 0.004284
