0 0.335561 0.421143 0.002550 0.003989
0 0.331100 0.423732 0.002185 0.003395
0 0.329142 0.427424 0.002276 0.003310
0 0.326137 0.427000 0.001912 0.003141
0 0.335926 0.431880 0.002003 0.002886
0 0.337337 0.435785 0.002094 0.003056
0 0.342664 0.436973 0.002550 0.002716
0 0.344712 0.436252 0.002641 0.002461
0 0.341343 0.443721 0.003187 0.003310
0 0.372302 0.404464 0.002823 0.004074
0 0.059497 0.414251 0.003205 0.002592
0 0.089830 0.412866 0.001931 0.002988
0 0.094444 0.411282 0.002742 0.002844
0 0.090197 0.417041 0.002664 0.002556
0 0.121398 0.421096 0.002182 0.003157
0 0.168768 0.406084 0.004064 0.002876
0 0.177422 0.406329 0.002559 0.003367
0 0.177836 0.416922 0.002483 0.003788
0 0.161394 0.411626 0.003161 0.002595
0 0.160566 0.412818 0.003462 0.002736
0 0.159399 0.396965 0.003386 0.003437
0 0.164705 0.399069 0.002860 0.003578
0 0.162485 0.406645 0.003537 0.001894
0 0.159889 0.406785 0.002559 0.002315
0 0.159475 0.401349 0.002483 0.002104
0 0.184308 0.416466 0.002784 0.003016
0 0.183668 0.417834 0.002408 0.003087
0 0.188710 0.419307 0.002258 0.003087
0 0.190629 0.416817 0.002032 0.003578
0 0.196574 0.415098 0.003085 0.003648
0 0.203948 0.425831 0.003537 0.002806
0 0.217945 0.432740 0.002182 0.003157
0 0.224379 0.432775 0.002860 0.002946
0 0.231076 0.440176 0.002559 0.003858
0 0.229233 0.440807 0.001881 0.002876
0 0.228179 0.442491 0.002032 0.002736
0 0.231227 0.449435 0.003010 0.003858
0 0.316599 0.483395 0.003642 0.003164
0 0.314861 0.471242 0.002814 0.003704
0 0.321193 0.471589 0.002732 0.003318
0 0.330961 0.461404 0.003725 0.003318
0 0.353517 0.478881 0.002980 0.002778
0 0.423635 0.514757 0.002704 0.003455
0 0.112227 0.314506 0.002905 0.003081
0 0.046723 0.308250 0.004507 0.004948
0 0.069661 0.292241 0.003105 0.003735
0 0.073017 0.288367 0.002604 0.003641
0 0.330501 0.334121 0.002458 0.002801
0 0.929499 0.295343 0.003557 0.002742
0 0.924402 0.288424 0.002805 0.003316
0 0.965912 0.352105 0.002823 0.003735
0 0.961131 0.348922 0.003642 0.002971
0 0.949841 0.344636 0.002367 0.003225
0 0.940638 0.348222 0.002315 0.002528
0 0.942722 0.349902 0.002712 0.002004
0 0.941019 0.352013 0.002017 0.002404
0 0.936984 0.352846 0.002414 0.002096
0 0.928826 0.360228 0.002694 0.003304
0 0.916386 0.341627 0.003615 0.002445
0 0.917378 0.367695 0.002339 0.003304
0 0.935738 0.374039 0.002481 0.003436
0 0.916244 0.377871 0.002906 0.003568
0 0.934249 0.380250 0.002623 0.002775
0 0.894447 0.374633 0.003403 0.001850
0 0.935282 0.395886 0.002227 0.003069
0 0.932934 0.395615 0.001985 0.003430
0 0.928383 0.392343 0.002663 0.003114
0 0.929618 0.399203 0.002324 0.003114
0 0.926470 0.398639 0.001840 0.002798
0 0.927003 0.401054 0.002033 0.002934
0 0.926349 0.405477 0.002566 0.002843
0 0.922089 0.402836 0.002082 0.002437
0 0.921266 0.404281 0.001695 0.002798
0 0.914270 0.408907 0.002033 0.002482
0 0.915771 0.408636 0.002033 0.002753
0 0.912987 0.414232 0.002179 0.003385
0 0.914996 0.415880 0.002130 0.002437
0 0.919862 0.428246 0.002469 0.002888
0 0.909186 0.433888 0.002227 0.002888
0 0.920491 0.409832 0.002082 0.002888
0 0.921847 0.410238 0.002082 0.002798
0 0.918312 0.420122 0.001985 0.002437
0 0.922404 0.415203 0.002421 0.002166
0 0.927123 0.395983 0.002157 0.003159
0 0.928421 0.396126 0.002025 0.003200
0 0.929697 0.395654 0.001937 0.002831
0 0.930820 0.392946 0.001893 0.003241
0 0.932074 0.393931 0.001761 0.002913
0 0.905011 0.437573 0.002711 0.003250
0 0.899153 0.438272 0.002227 0.003114
0 0.900363 0.437844 0.002518 0.002979
0 0.903946 0.439852 0.002518 0.002121
0 0.905738 0.440710 0.002808 0.003656
0 0.900581 0.445088 0.002372 0.002663
0 0.900848 0.442673 0.003583 0.002527
0 0.896926 0.450549 0.003002 0.002211
0 0.894892 0.453843 0.002518 0.002753
0 0.881118 0.454656 0.003147 0.002843
0 0.881457 0.459575 0.002663 0.003475
0 0.903728 0.465375 0.002372 0.003340
0 0.891043 0.470339 0.002663 0.003159
0 0.874703 0.450233 0.002421 0.003114
0 0.872040 0.453663 0.002130 0.003295
0 0.874412 0.465149 0.002130 0.002708
0 0.879859 0.469504 0.002372 0.003114
0 0.872137 0.464833 0.002324 0.003069
0 0.876010 0.472821 0.002033 0.002708
0 0.865988 0.470565 0.002324 0.003250
0 0.859573 0.468827 0.002857 0.002573
0 0.856426 0.474537 0.002276 0.002798
0 0.861050 0.478892 0.003195 0.002302
0 0.857443 0.479682 0.002469 0.003250
0 0.847832 0.483789 0.002033 0.002888
0 0.871314 0.473724 0.003389 0.002708
0 0.812539 0.459038 0.004101 0.001787
0 0.805536 0.459931 0.003302 0.002879
0 0.791077 0.460403 0.003462 0.002333
0 0.777922 0.454296 0.003142 0.001638
0 0.769587 0.453006 0.002663 0.003128
0 0.767989 0.452633 0.002343 0.003376
0 0.771984 0.456382 0.002769 0.003227
0 0.768282 0.460701 0.002716 0.002929
0 0.754915 0.455215 0.001971 0.003078
0 0.758263 0.465343 0.003292 0.002302
0 0.760926 0.469269 0.003292 0.002031
0 0.841111 0.505263 0.002977 0.003106
0 0.834802 0.523500 0.003544 0.004163
0 0.843450 0.520097 0.002977 0.002511
0 0.731408 0.515678 0.003680 0.004485
0 0.727115 0.502178 0.003208 0.004046
0 0.734427 0.492019 0.004057 0.002902
0 0.718623 0.491008 0.002642 0.003518
0 0.713529 0.478519 0.002830 0.003518
0 0.719425 0.472274 0.001793 0.003166
0 0.714378 0.461632 0.003397 0.002990
0 0.734663 0.440041 0.002642 0.003254
0 0.740135 0.443471 0.003019 0.003078
0 0.735370 0.446373 0.003491 0.002902
0 0.746645 0.448220 0.002264 0.003254
0 0.747824 0.447296 0.002547 0.003518
0 0.767496 0.432653 0.003774 0.003078
0 0.775374 0.432521 0.002925 0.003166
0 0.764760 0.427552 0.002264 0.003606
0 0.761366 0.413652 0.002552 0.003634
0 0.765052 0.412462 0.003544 0.002313
0 0.771113 0.409885 0.002765 0.002577
0 0.770617 0.413421 0.002197 0.003040
0 0.771964 0.412694 0.002481 0.002775
0 0.782490 0.416196 0.003544 0.003172
0 0.781959 0.412495 0.002339 0.002247
0 0.782632 0.411141 0.003261 0.002841
0 0.765371 0.418575 0.004891 0.001718
0 0.773311 0.424026 0.002481 0.002709
0 0.776004 0.422242 0.002623 0.003106
0 0.781675 0.427396 0.003048 0.003634
0 0.803083 0.412859 0.003473 0.002445
0 0.802870 0.407606 0.002765 0.003568
0 0.814531 0.413090 0.002694 0.002643
0 0.823179 0.413189 0.002268 0.002313
0 0.826617 0.410645 0.002481 0.003568
0 0.832217 0.414346 0.004040 0.002115
0 0.825872 0.421317 0.003686 0.002181
0 0.818571 0.418112 0.002835 0.002643
0 0.818500 0.415139 0.003544 0.003040
0 0.824207 0.404137 0.002765 0.002974
0 0.825483 0.404335 0.002197 0.003106
0 0.814070 0.406813 0.002906 0.003304
0 0.814389 0.408068 0.001985 0.002379
0 0.818217 0.394555 0.002835 0.002974
0 0.827184 0.396240 0.003757 0.001982
0 0.840369 0.400436 0.003190 0.003238
0 0.842637 0.403542 0.003757 0.001916
0 0.848095 0.408432 0.002906 0.001916
0 0.840723 0.410084 0.004891 0.002181
0 0.793513 0.392474 0.002481 0.003304
0 0.802764 0.390293 0.004537 0.001718
0 0.817295 0.381306 0.002835 0.003436
0 0.820095 0.384346 0.002197 0.003172
0 0.821584 0.381240 0.002197 0.003568
0 0.830019 0.372155 0.002481 0.002841
0 0.832607 0.368685 0.002694 0.003172
0 0.842212 0.365448 0.003332 0.002511
0 0.847599 0.361978 0.002906 0.003634
0 0.848060 0.358278 0.003119 0.002313
0 0.851958 0.363961 0.002835 0.003502
0 0.850966 0.366439 0.002694 0.002775
0 0.850257 0.368157 0.002694 0.002643
0 0.856779 0.356560 0.003261 0.002313
0 0.858834 0.361648 0.004820 0.002709
0 0.856637 0.348564 0.003261 0.002841
0 0.857239 0.354313 0.002056 0.002048
0 0.851002 0.346780 0.002906 0.002445
0 0.875501 0.295548 0.003730 0.002962
0 0.925023 0.295612 0.003039 0.003090
0 0.553328 0.390926 0.003139 0.003980
0 0.552951 0.400467 0.004898 0.003629
0 0.559042 0.400935 0.003516 0.003395
0 0.562307 0.390282 0.004019 0.003629
0 0.524445 0.339887 0.005400 0.003746
0 0.594455 0.357680 0.005023 0.006087
