0 0.003176 0.811906 0.002678 0.003318
0 0.012264 0.803344 0.002561 0.003320
0 0.015800 0.800840 0.003292 0.002635
0 0.023116 0.791907 0.002683 0.003109
0 0.012660 0.785425 0.002744 0.003320
0 0.005100 0.780602 0.002865 0.003057
0 0.024000 0.781709 0.003109 0.002951
0 0.049789 0.790352 0.002865 0.002951
0 0.057380 0.783369 0.002926 0.003426
0 0.053996 0.778442 0.003353 0.002635
0 0.080687 0.768301 0.002678 0.003087
0 0.029758 0.759624 0.002561 0.002688
0 0.009547 0.763472 0.002134 0.003215
0 0.006468 0.761601 0.002195 0.003057
0 0.007078 0.763076 0.002439 0.003057
0 0.025003 0.753563 0.002561 0.002582
0 0.030093 0.754617 0.002987 0.002688
0 0.034971 0.749795 0.002134 0.003162
0 0.037227 0.755856 0.003231 0.003584
0 0.008114 0.741679 0.002561 0.002635
0 0.003359 0.735223 0.003292 0.002688
0 0.009944 0.727923 0.002683 0.002530
0 0.058657 0.739096 0.002561 0.003162
0 0.056797 0.732851 0.001890 0.002899
0 0.058961 0.730058 0.002439 0.002688
0 0.063168 0.733563 0.002073 0.003268
0 0.053065 0.727056 0.001969 0.003043
0 0.051096 0.725436 0.002423 0.002029
0 0.054371 0.719268 0.002763 0.002847
0 0.094627 0.746693 0.002771 0.003092
0 0.080796 0.758649 0.003628 0.004094
0 0.099288 0.727137 0.002822 0.002744
0 0.100296 0.724284 0.002519 0.002352
0 0.102739 0.726461 0.002771 0.003397
0 0.106065 0.715899 0.002368 0.002918
0 0.104125 0.711195 0.004031 0.002221
0 0.105331 0.697559 0.002499 0.003338
0 0.106504 0.694646 0.002499 0.003207
0 0.103495 0.694597 0.002612 0.003043
0 0.104119 0.688952 0.002877 0.003076
0 0.115306 0.685041 0.002461 0.003174
0 0.111445 0.680198 0.002763 0.003174
0 0.131111 0.691963 0.004618 0.002487
0 0.152231 0.681101 0.002607 0.002889
0 0.182871 0.651963 0.002868 0.002375
0 0.201110 0.660606 0.002181 0.003108
0 0.207048 0.661933 0.002747 0.002759
0 0.216723 0.662841 0.002383 0.002619
0 0.220561 0.668254 0.003757 0.002549
0 0.222843 0.671152 0.002424 0.002759
0 0.225409 0.670489 0.003515 0.002479
0 0.230216 0.675884 0.002787 0.002584
0 0.234700 0.677141 0.003191 0.002444
0 0.241870 0.679498 0.002585 0.002968
0 0.129385 0.635585 0.002581 0.002742
0 0.125164 0.632215 0.001989 0.003347
0 0.122476 0.639210 0.002312 0.003021
0 0.125164 0.646601 0.003495 0.002928
0 0.119142 0.650249 0.002957 0.003532
0 0.125567 0.644811 0.002043 0.002510
0 0.231059 0.709057 0.002277 0.002924
0 0.240818 0.707763 0.003188 0.003037
0 0.241143 0.701999 0.002147 0.003093
0 0.244689 0.701802 0.002342 0.002812
0 0.245470 0.699777 0.002212 0.002812
0 0.242510 0.714709 0.002147 0.002981
0 0.239745 0.717493 0.002732 0.003374
0 0.334526 0.724196 0.003524 0.002800
0 0.336670 0.730001 0.002667 0.003211
0 0.336055 0.734095 0.002747 0.003178
0 0.333268 0.737989 0.002909 0.002794
0 0.326824 0.742424 0.001979 0.003003
0 0.342316 0.748762 0.002101 0.002479
0 0.334994 0.766089 0.002711 0.003227
0 0.331839 0.771083 0.002444 0.003150
0 0.334527 0.771255 0.002933 0.003188
0 0.346303 0.770698 0.002400 0.003150
0 0.338371 0.775404 0.002177 0.002650
0 0.340926 0.775769 0.002400 0.002843
0 0.346303 0.763400 0.002044 0.002843
0 0.347680 0.762267 0.001955 0.002190
0 0.547819 0.726928 0.002651 0.003786
0 0.541884 0.733081 0.002591 0.002577
0 0.543155 0.737729 0.002591 0.002916
0 0.551318 0.741827 0.002688 0.002916
0 0.540613 0.747426 0.004253 0.002958
0 0.421389 0.729222 0.002425 0.003323
0 0.424820 0.719533 0.002307 0.002965
0 0.442889 0.736635 0.002957 0.003221
0 0.446822 0.734973 0.002307 0.003272
0 0.446023 0.726819 0.002484 0.003835
0 0.443232 0.740307 0.002533 0.003534
0 0.394417 0.726491 0.002219 0.002908
0 0.424725 0.714304 0.002576 0.002660
0 0.361936 0.720999 0.002537 0.003712
0 0.371046 0.677476 0.001989 0.003254
0 0.366180 0.674524 0.002688 0.003393
0 0.370885 0.668226 0.003818 0.002231
0 0.486391 0.692431 0.002742 0.002696
0 0.468943 0.688921 0.002366 0.003114
0 0.464615 0.678835 0.003172 0.003300
0 0.444029 0.675893 0.002314 0.002381
0 0.437217 0.677861 0.002791 0.002952
0 0.445700 0.673020 0.002350 0.002730
0 0.438373 0.668353 0.003489 0.003238
0 0.445378 0.659400 0.003079 0.002831
0 0.437703 0.661344 0.002004 0.002493
0 0.466958 0.648943 0.002248 0.002958
0 0.460555 0.639140 0.002640 0.003211
0 0.514311 0.618647 0.002511 0.003219
0 0.500629 0.634928 0.002511 0.003294
0 0.553051 0.682948 0.002484 0.003068
0 0.530339 0.687882 0.002484 0.003528
0 0.524602 0.683229 0.002839 0.003528
0 0.514400 0.681107 0.002898 0.002863
0 0.511324 0.682155 0.003135 0.003221
0 0.507303 0.678500 0.002307 0.003170
0 0.512478 0.667022 0.003076 0.002505
0 0.516263 0.695014 0.002602 0.003579
0 0.538206 0.692688 0.002602 0.003732
0 0.557645 0.697009 0.002400 0.003649
0 0.565643 0.701330 0.002577 0.003073
0 0.602914 0.639745 0.002742 0.003300
0 0.628776 0.621920 0.002635 0.002603
0 0.634287 0.619480 0.003011 0.003300
0 0.543718 0.596929 0.003458 0.003532
0 0.592597 0.591042 0.002934 0.003170
0 0.729703 0.654391 0.003149 0.002858
0 0.729467 0.666062 0.002991 0.003743
0 0.752769 0.664021 0.002519 0.003607
0 0.710377 0.674160 0.002913 0.002926
0 0.725452 0.694609 0.002519 0.003130
0 0.742378 0.699577 0.002204 0.002722
0 0.757925 0.716079 0.002913 0.003334
0 0.786540 0.731595 0.003149 0.003743
0 0.797325 0.737787 0.002519 0.003198
0 0.797601 0.745443 0.002440 0.003403
0 0.831372 0.736086 0.002440 0.003062
0 0.786968 0.659713 0.002834 0.003334
0 0.778663 0.666245 0.002755 0.003198
0 0.785512 0.670192 0.002283 0.003062
0 0.821695 0.691221 0.003373 0.003169
0 0.837752 0.685982 0.003031 0.002070
0 0.848823 0.692425 0.002395 0.003296
0 0.853540 0.684989 0.002933 0.003549
0 0.864737 0.735028 0.002290 0.003464
0 0.871288 0.724672 0.002640 0.003887
0 0.875492 0.719327 0.002737 0.003254
0 0.878082 0.719686 0.002933 0.003296
0 0.887419 0.721228 0.003031 0.003000
0 0.877765 0.727862 0.003666 0.002747
0 0.890693 0.725305 0.002444 0.002958
0 0.896901 0.722580 0.002933 0.003592
0 0.879964 0.734813 0.002493 0.002704
0 0.880991 0.741383 0.003177 0.002831
0 0.936214 0.716822 0.002957 0.002914
0 0.929620 0.729220 0.003135 0.002863
0 0.949699 0.725641 0.003549 0.003374
0 0.953721 0.719404 0.002957 0.003579
0 0.942750 0.722625 0.002070 0.003068
0 0.952775 0.730677 0.003076 0.002812
0 0.940207 0.747089 0.002188 0.003323
0 0.939024 0.754145 0.002543 0.002403
0 0.937752 0.764447 0.002957 0.003579
0 0.933435 0.765597 0.002957 0.003835
0 0.943904 0.772070 0.002444 0.003507
0 0.960669 0.777563 0.002640 0.003085
