0 0.005305 0.319458 0.003065 0.002711
0 0.042030 0.322734 0.001962 0.002937
0 0.038045 0.328213 0.002330 0.002824
0 0.046848 0.338272 0.002513 0.003016
0 0.049855 0.362999 0.001980 0.002525
0 0.048294 0.366471 0.003426 0.003297
0 0.060743 0.374293 0.002284 0.002245
0 0.076008 0.370540 0.002056 0.002175
0 0.086477 0.375450 0.002741 0.003297
0 0.074600 0.384640 0.002589 0.003297
0 0.103682 0.389289 0.002496 0.003114
0 0.113458 0.410921 0.002496 0.003258
0 0.117878 0.420288 0.003016 0.003881
0 0.176905 0.373504 0.002553 0.003267
0 0.182318 0.372633 0.002411 0.003267
0 0.188062 0.370259 0.002364 0.002875
0 0.188227 0.368364 0.002789 0.002657
0 0.196500 0.362745 0.002600 0.002831
0 0.208059 0.359522 0.002553 0.002657
0 0.215573 0.345127 0.002312 0.002950
0 0.227419 0.343767 0.002526 0.003114
0 0.233822 0.345782 0.002810 0.002950
0 0.236242 0.346241 0.002241 0.002294
0 0.257815 0.337900 0.002270 0.003101
0 0.270768 0.335467 0.002583 0.003569
0 0.274407 0.337774 0.002348 0.002704
0 0.272959 0.344246 0.002191 0.001803
0 0.281960 0.343723 0.002113 0.003209
0 0.287223 0.343957 0.001917 0.002596
0 0.287927 0.346607 0.002857 0.002632
0 0.296523 0.344802 0.002455 0.002688
0 0.300347 0.347473 0.001992 0.003114
0 0.302482 0.348423 0.002704 0.001934
0 0.311518 0.344687 0.002775 0.002852
0 0.334178 0.323579 0.002411 0.001983
0 0.336546 0.323757 0.002324 0.002736
0 0.601954 0.325438 0.002281 0.003292
0 0.605871 0.326589 0.002540 0.002974
0 0.607744 0.325141 0.003185 0.003173
0 0.617644 0.334322 0.002324 0.002816
0 0.621346 0.334719 0.003702 0.002419
0 0.628836 0.334540 0.002324 0.003411
0 0.631892 0.331209 0.002066 0.002538
0 0.633614 0.331764 0.002238 0.003173
0 0.639188 0.336543 0.001851 0.002419
0 0.647647 0.331744 0.001894 0.002974
0 0.648271 0.333152 0.002109 0.002697
0 0.838385 0.358901 0.002440 0.003091
0 0.865990 0.355529 0.003508 0.002248
0 0.896892 0.347744 0.002635 0.002006
0 0.812156 0.334410 0.002395 0.002845
0 0.801666 0.323126 0.002411 0.002300
0 0.818798 0.318407 0.002066 0.002618
0 0.823383 0.316246 0.002195 0.002499
0 0.830669 0.303616 0.002017 0.002381
0 0.812676 0.300179 0.002367 0.002748
0 0.817861 0.305043 0.002320 0.002443
0 0.818760 0.306112 0.001941 0.002661
0 0.844164 0.291715 0.002936 0.001963
0 0.868975 0.287724 0.003125 0.003054
0 0.870727 0.294398 0.002367 0.002356
0 0.870182 0.303058 0.002794 0.002661
0 0.869283 0.308467 0.002794 0.003010
0 0.869519 0.315098 0.002320 0.002399
0 0.929218 0.272985 0.002367 0.003173
0 0.930510 0.273739 0.001937 0.002380
0 0.863539 0.283591 0.002865 0.002735
0 0.863539 0.286494 0.002865 0.002975
0 0.257942 0.475602 0.003137 0.003230
0 0.281379 0.468503 0.003691 0.002805
