0 0.205482 0.315078 0.005337 0.003534
0 0.200018 0.312250 0.003558 0.004948
0 0.196714 0.318376 0.004575 0.004477
0 0.203195 0.296465 0.004829 0.003534
0 0.186294 0.325562 0.002541 0.005183
0 0.174222 0.343233 0.005845 0.003770
0 0.213857 0.247391 0.004613 0.004561
0 0.194176 0.235275 0.005228 0.004846
0 0.200172 0.195505 0.003690 0.007412
0 0.043952 0.264068 0.005535 0.004276
0 0.716386 0.322623 0.002079 0.004498
0 0.719159 0.327228 0.002541 0.003855
0 0.715115 0.329156 0.001848 0.004712
0 0.716617 0.329156 0.002079 0.005997
0 0.946056 0.367703 0.004502 0.004933
0 0.550855 0.298280 0.004953 0.008264
