0 0.161871 0.651838 0.002686 0.003444
0 0.203453 0.651199 0.002221 0.003267
0 0.203066 0.646538 0.002414 0.003528
0 0.222008 0.629654 0.003074 0.004519
0 0.246257 0.608959 0.004440 0.001951
0 0.263035 0.643725 0.003181 0.002742
0 0.270846 0.649273 0.002828 0.003635
0 0.286645 0.644617 0.003040 0.003890
0 0.280601 0.630078 0.003110 0.003507
0 0.293819 0.633681 0.002403 0.002933
0 0.303398 0.643725 0.002333 0.003507
0 0.312198 0.641046 0.002403 0.003125
0 0.311562 0.636423 0.001838 0.002678
0 0.301136 0.619237 0.002191 0.003125
0 0.305978 0.622871 0.003817 0.002615
0 0.293925 0.622361 0.002474 0.002742
0 0.313199 0.603256 0.002390 0.003210
0 0.320183 0.598369 0.002655 0.003114
0 0.337144 0.618223 0.002071 0.003114
0 0.338897 0.637244 0.002390 0.002827
0 0.350156 0.641892 0.002602 0.003210
0 0.364761 0.642538 0.002496 0.002779
0 0.373922 0.640023 0.002868 0.002156
0 0.377162 0.639616 0.002124 0.002300
0 0.378569 0.640023 0.002390 0.002635
0 0.392855 0.638083 0.002390 0.002683
0 0.393227 0.639568 0.002177 0.002779
0 0.405894 0.645006 0.002655 0.003593
0 0.423897 0.643521 0.002124 0.002635
0 0.442618 0.645341 0.002284 0.003018
0 0.455205 0.643568 0.002496 0.002827
0 0.503051 0.607307 0.002104 0.002487
0 0.252363 0.588739 0.002249 0.002725
0 0.253680 0.604972 0.002699 0.002957
0 0.699651 0.654241 0.002395 0.003395
0 0.741134 0.665237 0.003079 0.003009
0 0.789991 0.689462 0.002474 0.003125
0 0.812399 0.696190 0.003181 0.002296
0 0.836291 0.700112 0.002474 0.002742
0 0.854034 0.703077 0.003181 0.002933
0 0.867288 0.698485 0.002262 0.003444
0 0.873261 0.711845 0.002191 0.003635
0 0.913836 0.711335 0.003605 0.002615
