0 0.051594 0.239242 0.003078 0.003007
0 0.045208 0.257060 0.001693 0.003158
0 0.062750 0.240971 0.003539 0.004361
0 0.096387 0.251057 0.002746 0.003066
0 0.112837 0.247272 0.003187 0.002491
0 0.118499 0.248038 0.002550 0.002779
0 0.123206 0.251560 0.003138 0.001869
0 0.135733 0.252805 0.002893 0.003210
0 0.146790 0.253668 0.002550 0.003018
0 0.157110 0.261406 0.002991 0.002491
0 0.168975 0.271563 0.002893 0.002204
0 0.180546 0.276666 0.002304 0.002923
0 0.204718 0.286176 0.002206 0.002683
0 0.210160 0.283733 0.002501 0.003450
0 0.226365 0.295543 0.002550 0.003114
0 0.237666 0.298897 0.002501 0.003402
0 0.249237 0.306898 0.003285 0.002827
0 0.257719 0.309893 0.002893 0.002875
0 0.224777 0.317085 0.003775 0.002741
0 0.242197 0.322329 0.003236 0.003320
0 0.265253 0.312763 0.002427 0.003268
0 0.272938 0.307230 0.002265 0.003162
0 0.257862 0.333145 0.002580 0.003735
0 0.274391 0.342202 0.003344 0.002428
0 0.296004 0.332893 0.002391 0.003326
0 0.300239 0.327270 0.002107 0.003168
0 0.292823 0.327211 0.002107 0.003682
0 0.294525 0.326914 0.001945 0.003405
0 0.285313 0.354320 0.001780 0.003420
0 0.293797 0.364002 0.002373 0.002957
0 0.309666 0.370437 0.002788 0.002957
0 0.321531 0.380235 0.002195 0.003304
0 0.328235 0.383742 0.003263 0.003478
0 0.349254 0.393861 0.002219 0.003571
0 0.359597 0.398325 0.002545 0.004464
0 0.370234 0.401417 0.002676 0.002742
0 0.368929 0.404989 0.002545 0.003380
0 0.283786 0.314792 0.002543 0.003050
0 0.284133 0.317503 0.002543 0.002598
0 0.226960 0.278297 0.005924 0.003970
