0 0.863011 0.019292 0.003319 0.003534
0 0.852544 0.029305 0.003319 0.005183
0 0.863267 0.037551 0.003319 0.003770
0 0.859182 0.036373 0.003830 0.003770
0 0.853948 0.040732 0.004085 0.004005
0 0.847821 0.043912 0.003574 0.004241
0 0.842460 0.049096 0.003064 0.004712
0 0.836971 0.049802 0.003319 0.006126
0 0.832503 0.048153 0.002553 0.005183
0 0.827652 0.055104 0.003064 0.005419
0 0.820376 0.059816 0.002808 0.004477
0 0.809909 0.064174 0.003319 0.004712
0 0.801739 0.069004 0.004851 0.003063
0 0.797271 0.072774 0.002553 0.004005
0 0.793953 0.069358 0.003064 0.003770
0 0.786804 0.073481 0.002553 0.004005
0 0.777741 0.075601 0.003830 0.004477
0 0.777613 0.082434 0.002553 0.004005
0 0.773401 0.081727 0.002808 0.003534
0 0.771997 0.080313 0.002042 0.003534
0 0.767018 0.080313 0.002808 0.003534
0 0.767912 0.086086 0.002553 0.004241
0 0.776082 0.097159 0.004085 0.003298
0 0.773656 0.103049 0.002808 0.004241
0 0.771486 0.102578 0.003064 0.003298
0 0.767657 0.107172 0.002042 0.004477
0 0.764210 0.105523 0.002808 0.004005
0 0.762168 0.109175 0.002808 0.003770
0 0.759742 0.111649 0.003064 0.004005
0 0.757317 0.112120 0.003830 0.003063
0 0.754892 0.121427 0.002042 0.005183
0 0.750424 0.123547 0.002808 0.005183
0 0.746211 0.122133 0.003574 0.004241
0 0.745956 0.123900 0.003064 0.004005
0 0.740467 0.124489 0.003830 0.003298
0 0.736382 0.127199 0.002298 0.003534
0 0.711108 0.110471 0.003830 0.003063
0 0.713278 0.106701 0.004085 0.004005
0 0.696045 0.119188 0.004340 0.003063
0 0.683791 0.116832 0.004340 0.004005
0 0.683663 0.119777 0.002553 0.004241
0 0.728867 0.127752 0.002695 0.003950
0 0.731641 0.130824 0.001902 0.003657
0 0.731404 0.127240 0.002061 0.003511
0 0.733306 0.127898 0.001744 0.002780
0 0.732513 0.126289 0.002378 0.004828
0 0.650320 0.099005 0.002853 0.002633
0 0.643503 0.100688 0.003805 0.001902
0 0.631614 0.087082 0.002219 0.003072
0 0.629474 0.095348 0.002061 0.003804
0 0.626462 0.089131 0.003012 0.003365
0 0.622182 0.091032 0.002061 0.003365
0 0.623609 0.091471 0.001744 0.004242
0 0.627996 0.140849 0.003406 0.003748
0 0.622428 0.143207 0.003537 0.001934
0 0.622493 0.149010 0.002096 0.003627
0 0.619611 0.144718 0.002096 0.004232
0 0.620528 0.146774 0.001834 0.004232
0 0.622100 0.144779 0.004454 0.001934
0 0.622559 0.146350 0.003799 0.002176
0 0.663761 0.172828 0.003668 0.003627
0 0.613716 0.153786 0.002096 0.004715
0 0.612013 0.151307 0.002096 0.003869
0 0.610899 0.153181 0.002751 0.003264
0 0.608672 0.153967 0.001965 0.002902
0 0.862885 0.152913 0.002165 0.003297
0 0.858770 0.144370 0.001732 0.002798
0 0.859041 0.149216 0.002490 0.002298
0 0.858229 0.146119 0.001732 0.002698
0 0.859366 0.151364 0.002057 0.002398
0 0.856984 0.150715 0.001841 0.002298
0 0.854981 0.146468 0.002599 0.002198
0 0.855901 0.145419 0.002490 0.003098
0 0.853627 0.146119 0.002057 0.003497
0 0.895443 0.230914 0.004179 0.004123
0 0.864244 0.220940 0.002882 0.004389
0 0.862658 0.220807 0.002306 0.003325
0 0.857687 0.220142 0.002450 0.003857
0 0.858839 0.223600 0.002738 0.003059
0 0.839673 0.217083 0.002738 0.003591
0 0.831603 0.211963 0.003026 0.003458
0 0.841627 0.195153 0.003170 0.002926
0 0.841786 0.197787 0.003170 0.002341
0 0.828470 0.196397 0.003487 0.003950
0 0.825617 0.198079 0.003805 0.004389
0 0.820069 0.207588 0.002219 0.003804
0 0.805802 0.204662 0.003170 0.003804
0 0.793041 0.187400 0.003646 0.004096
0 0.785432 0.186303 0.003012 0.004242
0 0.780993 0.182207 0.003329 0.003365
0 0.780200 0.186303 0.003329 0.004828
0 0.772591 0.181475 0.005548 0.001902
0 0.772116 0.183450 0.004914 0.001756
0 0.792242 0.238168 0.003170 0.004681
0 0.791212 0.251773 0.003329 0.003804
0 0.790657 0.255284 0.003170 0.003511
0 0.787486 0.261575 0.002536 0.004681
0 0.783286 0.244678 0.002378 0.004242
0 0.773378 0.253675 0.003170 0.004389
0 0.797552 0.251042 0.003329 0.002926
0 0.797315 0.253821 0.003805 0.002341
0 0.792163 0.211616 0.003329 0.003365
0 0.790974 0.207520 0.003487 0.002487
0 0.777262 0.216151 0.002695 0.004242
0 0.762281 0.236632 0.002853 0.005120
0 0.760379 0.237948 0.002536 0.004828
0 0.760696 0.244239 0.003805 0.003950
0 0.754355 0.249359 0.004122 0.003657
0 0.745478 0.253748 0.004122 0.003072
0 0.748966 0.245409 0.003170 0.003365
0 0.750868 0.238095 0.002536 0.003657
0 0.751343 0.241021 0.001902 0.003072
0 0.748173 0.234437 0.003487 0.002780
0 0.728596 0.213006 0.003329 0.004096
0 0.738186 0.242776 0.002536 0.003657
0 0.734461 0.242630 0.003329 0.003950
0 0.736125 0.248994 0.004122 0.003804
0 0.756467 0.210331 0.003356 0.003897
0 0.758524 0.208682 0.002490 0.004796
0 0.760311 0.209981 0.003032 0.002598
0 0.742175 0.194144 0.002490 0.003697
0 0.711917 0.209031 0.002274 0.003597
0 0.706558 0.196091 0.002382 0.003297
0 0.703093 0.196890 0.002815 0.004097
0 0.691183 0.195641 0.002382 0.003197
0 0.692645 0.197490 0.004006 0.002498
0 0.694107 0.191545 0.002815 0.003997
0 0.688639 0.190196 0.002490 0.004696
0 0.680952 0.194642 0.003790 0.004197
0 0.678732 0.195541 0.002815 0.003997
0 0.676512 0.189746 0.002057 0.003597
0 0.675051 0.193893 0.002599 0.003897
0 0.672723 0.191644 0.002057 0.003997
0 0.670233 0.190845 0.002923 0.004197
0 0.670124 0.196141 0.002057 0.003997
0 0.667255 0.204484 0.002599 0.004097
0 0.697734 0.199188 0.004006 0.001898
0 0.698275 0.200837 0.004872 0.001998
0 0.762664 0.214865 0.002058 0.003551
0 0.765840 0.218168 0.003042 0.002560
0 0.764722 0.215691 0.001879 0.004377
0 0.765885 0.216062 0.002237 0.002147
0 0.672139 0.216912 0.001899 0.003700
0 0.671506 0.220417 0.002321 0.004868
0 0.664966 0.187120 0.002743 0.004868
0 0.658214 0.189749 0.004431 0.003894
0 0.654732 0.190917 0.003798 0.005063
0 0.639436 0.188191 0.002743 0.003894
0 0.648508 0.193643 0.003165 0.004284
0 0.654627 0.202990 0.004431 0.005841
0 0.649036 0.203671 0.003798 0.004868
0 0.642495 0.202990 0.004220 0.004284
0 0.630152 0.196272 0.003587 0.004478
0 0.633317 0.208539 0.003587 0.003700
0 0.639119 0.213699 0.003798 0.004284
0 0.661484 0.228010 0.002110 0.005257
0 0.665810 0.221293 0.002743 0.004284
0 0.659058 0.224213 0.004853 0.003505
0 0.651146 0.228595 0.003376 0.004089
0 0.647981 0.235118 0.002954 0.004284
0 0.651462 0.238233 0.002321 0.005063
0 0.634055 0.215743 0.003376 0.002142
0 0.651188 0.262704 0.002358 0.004473
0 0.644769 0.259138 0.001834 0.005078
0 0.646210 0.262825 0.001834 0.003264
0 0.647192 0.261012 0.001965 0.003748
0 0.629441 0.218756 0.002096 0.004111
0 0.629637 0.222081 0.002751 0.003990
0 0.633960 0.221839 0.003275 0.002055
0 0.634091 0.220086 0.003537 0.001934
0 0.627737 0.227824 0.001834 0.005320
0 0.626427 0.222081 0.001834 0.003264
0 0.620925 0.224620 0.004716 0.003748
0 0.624397 0.228852 0.002227 0.004232
0 0.627344 0.236771 0.002358 0.003143
0 0.625707 0.242151 0.003799 0.002055
0 0.626165 0.252246 0.002096 0.004594
0 0.619615 0.253637 0.003144 0.003748
0 0.619811 0.238524 0.002489 0.003990
0 0.642148 0.229758 0.002358 0.003627
0 0.638677 0.228126 0.002489 0.003506
0 0.633764 0.227582 0.003406 0.003627
0 0.610708 0.239908 0.002658 0.004269
0 0.607263 0.244268 0.003642 0.003179
0 0.604753 0.248583 0.002559 0.003815
0 0.615580 0.247810 0.003347 0.002089
0 0.608493 0.257757 0.003543 0.001817
0 0.600963 0.258938 0.002067 0.003633
0 0.597764 0.255486 0.004331 0.002907
0 0.600225 0.255350 0.002165 0.003906
0 0.592400 0.249491 0.002461 0.003815
0 0.591760 0.259619 0.002362 0.003543
0 0.594073 0.258166 0.004626 0.002453
0 0.590973 0.256077 0.002559 0.003543
0 0.588659 0.262980 0.002461 0.004088
0 0.586838 0.259437 0.001969 0.004269
0 0.583935 0.256803 0.001870 0.002998
0 0.586297 0.265342 0.001870 0.003179
0 0.586543 0.233776 0.002953 0.003997
0 0.581769 0.260845 0.003051 0.001998
0 0.582901 0.263934 0.001772 0.003452
0 0.577980 0.254714 0.002953 0.002453
0 0.576503 0.256077 0.002165 0.003361
0 0.573846 0.262480 0.002559 0.003270
0 0.576454 0.263934 0.002264 0.003633
0 0.567891 0.251444 0.002067 0.002998
0 0.553323 0.249037 0.002067 0.003633
0 0.554504 0.242360 0.001870 0.003906
0 0.556276 0.240044 0.003445 0.002907
0 0.554258 0.231914 0.003937 0.002634
0 0.556424 0.224511 0.003740 0.002725
0 0.596084 0.226867 0.002620 0.003385
0 0.597721 0.223422 0.002751 0.003748
0 0.581411 0.223663 0.002620 0.003506
0 0.595691 0.235391 0.003406 0.003264
0 0.595887 0.231764 0.003013 0.003990
0 0.588223 0.221910 0.002620 0.004353
0 0.620386 0.231945 0.002489 0.003143
0 0.618355 0.231522 0.001834 0.004232
0 0.617111 0.233033 0.003537 0.005078
0 0.593868 0.168284 0.002382 0.003407
0 0.598275 0.164437 0.002382 0.004287
0 0.596964 0.168064 0.003097 0.002968
0 0.595297 0.164767 0.002858 0.002528
0 0.587496 0.171142 0.002501 0.004287
0 0.585590 0.171142 0.002263 0.002968
0 0.580171 0.174989 0.003097 0.003407
0 0.578147 0.181803 0.003573 0.003187
0 0.574991 0.182243 0.002263 0.003407
0 0.574693 0.186530 0.002144 0.002968
0 0.571912 0.191971 0.002359 0.003754
0 0.569106 0.188931 0.001952 0.003528
0 0.569635 0.191258 0.002196 0.002627
0 0.567520 0.192684 0.001871 0.004129
0 0.560605 0.193360 0.002196 0.003528
0 0.564225 0.195612 0.001952 0.003078
0 0.560361 0.197414 0.002034 0.003078
0 0.556375 0.201468 0.002196 0.003378
0 0.554911 0.203119 0.002034 0.003228
0 0.555236 0.205484 0.002359 0.002402
0 0.555033 0.207736 0.002115 0.003904
0 0.555194 0.215109 0.002322 0.002820
0 0.552872 0.215024 0.002811 0.001861
0 0.546974 0.230083 0.002628 0.003892
0 0.545355 0.225430 0.003545 0.001692
0 0.540893 0.225966 0.002689 0.002651
0 0.540190 0.228476 0.002261 0.003159
0 0.538693 0.218803 0.002078 0.004117
0 0.534079 0.223569 0.001895 0.002707
0 0.535209 0.221962 0.003300 0.003328
0 0.531726 0.209384 0.002078 0.003328
0 0.527600 0.209638 0.003484 0.002482
0 0.535912 0.234934 0.002261 0.003328
0 0.567932 0.258338 0.002196 0.003754
0 0.574074 0.257887 0.002603 0.003003
0 0.568420 0.254659 0.001871 0.003003
0 0.567078 0.255260 0.002278 0.003153
0 0.547839 0.251394 0.002684 0.004129
0 0.543813 0.250718 0.002440 0.003228
0 0.536085 0.245275 0.002440 0.003153
0 0.529455 0.259238 0.003498 0.003453
0 0.527625 0.260590 0.003091 0.003603
0 0.526405 0.267196 0.003254 0.003904
0 0.515138 0.270950 0.002684 0.003904
0 0.512210 0.266258 0.002359 0.003528
0 0.512494 0.261828 0.002115 0.004279
0 0.513959 0.260064 0.002928 0.004054
0 0.516887 0.255522 0.002115 0.003979
0 0.518229 0.251394 0.002034 0.003829
0 0.521158 0.254697 0.002359 0.003228
0 0.521198 0.257549 0.003254 0.003528
0 0.512454 0.245200 0.002359 0.003453
0 0.508712 0.250680 0.002847 0.002703
0 0.505051 0.252257 0.002684 0.003453
0 0.505539 0.258713 0.003010 0.003603
0 0.503180 0.260665 0.002034 0.002552
0 0.500333 0.267834 0.002684 0.003078
0 0.496672 0.265507 0.003010 0.002627
0 0.493907 0.267609 0.002359 0.003528
0 0.492402 0.267571 0.001952 0.003153
0 0.524567 0.195589 0.002815 0.004896
0 0.522781 0.190593 0.002490 0.003297
0 0.517746 0.188195 0.002165 0.003897
0 0.516609 0.187146 0.002490 0.003997
0 0.515039 0.184198 0.003898 0.002498
0 0.514552 0.179002 0.003790 0.004496
0 0.487930 0.142215 0.002559 0.003270
0 0.486601 0.146621 0.002461 0.003361
0 0.490784 0.143351 0.002362 0.002634
0 0.490292 0.145667 0.001969 0.003633
0 0.481926 0.134630 0.001969 0.004451
0 0.476709 0.132405 0.002756 0.004178
0 0.473313 0.128908 0.002854 0.004088
0 0.469376 0.134040 0.002264 0.003997
0 0.464504 0.138128 0.002953 0.003997
0 0.460911 0.131406 0.002854 0.004542
0 0.455546 0.131769 0.002756 0.003997
0 0.455104 0.129362 0.004626 0.002089
0 0.454365 0.126501 0.002362 0.003633
0 0.452594 0.127136 0.002362 0.003270
0 0.451068 0.128771 0.002854 0.004542
0 0.446737 0.123821 0.002461 0.004451
0 0.830240 0.322016 0.003487 0.004989
0 0.827799 0.313487 0.003139 0.005632
0 0.885865 0.324993 0.003487 0.005471
0 0.812018 0.315821 0.003313 0.006437
0 0.776795 0.311959 0.003313 0.004506
0 0.744971 0.330223 0.002790 0.004345
0 0.736166 0.348649 0.003662 0.004184
0 0.693357 0.319120 0.003836 0.004023
0 0.663598 0.307458 0.002494 0.005133
0 0.636361 0.316308 0.003261 0.004071
0 0.619098 0.294624 0.003644 0.003894
0 0.594066 0.285331 0.004220 0.004071
0 0.592436 0.276126 0.001726 0.005133
0 0.591285 0.276038 0.001726 0.005664
0 0.589847 0.277277 0.003069 0.006727
0 0.572871 0.300289 0.003261 0.003186
0 0.568364 0.312148 0.001918 0.004956
0 0.565199 0.331532 0.003644 0.004425
0 0.564336 0.338170 0.003836 0.004602
0 0.566637 0.347640 0.003836 0.003717
0 0.545551 0.306635 0.002853 0.005120
0 0.541112 0.303636 0.003170 0.004681
0 0.533900 0.299466 0.005231 0.005705
0 0.533186 0.308683 0.001902 0.004242
0 0.534217 0.314535 0.005231 0.003365
0 0.542222 0.316509 0.003487 0.003804
0 0.542222 0.321630 0.003170 0.003218
0 0.538180 0.322727 0.003012 0.005413
0 0.528748 0.329530 0.003805 0.004974
0 0.762418 0.407590 0.004595 0.004712
0 0.559982 0.395467 0.003487 0.004667
0 0.555536 0.401099 0.002616 0.004667
0 0.546032 0.400697 0.002790 0.004828
0 0.547427 0.390156 0.003836 0.004345
0 0.527723 0.390719 0.003487 0.004506
0 0.520399 0.384363 0.003487 0.003379
0 0.536878 0.416869 0.003662 0.004023
0 0.527985 0.420973 0.002964 0.004184
0 0.518656 0.433685 0.003487 0.004506
0 0.520225 0.442858 0.003487 0.004506
0 0.509850 0.465146 0.004011 0.003701
0 0.459892 0.448973 0.004534 0.003862
0 0.426063 0.423306 0.003487 0.003058
0 0.473306 0.407995 0.003013 0.003748
0 0.491385 0.389618 0.001965 0.003748
0 0.492237 0.385386 0.002358 0.003506
0 0.495774 0.387200 0.002620 0.003264
0 0.494464 0.388771 0.003144 0.002297
0 0.494726 0.391068 0.002358 0.003748
0 0.485097 0.375653 0.002489 0.003627
0 0.482542 0.372087 0.002620 0.003748
0 0.477826 0.366041 0.003144 0.003990
0 0.473110 0.362838 0.001834 0.003385
0 0.579049 0.513545 0.002616 0.003701
0 0.575823 0.509200 0.002092 0.003379
0 0.572335 0.508636 0.003487 0.002897
0 0.499796 0.484257 0.002092 0.003701
0 0.499360 0.481441 0.002964 0.004184
0 0.491165 0.507751 0.003313 0.004023
0 0.466142 0.527303 0.002092 0.004506
0 0.449581 0.478027 0.002382 0.004896
0 0.447469 0.477777 0.001841 0.004197
0 0.448823 0.482973 0.002165 0.003197
0 0.448336 0.486919 0.002923 0.004696
0 0.430579 0.490167 0.002923 0.003797
0 0.426952 0.478676 0.002382 0.003397
0 0.413905 0.476028 0.004656 0.003098
0 0.411523 0.477377 0.002490 0.004396
0 0.396527 0.474130 0.004764 0.003297
0 0.369189 0.456394 0.003790 0.003397
0 0.359171 0.458412 0.001871 0.003453
0 0.360758 0.456235 0.003091 0.003303
0 0.347376 0.445462 0.002034 0.003378
0 0.350996 0.429247 0.003905 0.002477
0 0.384727 0.414685 0.002620 0.003748
0 0.372871 0.413476 0.003275 0.004232
0 0.327954 0.440498 0.004295 0.001734
0 0.329385 0.439342 0.002327 0.003881
0 0.328401 0.441159 0.001790 0.003716
0 0.482563 0.274207 0.002263 0.004506
0 0.510790 0.231671 0.003216 0.002088
0 0.475179 0.238101 0.002263 0.003517
0 0.469582 0.247059 0.002977 0.003407
0 0.452014 0.234089 0.003097 0.002968
0 0.443380 0.234034 0.002263 0.004177
0 0.455766 0.280912 0.003454 0.003627
0 0.441891 0.276790 0.003335 0.003737
0 0.434030 0.276955 0.002620 0.003407
0 0.441653 0.291244 0.002620 0.003847
0 0.423669 0.282341 0.002382 0.004067
0 0.424443 0.277395 0.002977 0.004946
0 0.410151 0.276625 0.002501 0.004067
0 0.405446 0.277614 0.001906 0.002968
0 0.396454 0.284429 0.001786 0.004726
0 0.395383 0.280912 0.002977 0.003627
0 0.504083 0.268438 0.002025 0.003407
0 0.502714 0.266184 0.002144 0.003737
0 0.516485 0.244312 0.002018 0.004921
0 0.407346 0.236897 0.002695 0.004242
0 0.405285 0.230387 0.003329 0.004096
0 0.400292 0.232874 0.004122 0.004096
0 0.397597 0.233972 0.004122 0.005705
0 0.372868 0.234264 0.002853 0.005705
0 0.359314 0.233167 0.002695 0.004974
0 0.355272 0.277055 0.003487 0.003804
0 0.337359 0.275226 0.003170 0.004535
0 0.344968 0.232801 0.003805 0.003950
0 0.318812 0.233460 0.005707 0.004681
0 0.309459 0.237775 0.004439 0.003657
0 0.322141 0.290075 0.002853 0.003511
0 0.319446 0.290075 0.003805 0.004096
0 0.320239 0.286930 0.002536 0.005998
0 0.366760 0.284451 0.002490 0.003497
0 0.308239 0.292495 0.002382 0.003797
0 0.305966 0.292145 0.002165 0.003098
0 0.308564 0.296841 0.002599 0.004496
0 0.307319 0.297740 0.002707 0.003098
0 0.308672 0.301637 0.002599 0.003697
0 0.292648 0.290246 0.002599 0.003897
0 0.324925 0.276041 0.001870 0.002907
0 0.326648 0.273907 0.001772 0.002634
0 0.258558 0.258892 0.003144 0.003990
0 0.240937 0.231145 0.002751 0.003869
0 0.230129 0.265421 0.003144 0.004473
0 0.186044 0.231931 0.002489 0.003748
0 0.178184 0.234047 0.003537 0.003869
0 0.168358 0.236042 0.003013 0.004473
0 0.189516 0.229755 0.002096 0.004473
0 0.314117 0.293618 0.002263 0.003297
0 0.313998 0.289881 0.001786 0.003517
0 0.158738 0.221410 0.002882 0.004111
0 0.159262 0.216332 0.003668 0.003869
0 0.152122 0.218509 0.003799 0.002418
0 0.160638 0.239183 0.004061 0.003143
0 0.174590 0.242327 0.003668 0.004836
0 0.143083 0.233440 0.003275 0.004232
0 0.135353 0.232050 0.004323 0.003385
0 0.125658 0.234286 0.002489 0.004232
0 0.132995 0.274064 0.002227 0.004715
0 0.092539 0.220902 0.005929 0.005471
0 0.036582 0.219630 0.004987 0.004602
0 0.038930 0.184614 0.004642 0.004089
0 0.140078 0.282592 0.003747 0.002793
0 0.135539 0.273682 0.001873 0.003857
0 0.127252 0.272086 0.002018 0.004123
0 0.127757 0.275477 0.001873 0.004522
0 0.135611 0.279799 0.002306 0.003857
