0 0.033445 0.875778 0.002424 0.004295
0 0.039404 0.878579 0.003434 0.002241
0 0.045843 0.890963 0.003035 0.003297
0 0.046602 0.893944 0.002428 0.003087
0 0.065346 0.893628 0.003491 0.003157
0 0.071872 0.895101 0.002884 0.003016
0 0.083369 0.891454 0.004174 0.001894
0 0.083900 0.902362 0.002656 0.002806
0 0.095207 0.902818 0.003263 0.003578
0 0.102492 0.902257 0.002656 0.003297
0 0.113343 0.895172 0.003567 0.002876
0 0.122943 0.897101 0.002732 0.003087
0 0.126624 0.886017 0.002201 0.003928
0 0.141915 0.877459 0.002277 0.003367
0 0.147796 0.873075 0.004174 0.002315
0 0.160203 0.870830 0.002732 0.002876
0 0.162214 0.865429 0.002201 0.003016
0 0.161683 0.862413 0.003718 0.002736
0 0.151704 0.865534 0.002884 0.004349
0 0.155233 0.868270 0.002352 0.003507
0 0.155498 0.871356 0.002125 0.003648
0 0.166122 0.883422 0.002428 0.003227
0 0.178188 0.871146 0.002580 0.003367
0 0.169461 0.869112 0.002428 0.003087
0 0.169347 0.871637 0.003567 0.002806
0 0.185625 0.874583 0.003339 0.003087
0 0.167374 0.893523 0.003567 0.002666
0 0.166046 0.894575 0.002428 0.002666
0 0.190785 0.897276 0.002428 0.002455
0 0.219963 0.898960 0.003263 0.002736
0 0.221936 0.895698 0.002352 0.003227
0 0.232143 0.895487 0.002125 0.003087
0 0.233509 0.896364 0.002125 0.002736
0 0.238935 0.898118 0.002504 0.002736
0 0.241363 0.898749 0.002656 0.002034
0 0.228500 0.872865 0.002732 0.003858
0 0.214310 0.875320 0.003339 0.003578
0 0.207708 0.870655 0.002580 0.003087
0 0.204065 0.878336 0.003187 0.003297
0 0.199436 0.876302 0.002277 0.003016
0 0.198108 0.874688 0.002504 0.002736
0 0.267840 0.889902 0.002208 0.003061
0 0.276911 0.902611 0.002167 0.003426
0 0.273575 0.900582 0.002224 0.002319
0 0.277709 0.914074 0.002281 0.002741
0 0.282213 0.914706 0.001938 0.003478
0 0.295728 0.917771 0.002484 0.002811
0 0.292494 0.916286 0.002270 0.003247
0 0.291551 0.917711 0.002013 0.003247
0 0.310094 0.915745 0.001977 0.003245
0 0.313571 0.915540 0.002318 0.003592
0 0.309140 0.911602 0.002863 0.003592
0 0.329182 0.918336 0.002147 0.002930
0 0.348412 0.907823 0.002624 0.002357
0 0.357129 0.900077 0.002212 0.002669
0 0.366127 0.895450 0.002062 0.003188
0 0.369033 0.895468 0.002774 0.003084
0 0.371113 0.894480 0.002212 0.002773
0 0.371563 0.889056 0.002962 0.003084
0 0.385228 0.872179 0.003584 0.001761
0 0.390513 0.860563 0.003538 0.001929
0 0.401038 0.860731 0.003357 0.003439
0 0.413263 0.865491 0.002041 0.002642
0 0.415373 0.863981 0.002903 0.002223
0 0.470701 0.867640 0.002657 0.003254
0 0.476114 0.866290 0.002325 0.003377
0 0.480132 0.868561 0.002790 0.003500
0 0.473922 0.858063 0.003122 0.003868
0 0.465786 0.858615 0.003454 0.002886
0 0.489686 0.856521 0.002096 0.003229
0 0.494701 0.848356 0.003044 0.003506
0 0.499816 0.838692 0.002595 0.003367
0 0.513029 0.830841 0.002693 0.002710
0 0.516352 0.829786 0.002249 0.003056
0 0.519419 0.826194 0.002318 0.003497
0 0.465763 0.844041 0.001980 0.003088
0 0.456566 0.840896 0.002392 0.003050
0 0.334349 0.918444 0.002545 0.002722
0 0.332627 0.918375 0.003293 0.002952
0 0.409944 0.865361 0.002894 0.003875
