0 0.658938 0.494621 0.004132 0.002344
0 0.648145 0.496809 0.004132 0.002344
0 0.650000 0.488606 0.004132 0.002344
0 0.638617 0.494465 0.004132 0.002344
0 0.655228 0.495090 0.004132 0.002344
0 0.660793 0.497434 0.004132 0.002344
0 0.643171 0.501653 0.004132 0.002344
0 0.705039 0.491202 0.004132 0.002344
0 0.682864 0.498155 0.004132 0.002344
0 0.712122 0.498077 0.004132 0.002344
0 0.741633 0.512061 0.004132 0.002344
0 0.735815 0.515655 0.004132 0.002344
0 0.733945 0.523298 0.004132 0.002344
0 0.730741 0.508532 0.004132 0.002344
0 0.720707 0.501657 0.004132 0.002344
0 0.736137 0.541579 0.004132 0.002344
0 0.687571 0.551423 0.004132 0.002344
0 0.737233 0.537048 0.004132 0.002344
0 0.690985 0.542556 0.002024 0.003203
0 0.613835 0.908101 0.004384 0.002266
0 0.709145 0.908329 0.004384 0.002266
0 0.771349 0.881257 0.004384 0.002266
0 0.780118 0.862507 0.004384 0.002266
0 0.817133 0.879147 0.004384 0.002266
0 0.775480 0.872585 0.004384 0.002266
0 0.778010 0.874616 0.004384 0.002266
0 0.864951 0.889050 0.004384 0.002266
0 0.885988 0.898932 0.004806 0.002812
0 0.889445 0.882721 0.002277 0.003672
0 0.855050 0.820996 0.002277 0.003672
0 0.860067 0.820293 0.002867 0.004141
0 0.862597 0.820996 0.002867 0.004141
0 0.876003 0.818965 0.002867 0.004141
0 0.852563 0.821152 0.002867 0.004141
0 0.888440 0.817402 0.003457 0.004141
0 0.861796 0.814980 0.003457 0.004141
0 0.867698 0.816543 0.004300 0.002422
0 0.849823 0.816152 0.004300 0.002422
0 0.877141 0.823887 0.004300 0.002422
0 0.804629 0.842402 0.004300 0.002422
0 0.809182 0.840137 0.004300 0.002422
0 0.905014 0.812590 0.004300 0.002422
0 0.923648 0.813606 0.004300 0.002422
0 0.730400 0.562429 0.004300 0.002422
0 0.735290 0.552038 0.004300 0.002422
0 0.704480 0.917163 0.004300 0.002422
0 0.713755 0.908413 0.004300 0.002422
0 0.709034 0.914585 0.004300 0.002422
0 0.877907 0.846593 0.004300 0.002422
0 0.880689 0.845109 0.004300 0.002422
0 0.905478 0.853312 0.004300 0.002422
0 0.908682 0.851671 0.004300 0.002422
0 0.910959 0.842609 0.004300 0.002422
0 0.959155 0.899520 0.004300 0.002422
0 0.953759 0.900535 0.004300 0.002422
0 0.949543 0.899754 0.004300 0.002422
0 0.945665 0.899754 0.004300 0.002422
0 0.875025 0.919678 0.004300 0.002422
0 0.850374 0.840163 0.004300 0.002422
0 0.915535 0.809129 0.004300 0.002422
0 0.620506 0.547341 0.005724 0.003224
0 0.529962 0.471185 0.005724 0.003224
0 0.637218 0.728992 0.003710 0.003438
