0 0.973208 0.296458 0.007926 0.009866
0 0.936501 0.315620 0.004588 0.006451
0 0.935875 0.366276 0.005840 0.007589
0 0.928158 0.376901 0.006257 0.006071
0 0.951309 0.450134 0.005840 0.011383
0 0.968411 0.471572 0.007508 0.004933
0 0.905633 0.342751 0.006257 0.006830
0 0.899376 0.331747 0.007091 0.004553
0 0.893119 0.341043 0.004588 0.007968
0 0.904799 0.296838 0.005423 0.009107
0 0.863294 0.299873 0.006674 0.007589
0 0.868717 0.316000 0.005840 0.007209
0 0.863711 0.316000 0.005006 0.005692
0 0.860374 0.316759 0.004171 0.004933
0 0.856829 0.319605 0.006257 0.007589
0 0.863503 0.320743 0.004588 0.004553
0 0.876851 0.334023 0.004588 0.008348
0 0.877060 0.339146 0.005840 0.005692
0 0.873931 0.341043 0.006257 0.007209
0 0.872054 0.348632 0.006674 0.006451
0 0.862251 0.340095 0.004588 0.005312
0 0.855786 0.330419 0.003337 0.007209
0 0.838475 0.309739 0.004588 0.006830
0 0.877268 0.383351 0.003754 0.009107
0 0.871845 0.390371 0.002920 0.004174
0 0.871011 0.397581 0.003754 0.006451
0 0.868717 0.396252 0.005840 0.006071
0 0.862043 0.383731 0.003337 0.009107
0 0.851545 0.389301 0.003532 0.005355
0 0.833179 0.360922 0.003061 0.004712
0 0.833767 0.351069 0.004238 0.003855
0 0.820817 0.366705 0.003767 0.004284
0 0.824702 0.373344 0.004003 0.006426
0 0.819169 0.374844 0.004238 0.003427
0 0.821052 0.376664 0.002826 0.003641
0 0.809868 0.384054 0.003061 0.004712
0 0.810221 0.397333 0.004238 0.007282
0 0.790914 0.371631 0.003767 0.005569
0 0.793929 0.408165 0.004826 0.005017
0 0.802719 0.428234 0.005861 0.005645
0 0.788585 0.425255 0.005171 0.007840
0 0.781173 0.424628 0.005516 0.005331
0 0.786689 0.410830 0.004826 0.008467
0 0.774451 0.416788 0.006550 0.005958
0 0.790309 0.404402 0.004482 0.006899
0 0.784793 0.393112 0.003792 0.008781
0 0.775140 0.390290 0.005861 0.005645
0 0.778588 0.377746 0.004482 0.007526
0 0.782035 0.328512 0.006550 0.007526
0 0.780656 0.322084 0.005861 0.008467
0 0.775830 0.327258 0.005171 0.006272
0 0.761006 0.384332 0.003792 0.003763
0 0.758593 0.384175 0.003792 0.005331
0 0.759972 0.388879 0.003103 0.004077
0 0.744149 0.389380 0.004551 0.005519
0 0.739788 0.433707 0.007205 0.005174
0 0.745476 0.439398 0.002654 0.008279
0 0.720637 0.400936 0.007584 0.007934
0 0.702815 0.384034 0.009101 0.010693
0 0.694851 0.411630 0.006067 0.007934
0 0.685940 0.410422 0.005688 0.006899
0 0.685561 0.426118 0.004171 0.006554
0 0.689921 0.471824 0.003034 0.004139
0 0.690680 0.475963 0.004551 0.004829
0 0.696747 0.483724 0.005309 0.007244
0 0.708124 0.466132 0.003792 0.005864
0 0.710020 0.469581 0.005309 0.003794
0 0.666377 0.420218 0.004474 0.004712
0 0.652956 0.416791 0.004003 0.005569
0 0.644008 0.417219 0.004474 0.005140
0 0.637533 0.420325 0.006593 0.005783
0 0.619285 0.420860 0.004474 0.003855
0 0.613869 0.434675 0.004474 0.006640
0 0.600095 0.408223 0.004709 0.005569
0 0.595386 0.434675 0.003296 0.006640
0 0.589381 0.434889 0.004474 0.004926
0 0.583024 0.429856 0.004003 0.004712
0 0.583024 0.424501 0.005416 0.004712
0 0.583259 0.415827 0.003532 0.004926
0 0.577020 0.413471 0.004238 0.005783
0 0.573017 0.410365 0.003767 0.005569
0 0.566542 0.400191 0.003532 0.005355
0 0.558065 0.406938 0.004003 0.006426
0 0.553827 0.405225 0.004474 0.005569
0 0.617904 0.467295 0.004274 0.005961
0 0.575642 0.467465 0.003538 0.004828
0 0.564408 0.458936 0.004776 0.003218
0 0.545037 0.465373 0.005661 0.005793
0 0.547602 0.451373 0.003361 0.004828
0 0.544330 0.448557 0.003538 0.006276
0 0.544506 0.514133 0.003538 0.004828
0 0.539288 0.508098 0.005838 0.007885
0 0.531946 0.442844 0.003538 0.004184
0 0.521243 0.446465 0.003715 0.004345
0 0.519209 0.454994 0.004600 0.004667
0 0.513990 0.451293 0.003007 0.003701
0 0.511425 0.453867 0.004246 0.004023
0 0.490285 0.457569 0.003361 0.006598
0 0.507610 0.496631 0.003715 0.004828
0 0.514252 0.407977 0.005351 0.007204
0 0.504191 0.411190 0.004067 0.006620
0 0.497128 0.422873 0.005351 0.007399
0 0.473689 0.442344 0.006422 0.007010
0 0.480966 0.461913 0.003853 0.006036
0 0.477970 0.461427 0.005137 0.005841
0 0.474331 0.454514 0.005994 0.006815
0 0.460203 0.456072 0.006422 0.005647
0 0.447146 0.466684 0.005994 0.005452
0 0.445005 0.463276 0.007278 0.002142
0 0.426811 0.458603 0.003853 0.004478
0 0.428095 0.434361 0.004709 0.005452
0 0.430771 0.428325 0.004923 0.005841
0 0.416964 0.395321 0.006850 0.008373
0 0.422851 0.467365 0.002783 0.004089
0 0.425205 0.465613 0.004923 0.003310
0 0.427560 0.463568 0.003211 0.005063
0 0.425526 0.462790 0.003425 0.004284
0 0.416643 0.449549 0.003211 0.005841
0 0.390635 0.484306 0.002997 0.007983
0 0.377257 0.457824 0.006208 0.007594
0 0.362428 0.489685 0.003216 0.004681
0 0.369263 0.489685 0.003377 0.004096
0 0.365484 0.487636 0.003538 0.003218
0 0.366127 0.490635 0.002252 0.003072
0 0.365564 0.493196 0.002091 0.004389
0 0.368218 0.493634 0.006755 0.002048
0 0.358166 0.455013 0.003699 0.005267
0 0.441802 0.524428 0.003419 0.006479
0 0.438810 0.531556 0.003704 0.004665
0 0.458896 0.537387 0.004559 0.004924
0 0.459893 0.527409 0.004843 0.005702
0 0.466304 0.523521 0.003419 0.006220
0 0.487244 0.528834 0.004843 0.008034
0 0.506048 0.527409 0.003704 0.006220
0 0.332547 0.438279 0.005180 0.006211
0 0.326072 0.435602 0.005416 0.005569
0 0.295462 0.458306 0.004945 0.003427
0 0.295815 0.461733 0.005651 0.003427
0 0.303703 0.483259 0.004003 0.006211
0 0.301231 0.483366 0.004709 0.004712
0 0.294403 0.475334 0.004238 0.006211
0 0.290282 0.474477 0.004474 0.004498
0 0.286750 0.475441 0.004003 0.005140
0 0.289929 0.480153 0.003296 0.005997
0 0.290635 0.484008 0.004709 0.005997
0 0.281923 0.479939 0.004238 0.002999
0 0.280746 0.483259 0.003767 0.004926
0 0.281335 0.477154 0.004945 0.007282
0 0.276272 0.445883 0.004709 0.004712
0 0.275213 0.458948 0.006357 0.005140
0 0.270739 0.466124 0.004003 0.004926
0 0.272505 0.475012 0.005180 0.006426
0 0.269444 0.472763 0.002355 0.004926
0 0.267325 0.474156 0.002826 0.005140
0 0.257671 0.468051 0.004709 0.005355
0 0.254021 0.458092 0.004003 0.004284
0 0.249430 0.452737 0.004709 0.004712
0 0.247193 0.459163 0.005416 0.004712
0 0.253668 0.414719 0.004238 0.006640
0 0.300331 0.377699 0.009308 0.008781
0 0.255562 0.480323 0.004923 0.006231
0 0.201620 0.476234 0.004923 0.005452
0 0.189847 0.481491 0.005351 0.006231
0 0.194128 0.514301 0.006636 0.007983
0 0.212216 0.510407 0.005994 0.006426
0 0.180322 0.524134 0.005137 0.003505
0 0.156134 0.552952 0.004281 0.005452
0 0.167907 0.517319 0.003425 0.005841
0 0.160415 0.517416 0.004281 0.005647
0 0.148428 0.480907 0.005565 0.006231
0 0.119209 0.482562 0.005351 0.007594
0 0.122741 0.502521 0.006422 0.002337
0 0.122848 0.504857 0.004923 0.003115
0 0.121992 0.507291 0.004495 0.002531
0 0.123704 0.511575 0.003639 0.006036
0 0.121457 0.517611 0.003425 0.004868
0 0.115356 0.524134 0.007064 0.005452
0 0.104761 0.530657 0.005565 0.005257
0 0.107757 0.523647 0.002997 0.006036
0 0.105403 0.523453 0.002997 0.006036
0 0.102513 0.503300 0.003211 0.006231
0 0.100694 0.501158 0.002569 0.004673
0 0.110219 0.488404 0.004067 0.004478
0 0.107650 0.490351 0.003639 0.005257
0 0.097804 0.487820 0.002355 0.004868
0 0.094914 0.486749 0.002569 0.005063
0 0.091703 0.484607 0.003853 0.003505
0 0.078111 0.487236 0.004067 0.006426
0 0.095342 0.498237 0.003425 0.005063
0 0.091061 0.493953 0.003853 0.004284
0 0.093416 0.501645 0.001712 0.004089
0 0.091703 0.500087 0.002569 0.004478
0 0.091061 0.518682 0.004709 0.005841
0 0.092131 0.533188 0.005565 0.006036
0 0.088064 0.532215 0.002569 0.002531
0 0.088064 0.536304 0.002141 0.003310
0 0.079716 0.530560 0.005565 0.003115
0 0.067729 0.528223 0.006422 0.002726
0 0.064946 0.518001 0.003853 0.003700
0 0.076184 0.513620 0.005351 0.004284
0 0.083676 0.514009 0.003639 0.004673
0 0.054030 0.499795 0.002997 0.004673
0 0.054137 0.495219 0.004495 0.004868
0 0.047073 0.480323 0.004067 0.005063
0 0.046003 0.483341 0.004067 0.006426
0 0.042043 0.482952 0.004709 0.006815
0 0.028022 0.485580 0.003211 0.004673
0 0.028664 0.497653 0.003639 0.006231
0 0.035728 0.509530 0.004495 0.004284
0 0.047287 0.512549 0.003211 0.004868
0 0.045574 0.527250 0.003211 0.004673
0 0.040758 0.527152 0.004281 0.005257
0 0.039260 0.518682 0.003425 0.005063
0 0.035835 0.517709 0.002997 0.003894
0 0.034016 0.519169 0.003211 0.005257
0 0.030698 0.516540 0.002997 0.003894
0 0.028664 0.519072 0.002783 0.004284
0 0.031875 0.522479 0.002355 0.003700
0 0.030377 0.521700 0.002783 0.004868
0 0.021172 0.518779 0.003639 0.004868
0 0.019353 0.481589 0.002997 0.004868
0 0.015821 0.477889 0.003639 0.004478
0 0.013038 0.476916 0.003211 0.005647
0 0.151318 0.569986 0.005688 0.005519
0 0.150939 0.563259 0.005688 0.007244
0 0.162277 0.384696 0.006107 0.010000
