0 0.352518 0.237301 0.003761 0.005751
0 0.406115 0.263179 0.002821 0.007962
0 0.321018 0.142416 0.003761 0.008847
0 0.316317 0.135781 0.002821 0.006193
0 0.318432 0.136223 0.002351 0.007962
0 0.317022 0.140868 0.002351 0.007520
0 0.236156 0.214962 0.004231 0.005308
0 0.236391 0.218722 0.003761 0.003981
0 0.236862 0.222482 0.004701 0.006193
0 0.851619 0.393519 0.005412 0.007870
0 0.353167 0.231750 0.002278 0.004019
0 0.352028 0.231482 0.002278 0.004555
0 0.602320 0.251977 0.003417 0.005358
0 0.590646 0.236974 0.002278 0.004287
0 0.588795 0.236036 0.002563 0.004555
0 0.585663 0.238179 0.003132 0.004019
