0 0.441642 0.267832 0.002088 0.002750
0 0.432805 0.271270 0.002088 0.003250
0 0.451942 0.266895 0.002088 0.003250
0 0.458065 0.261020 0.002088 0.003250
0 0.455978 0.267707 0.002088 0.003250
0 0.459666 0.265082 0.002088 0.003250
0 0.461962 0.264582 0.002088 0.003250
0 0.429464 0.276520 0.002088 0.003250
0 0.441016 0.289270 0.002088 0.003250
0 0.445122 0.281645 0.002088 0.003250
0 0.447279 0.288707 0.002088 0.003250
0 0.450898 0.286395 0.002088 0.003250
0 0.450828 0.283645 0.002088 0.003250
0 0.447140 0.283395 0.002088 0.003250
0 0.451942 0.278770 0.002088 0.003250
0 0.453333 0.274332 0.002088 0.003250
0 0.456882 0.279832 0.002088 0.003250
0 0.456743 0.277582 0.002088 0.003250
0 0.456743 0.275020 0.002088 0.003250
0 0.458622 0.271645 0.002088 0.003250
0 0.435866 0.265332 0.002088 0.003250
0 0.442111 0.294804 0.002088 0.003250
0 0.441833 0.298054 0.002088 0.003250
0 0.445591 0.300429 0.002088 0.003250
0 0.446008 0.297054 0.002088 0.003250
0 0.505160 0.326489 0.002088 0.003250
0 0.508918 0.327927 0.002088 0.003250
0 0.510379 0.325802 0.002088 0.003250
0 0.529138 0.367302 0.002088 0.003250
0 0.509584 0.361177 0.002088 0.003250
0 0.523780 0.377427 0.002088 0.003250
0 0.538533 0.363052 0.002088 0.003250
0 0.570614 0.364240 0.002088 0.003250
0 0.557670 0.364615 0.002088 0.003250
0 0.552451 0.367990 0.002088 0.003250
0 0.538951 0.391240 0.002088 0.003250
0 0.543196 0.393552 0.002088 0.003250
0 0.538185 0.393677 0.002088 0.003250
0 0.547858 0.393615 0.002088 0.003250
0 0.502068 0.360240 0.002088 0.003250
0 0.505756 0.360052 0.002088 0.003250
0 0.633050 0.403872 0.002088 0.003250
0 0.638826 0.398872 0.002088 0.003250
0 0.647803 0.410497 0.002088 0.003250
0 0.599044 0.380269 0.002088 0.003250
0 0.613483 0.402301 0.003688 0.001937
0 0.611771 0.340670 0.002366 0.003500
0 0.612188 0.336545 0.002366 0.003500
0 0.616016 0.313045 0.002366 0.003500
0 0.618173 0.307858 0.002366 0.003500
0 0.658535 0.299983 0.002366 0.003500
0 0.894018 0.303930 0.004816 0.004658
0 0.210670 0.396128 0.002436 0.003500
0 0.208443 0.401191 0.002436 0.003500
0 0.206425 0.413066 0.002436 0.003500
0 0.198561 0.421378 0.002436 0.003500
0 0.132150 0.420444 0.002436 0.003500
0 0.129575 0.424444 0.002436 0.003500
0 0.123521 0.426631 0.002436 0.003500
0 0.071126 0.443795 0.002436 0.003500
0 0.151913 0.479919 0.002436 0.003500
0 0.164231 0.494732 0.002436 0.003500
0 0.077396 0.818657 0.004746 0.006821
0 0.065192 0.848009 0.004746 0.006821
0 0.065516 0.365667 0.002436 0.003500
0 0.053486 0.242352 0.006949 0.009986
0 0.485228 0.199655 0.005221 0.007503
0 0.519756 0.367853 0.002436 0.003500
0 0.519617 0.354603 0.002436 0.003500
0 0.520661 0.357728 0.002436 0.003500
0 0.512797 0.378728 0.002436 0.003500
0 0.522540 0.371415 0.002436 0.003500
0 0.509318 0.370853 0.002436 0.003500
0 0.537908 0.378662 0.002436 0.003500
0 0.771830 0.336210 0.003566 0.005124
0 0.825546 0.239884 0.002679 0.003850
0 0.836645 0.238715 0.002679 0.003850
0 0.713376 0.287987 0.002436 0.003500
