0 0.982878 0.396078 0.004736 0.007127
0 0.970565 0.332790 0.006630 0.005417
0 0.958252 0.333218 0.004736 0.003421
0 0.951779 0.338206 0.006946 0.005987
0 0.950043 0.347044 0.005367 0.006557
0 0.951937 0.331650 0.005999 0.008267
0 0.921312 0.351605 0.005367 0.005987
0 0.928890 0.288317 0.009787 0.007127
0 0.984096 0.220315 0.005219 0.008717
0 0.985923 0.209359 0.007306 0.004712
0 0.979269 0.224674 0.004436 0.004712
0 0.977181 0.225498 0.004436 0.004477
0 0.973528 0.231271 0.003392 0.006126
0 0.969876 0.229739 0.003392 0.007304
0 0.967266 0.227030 0.002870 0.006126
0 0.954611 0.245407 0.004175 0.004241
0 0.947566 0.257187 0.005740 0.007068
0 0.940652 0.226441 0.004436 0.005890
0 0.924474 0.209359 0.005479 0.004241
0 0.896033 0.267201 0.006523 0.004005
0 0.896685 0.263666 0.005740 0.004948
0 0.907514 0.289230 0.003392 0.007539
0 0.927997 0.188744 0.002087 0.006833
0 0.900078 0.149162 0.004175 0.006361
0 0.895511 0.148809 0.004436 0.006126
0 0.887814 0.160236 0.004697 0.005890
0 0.875159 0.169424 0.007045 0.004005
0 0.881943 0.192514 0.006523 0.005890
0 0.850632 0.208417 0.004436 0.005183
0 0.857546 0.193574 0.005740 0.007068
0 0.890945 0.127958 0.004697 0.006361
0 0.917038 0.127840 0.005219 0.006126
0 0.952684 0.122458 0.005557 0.005331
0 0.987761 0.111012 0.003473 0.009408
0 0.974216 0.108190 0.006946 0.006899
0 0.941397 0.062876 0.006599 0.004704
0 0.874369 0.124183 0.005209 0.006899
0 0.883051 0.123085 0.006599 0.005958
0 0.870896 0.117598 0.007988 0.006899
0 0.864819 0.103016 0.006946 0.007840
0 0.863082 0.093765 0.007640 0.008781
0 0.828993 0.100180 0.006254 0.003505
0 0.822523 0.105340 0.004528 0.005647
0 0.804086 0.097746 0.006469 0.003700
0 0.800204 0.104464 0.006469 0.003894
0 0.791794 0.099694 0.008194 0.005647
0 0.797293 0.119262 0.003666 0.004284
0 0.793951 0.121307 0.003019 0.005257
0 0.798048 0.124130 0.003450 0.004284
0 0.784247 0.136982 0.006901 0.005452
0 0.776592 0.125299 0.006254 0.006620
0 0.759448 0.111571 0.008194 0.005257
0 0.755890 0.118873 0.004528 0.002726
0 0.743490 0.122962 0.003882 0.006620
0 0.731940 0.152138 0.004507 0.006640
0 0.719961 0.151710 0.004744 0.004070
0 0.720436 0.157386 0.005219 0.004712
0 0.732533 0.178162 0.004744 0.005997
0 0.739531 0.204400 0.004507 0.007925
0 0.706678 0.202901 0.006167 0.006640
0 0.695766 0.222820 0.005219 0.004498
0 0.682957 0.223784 0.004744 0.004284
0 0.682246 0.165953 0.004744 0.003855
0 0.666946 0.168416 0.005456 0.004498
0 0.812146 0.200849 0.003558 0.004498
0 0.819025 0.214664 0.006879 0.006854
0 0.796134 0.234155 0.005219 0.004284
0 0.838120 0.241544 0.004744 0.006640
0 0.782495 0.291664 0.004033 0.005783
0 0.783681 0.281597 0.004507 0.005783
0 0.756758 0.291878 0.005693 0.004498
0 0.826615 0.190782 0.004507 0.004498
0 0.859231 0.186391 0.005219 0.004712
0 0.744868 0.283934 0.005052 0.006272
0 0.692300 0.317574 0.003473 0.006272
0 0.688827 0.317146 0.004104 0.004276
0 0.701456 0.318857 0.005367 0.007127
0 0.683144 0.321137 0.005999 0.005987
0 0.668937 0.329262 0.006630 0.005131
0 0.668305 0.339525 0.004736 0.006272
0 0.732397 0.355490 0.005999 0.005702
0 0.711559 0.376443 0.005367 0.005987
0 0.628367 0.331258 0.005683 0.005702
0 0.624578 0.326696 0.004420 0.006842
0 0.635312 0.318001 0.004420 0.006557
0 0.645573 0.297618 0.005999 0.006272
0 0.636575 0.307026 0.006314 0.005702
0 0.631050 0.312585 0.004104 0.006557
0 0.631524 0.323275 0.006314 0.006842
0 0.612423 0.335391 0.007262 0.007127
0 0.600267 0.391838 0.006314 0.007697
0 0.545805 0.407945 0.005999 0.006842
0 0.547542 0.391553 0.006314 0.007697
0 0.618191 0.295607 0.002135 0.006640
0 0.598147 0.289824 0.005219 0.005355
0 0.606330 0.306102 0.005930 0.007497
0 0.592572 0.322595 0.004507 0.006640
0 0.592572 0.304603 0.003558 0.007068
0 0.591386 0.289074 0.003558 0.005569
0 0.589844 0.275152 0.004744 0.007282
0 0.574663 0.242703 0.005693 0.005355
0 0.572664 0.208645 0.008335 0.007213
0 0.629776 0.185420 0.004097 0.007789
0 0.626864 0.184251 0.003882 0.005841
0 0.641313 0.176268 0.003882 0.007010
0 0.654575 0.185420 0.004960 0.005452
0 0.572307 0.183472 0.003882 0.004284
0 0.567563 0.187172 0.004313 0.004284
0 0.562711 0.208883 0.005391 0.006036
0 0.541901 0.196324 0.006038 0.005063
0 0.532952 0.208591 0.005391 0.005063
0 0.529718 0.229328 0.004960 0.006426
0 0.533707 0.241984 0.006038 0.003700
0 0.529610 0.244808 0.004744 0.005063
0 0.547616 0.239842 0.003666 0.005257
0 0.631397 0.150724 0.004901 0.004602
0 0.585034 0.127093 0.003921 0.005133
0 0.580035 0.122579 0.004117 0.007789
0 0.632573 0.108949 0.003725 0.006373
0 0.615812 0.118773 0.004705 0.006550
0 0.558667 0.117534 0.004117 0.006195
0 0.545924 0.116029 0.003725 0.003894
0 0.543670 0.115852 0.002745 0.003186
0 0.741977 0.138875 0.006001 0.004948
0 0.761286 0.140406 0.006001 0.004712
0 0.701794 0.154425 0.006001 0.004477
0 0.714971 0.145354 0.004175 0.005183
0 0.714188 0.154307 0.003131 0.005655
0 0.577665 0.339396 0.003558 0.004498
0 0.568532 0.335005 0.004270 0.004712
0 0.570904 0.327616 0.005693 0.004926
0 0.562958 0.331150 0.004033 0.005140
0 0.565093 0.324189 0.004981 0.005355
0 0.561653 0.319156 0.004744 0.006426
0 0.556672 0.335112 0.003795 0.005355
0 0.553114 0.328794 0.004270 0.004712
0 0.556790 0.326224 0.005930 0.005997
0 0.550623 0.323118 0.004507 0.004498
0 0.544930 0.317335 0.005456 0.006211
0 0.538763 0.324617 0.004033 0.006211
0 0.544456 0.347214 0.002609 0.006426
0 0.542084 0.344644 0.003084 0.005140
0 0.537458 0.340253 0.003321 0.005355
0 0.539712 0.332328 0.005930 0.004498
0 0.534137 0.328794 0.004270 0.004712
0 0.528681 0.335862 0.002846 0.005569
0 0.524412 0.351498 0.005693 0.005140
0 0.515161 0.344965 0.004270 0.005355
0 0.516703 0.339503 0.004033 0.004284
0 0.510772 0.330293 0.004507 0.006854
0 0.521447 0.308125 0.004033 0.005355
0 0.521209 0.304055 0.004033 0.005783
0 0.584274 0.290660 0.004018 0.004406
0 0.468511 0.444585 0.003795 0.004284
0 0.472662 0.428628 0.004981 0.005355
0 0.476338 0.419097 0.003321 0.005140
0 0.463292 0.418882 0.005693 0.004284
0 0.448111 0.411707 0.004744 0.004926
0 0.484996 0.397464 0.004033 0.005997
0 0.485471 0.391788 0.004507 0.005355
0 0.508006 0.381828 0.003084 0.005997
0 0.514766 0.387932 0.004744 0.007497
0 0.483573 0.376366 0.005456 0.006211
0 0.482150 0.370369 0.003558 0.004498
0 0.523424 0.361159 0.004981 0.004498
0 0.494603 0.353770 0.003795 0.006426
0 0.505989 0.361909 0.003795 0.006854
0 0.505159 0.351949 0.005930 0.006211
0 0.509310 0.339847 0.004270 0.005569
0 0.498873 0.339098 0.006167 0.007068
0 0.477762 0.336528 0.003321 0.006211
0 0.479304 0.334064 0.004033 0.006854
0 0.478592 0.328603 0.004507 0.005783
0 0.471832 0.365229 0.004744 0.006211
0 0.462462 0.369941 0.004033 0.005783
0 0.443485 0.365550 0.004507 0.005569
0 0.451550 0.360945 0.004033 0.007497
0 0.456295 0.357518 0.004507 0.006211
0 0.453685 0.352377 0.004033 0.004926
0 0.450009 0.351735 0.003321 0.004926
0 0.430320 0.356019 0.006167 0.004926
0 0.494366 0.380115 0.003795 0.003427
0 0.415139 0.325068 0.004744 0.006854
0 0.407549 0.332030 0.004744 0.007925
0 0.433760 0.304078 0.004033 0.003855
0 0.426644 0.304185 0.005930 0.004498
0 0.426288 0.292405 0.004270 0.004926
0 0.420951 0.297760 0.007828 0.004498
0 0.409209 0.300758 0.005693 0.007068
0 0.411937 0.293155 0.004507 0.006426
0 0.383709 0.306648 0.004033 0.005997
0 0.403635 0.322391 0.004981 0.004926
0 0.338047 0.284801 0.003321 0.005569
0 0.345163 0.285872 0.005219 0.005997
0 0.344333 0.280946 0.002609 0.005140
0 0.352042 0.283516 0.003321 0.004712
0 0.373272 0.300437 0.002609 0.005997
0 0.367935 0.295189 0.006642 0.007925
0 0.359158 0.275484 0.003795 0.007068
0 0.366156 0.271843 0.004981 0.005355
0 0.366275 0.267773 0.004270 0.005355
0 0.371730 0.269808 0.002372 0.005140
0 0.375644 0.267024 0.004981 0.004284
0 0.375882 0.272486 0.002609 0.004070
0 0.388098 0.274092 0.003321 0.004284
0 0.393672 0.278162 0.003558 0.004712
0 0.402449 0.273771 0.003084 0.004070
0 0.400551 0.286086 0.004033 0.005140
0 0.418935 0.271522 0.003321 0.004712
0 0.423323 0.270665 0.002609 0.004284
0 0.426288 0.266060 0.003321 0.006211
0 0.422374 0.253209 0.004507 0.004926
0 0.441944 0.257707 0.004270 0.004926
0 0.437911 0.260063 0.004744 0.004926
0 0.433404 0.276448 0.005219 0.005997
0 0.452974 0.253209 0.005456 0.007068
0 0.395451 0.244106 0.006642 0.004284
0 0.382523 0.244320 0.004507 0.005569
0 0.340894 0.216583 0.003795 0.004926
0 0.334489 0.212620 0.005219 0.007282
0 0.333303 0.262633 0.003795 0.004926
0 0.341131 0.264882 0.003795 0.004712
0 0.343621 0.268416 0.003558 0.003213
0 0.362598 0.260063 0.006405 0.004070
0 0.318240 0.282981 0.003558 0.005783
0 0.306380 0.278590 0.006405 0.005997
0 0.298078 0.275484 0.006405 0.004926
0 0.291199 0.277840 0.005930 0.005783
0 0.309464 0.296689 0.005456 0.004070
0 0.309108 0.303650 0.004744 0.005569
0 0.301162 0.302472 0.004981 0.004926
0 0.305075 0.332137 0.003795 0.007711
0 0.256371 0.253430 0.003444 0.004665
0 0.230395 0.277143 0.004305 0.005442
0 0.167538 0.298913 0.004305 0.004406
0 0.282202 0.293341 0.002296 0.004147
0 0.148715 0.271401 0.005904 0.005331
0 0.205845 0.247254 0.005557 0.005331
0 0.090209 0.316720 0.003558 0.005355
0 0.041136 0.406623 0.005348 0.006209
0 0.061004 0.247795 0.006314 0.004924
0 0.039477 0.204903 0.005166 0.004147
