0 0.301053 0.743790 0.002323 0.003162
0 0.302964 0.747240 0.003435 0.001821
0 0.305601 0.748079 0.002032 0.002348
0 0.297811 0.749540 0.001742 0.002971
0 0.298367 0.751528 0.001984 0.002827
0 0.300327 0.750690 0.001839 0.002491
0 0.295319 0.762740 0.002468 0.002827
0 0.242311 0.750786 0.002226 0.002396
0 0.242674 0.753517 0.002274 0.002300
0 0.244004 0.759913 0.001935 0.002923
0 0.245432 0.758308 0.001887 0.002587
0 0.245553 0.755217 0.001742 0.002060
0 0.175181 0.710462 0.002283 0.003131
0 0.174771 0.706346 0.001698 0.002899
0 0.160456 0.763566 0.002108 0.003826
0 0.363616 0.647216 0.002357 0.003921
0 0.387000 0.653752 0.002169 0.003735
0 0.400531 0.669811 0.001886 0.004295
0 0.372432 0.674852 0.002263 0.003548
0 0.361211 0.657906 0.003017 0.001961
0 0.409573 0.683113 0.001984 0.003367
0 0.408050 0.684025 0.001913 0.003227
0 0.441205 0.685814 0.002480 0.002455
0 0.444995 0.688514 0.002834 0.002104
0 0.447262 0.693004 0.002550 0.003367
0 0.453638 0.696722 0.005101 0.002245
0 0.440603 0.670346 0.002125 0.002666
0 0.452150 0.700512 0.002023 0.003528
0 0.463983 0.698639 0.003167 0.001786
0 0.467832 0.700425 0.001892 0.003180
0 0.460156 0.704215 0.002463 0.002918
0 0.464027 0.704781 0.002463 0.002744
0 0.442968 0.708386 0.001819 0.003045
0 0.448209 0.710089 0.002116 0.003045
0 0.446391 0.710351 0.002315 0.002783
0 0.445878 0.711562 0.002149 0.002456
0 0.444192 0.712692 0.002083 0.003340
0 0.451830 0.711349 0.001885 0.002489
0 0.453021 0.708713 0.001687 0.002718
0 0.453947 0.709908 0.001951 0.002685
0 0.455733 0.708386 0.002083 0.003373
0 0.472366 0.698121 0.003406 0.001965
0 0.473739 0.699168 0.001918 0.002750
0 0.475954 0.697941 0.002050 0.002914
0 0.478782 0.699218 0.001885 0.003242
0 0.481675 0.693422 0.002315 0.003373
0 0.485346 0.689525 0.002844 0.002849
0 0.492968 0.685563 0.002216 0.002521
0 0.497647 0.679719 0.001786 0.003471
0 0.499929 0.679146 0.002712 0.001801
0 0.506410 0.681110 0.001918 0.003766
0 0.487446 0.679277 0.003472 0.001866
0 0.484221 0.677132 0.001852 0.003012
0 0.488983 0.673563 0.001918 0.003012
0 0.488752 0.670894 0.002183 0.002521
0 0.489215 0.668160 0.002116 0.002489
0 0.543032 0.699657 0.002315 0.003274
0 0.545860 0.697643 0.002282 0.003176
0 0.547745 0.697709 0.002414 0.003504
0 0.549944 0.700688 0.001984 0.003504
0 0.549216 0.692748 0.002116 0.003602
0 0.536898 0.697545 0.002149 0.002783
0 0.538618 0.694991 0.001687 0.002652
0 0.539014 0.698036 0.001687 0.002652
0 0.546984 0.688737 0.002083 0.002521
0 0.549183 0.687951 0.002050 0.002718
0 0.549977 0.680616 0.002116 0.002980
0 0.561435 0.689621 0.002216 0.002849
0 0.564147 0.692699 0.002149 0.002652
0 0.566776 0.686723 0.001720 0.002620
0 0.566197 0.684529 0.001885 0.002947
0 0.572050 0.679961 0.002348 0.003176
0 0.568313 0.676507 0.002216 0.002881
0 0.573042 0.672561 0.001885 0.003176
0 0.573389 0.668534 0.001720 0.003373
0 0.576498 0.671514 0.001984 0.002849
0 0.581078 0.668125 0.001687 0.003209
0 0.578581 0.661428 0.002249 0.002849
0 0.581376 0.656124 0.003075 0.002390
0 0.585162 0.656288 0.002116 0.003307
0 0.587510 0.655158 0.002976 0.003798
0 0.598439 0.661952 0.001951 0.003569
0 0.594835 0.668190 0.002149 0.003667
0 0.591676 0.669156 0.001852 0.002587
0 0.590238 0.667044 0.001885 0.003143
0 0.591924 0.666717 0.001753 0.003209
0 0.587791 0.664343 0.002282 0.002783
0 0.586881 0.663770 0.001852 0.002750
0 0.585674 0.664261 0.001687 0.003143
0 0.591886 0.679679 0.001892 0.003278
0 0.602653 0.686432 0.002692 0.003098
0 0.609146 0.689440 0.002801 0.002053
0 0.610528 0.682686 0.001928 0.003674
0 0.614639 0.680579 0.002728 0.002845
0 0.616912 0.680471 0.002110 0.003278
0 0.621023 0.688702 0.002110 0.002881
0 0.626243 0.687063 0.002073 0.003710
0 0.628079 0.685262 0.002183 0.003062
0 0.629462 0.685388 0.001819 0.003314
0 0.635009 0.687495 0.003383 0.002413
0 0.647705 0.681526 0.003521 0.002298
0 0.651827 0.679248 0.002081 0.003922
0 0.656728 0.677405 0.002441 0.003804
0 0.663131 0.679208 0.002601 0.003685
0 0.671373 0.675702 0.002841 0.002773
0 0.681257 0.681288 0.003081 0.003407
0 0.687879 0.677346 0.002561 0.003130
0 0.688399 0.678455 0.002481 0.003447
0 0.689819 0.678436 0.002361 0.003249
0 0.700683 0.677861 0.002161 0.003209
0 0.701963 0.678099 0.001761 0.003130
0 0.707305 0.673939 0.002441 0.003051
0 0.714428 0.669838 0.002361 0.002694
0 0.719789 0.671839 0.002521 0.003288
0 0.704164 0.682675 0.002401 0.003487
0 0.696041 0.682972 0.003121 0.002892
0 0.701903 0.688044 0.002761 0.003764
0 0.689779 0.685468 0.002121 0.002258
0 0.685558 0.695413 0.002161 0.003447
0 0.683217 0.696126 0.002201 0.002892
0 0.680476 0.696760 0.002161 0.003051
0 0.681097 0.698147 0.002121 0.002575
0 0.680156 0.704882 0.001841 0.003605
0 0.681617 0.704387 0.001961 0.003407
0 0.621425 0.724380 0.003307 0.002489
0 0.615588 0.724282 0.001819 0.002750
0 0.616597 0.724609 0.002249 0.002816
0 0.619804 0.728490 0.002447 0.002849
0 0.620912 0.729324 0.001819 0.002685
0 0.603006 0.726214 0.001852 0.002947
0 0.604444 0.724347 0.002083 0.002161
0 0.607635 0.723905 0.001918 0.002587
0 0.606131 0.723873 0.001687 0.002456
0 0.632092 0.724713 0.002184 0.002689
0 0.636883 0.723882 0.001720 0.002718
0 0.639082 0.722310 0.001885 0.004028
0 0.640901 0.724242 0.001687 0.002390
0 0.643067 0.725732 0.002579 0.002292
0 0.664252 0.781031 0.002001 0.002305
0 0.665834 0.779338 0.001746 0.002665
0 0.667278 0.779289 0.002116 0.002947
0 0.709871 0.788457 0.003042 0.002292
0 0.709606 0.787049 0.002513 0.002096
0 0.712268 0.788113 0.002216 0.002980
0 0.648595 0.740472 0.001786 0.003536
0 0.646247 0.741782 0.001786 0.002685
0 0.645685 0.744451 0.001918 0.002849
0 0.648231 0.743763 0.001918 0.002718
0 0.691170 0.682081 0.002921 0.002655
0 0.658040 0.654109 0.001961 0.003526
0 0.660840 0.649078 0.002041 0.003764
0 0.662561 0.648880 0.001961 0.003209
0 0.670684 0.646185 0.002041 0.003526
0 0.672744 0.646146 0.002481 0.003288
0 0.675445 0.639054 0.002201 0.003605
0 0.680007 0.639589 0.002201 0.003804
0 0.697473 0.639351 0.002241 0.003090
0 0.697513 0.637291 0.001921 0.003090
0 0.706936 0.638400 0.002441 0.004041
0 0.713838 0.645274 0.002401 0.003051
0 0.727643 0.652941 0.002801 0.003724
0 0.721280 0.642857 0.002401 0.003288
0 0.722521 0.640123 0.002401 0.003051
0 0.735145 0.640817 0.002361 0.002853
0 0.737666 0.646522 0.002921 0.002456
0 0.745668 0.645096 0.003241 0.002298
0 0.747289 0.649414 0.001921 0.003090
0 0.726022 0.636855 0.002121 0.002932
0 0.757061 0.647079 0.001673 0.003094
0 0.766942 0.646164 0.002157 0.003704
0 0.774997 0.643287 0.001893 0.003530
0 0.779464 0.648365 0.002113 0.003312
0 0.780322 0.646164 0.001805 0.003007
0 0.790116 0.655338 0.002641 0.004184
0 0.780102 0.655839 0.002069 0.003443
0 0.785384 0.660175 0.002157 0.002964
0 0.788333 0.663204 0.002421 0.003704
0 0.791260 0.663706 0.002817 0.002876
0 0.790556 0.667933 0.003785 0.002005
0 0.795727 0.670417 0.002685 0.003487
0 0.791546 0.674776 0.002421 0.003399
0 0.787563 0.681509 0.003081 0.002310
0 0.789653 0.681356 0.002245 0.003051
0 0.790402 0.683470 0.003389 0.002223
0 0.781621 0.683339 0.002113 0.002659
0 0.782677 0.685148 0.001849 0.002964
0 0.785802 0.689419 0.002641 0.002615
0 0.788905 0.689659 0.002949 0.002920
0 0.782435 0.693145 0.002245 0.003269
0 0.775019 0.691359 0.002025 0.003269
0 0.772774 0.683165 0.002993 0.002223
0 0.770089 0.685540 0.004049 0.002266
0 0.768350 0.675778 0.002333 0.003399
0 0.765599 0.665078 0.002289 0.003269
0 0.762871 0.664141 0.002641 0.003574
0 0.765357 0.671158 0.002333 0.003225
0 0.756709 0.672357 0.001761 0.002746
0 0.759724 0.677434 0.002421 0.003051
0 0.757545 0.683644 0.002993 0.002397
0 0.772378 0.680223 0.002201 0.003051
0 0.746346 0.678255 0.002149 0.003111
0 0.732920 0.674931 0.002480 0.002489
0 0.731845 0.671149 0.002447 0.003176
0 0.728323 0.670069 0.003142 0.001932
0 0.726405 0.672901 0.003009 0.002489
0 0.753290 0.688602 0.002083 0.003438
0 0.754695 0.688782 0.002116 0.003602
0 0.762665 0.690747 0.001918 0.003405
0 0.757953 0.693006 0.003472 0.001965
0 0.769609 0.693022 0.001918 0.002718
0 0.770668 0.694905 0.002579 0.001768
0 0.768353 0.694922 0.001786 0.002980
0 0.773148 0.699358 0.003770 0.001899
0 0.815446 0.646596 0.002414 0.002685
0 0.813561 0.639671 0.002149 0.003176
0 0.814785 0.640539 0.001885 0.002947
0 0.811329 0.642045 0.001852 0.003143
0 0.540042 0.695181 0.001786 0.002652
0 0.545879 0.686405 0.001687 0.003045
0 0.547202 0.686389 0.001951 0.002881
0 0.536703 0.694117 0.002116 0.002750
0 0.305473 0.755388 0.002811 0.002325
0 0.299818 0.753963 0.001951 0.002947
0 0.300976 0.756190 0.001819 0.002489
