0 0.122503 0.429898 0.003200 0.005222
0 0.119303 0.428669 0.003200 0.005222
0 0.123943 0.357862 0.004160 0.007373
0 0.271458 0.327757 0.003520 0.005529
0 0.267778 0.328679 0.003840 0.007373
0 0.264738 0.328218 0.004160 0.005837
0 0.284578 0.324225 0.004160 0.007680
0 0.281538 0.307329 0.003840 0.005837
0 0.282338 0.301032 0.005440 0.004915
0 0.112070 0.323286 0.003778 0.003627
0 0.111182 0.326273 0.003333 0.005333
0 0.217734 0.244995 0.003111 0.004480
0 0.551613 0.436670 0.003333 0.004693
0 0.556724 0.437203 0.002889 0.004907
0 0.605833 0.469309 0.002889 0.004267
0 0.605611 0.477842 0.003333 0.005120
0 0.609389 0.479655 0.002889 0.005333
0 0.607500 0.479762 0.002667 0.005547
0 0.641277 0.425363 0.003555 0.005547
0 0.639055 0.421630 0.002667 0.004053
0 0.641277 0.417150 0.004000 0.005333
0 0.756273 0.382805 0.004222 0.005760
0 0.778162 0.387284 0.004444 0.005333
0 0.782162 0.380031 0.004000 0.004907
0 0.813494 0.375658 0.003111 0.004267
0 0.816272 0.374165 0.002889 0.005547
0 0.814827 0.403177 0.005333 0.005547
0 0.821383 0.405097 0.002444 0.005120
0 0.840271 0.398591 0.002889 0.005333
0 0.843160 0.385578 0.003778 0.004907
0 0.842938 0.399977 0.002889 0.007253
0 0.853271 0.391551 0.003111 0.005333
0 0.869048 0.386324 0.003111 0.005120
0 0.870714 0.381205 0.002889 0.004693
0 0.877936 0.372778 0.003555 0.006613
0 0.884862 0.470501 0.003467 0.005632
0 0.883796 0.445798 0.003467 0.004352
0 0.838330 0.461157 0.004800 0.004864
0 0.904595 0.386280 0.004000 0.004608
0 0.916461 0.382184 0.004267 0.004608
0 0.890800 0.363699 0.003840 0.006758
0 0.147302 0.276610 0.005440 0.005222
