0 0.488658 0.793377 0.002950 0.003268
0 0.485181 0.787121 0.003160 0.002708
0 0.488183 0.786094 0.002002 0.003455
0 0.489922 0.785441 0.002107 0.003455
0 0.494557 0.789922 0.002950 0.002708
0 0.495189 0.787121 0.002107 0.002894
0 0.498718 0.793097 0.002423 0.003641
0 0.494820 0.793984 0.002212 0.003174
0 0.495452 0.795898 0.002002 0.002521
0 0.507936 0.797438 0.002739 0.002988
0 0.514204 0.801407 0.002212 0.002147
0 0.515521 0.801033 0.002107 0.002894
0 0.519261 0.797158 0.003266 0.001867
0 0.521578 0.798652 0.002423 0.002988
0 0.527530 0.803414 0.003582 0.001867
0 0.531534 0.798652 0.003160 0.003921
0 0.531217 0.805048 0.002950 0.003828
0 0.543385 0.792397 0.004109 0.002614
0 0.866869 0.853569 0.003310 0.002423
0 0.868812 0.850891 0.002302 0.002423
0 0.868740 0.847320 0.002015 0.001658
0 0.872374 0.847447 0.002231 0.002933
0 0.875360 0.844323 0.001871 0.002933
0 0.872949 0.853952 0.002087 0.002678
0 0.874245 0.853219 0.002374 0.002360
0 0.863200 0.843047 0.003454 0.002806
0 0.859206 0.842601 0.003094 0.001786
0 0.855861 0.839572 0.003742 0.001849
0 0.854817 0.836001 0.002231 0.002615
0 0.856220 0.835682 0.002159 0.002997
0 0.851471 0.832908 0.001727 0.003061
0 0.849061 0.828954 0.001799 0.002678
0 0.844420 0.826467 0.002734 0.002423
0 0.845535 0.833737 0.001799 0.002933
0 0.846974 0.834024 0.001799 0.003380
0 0.842801 0.828890 0.002231 0.002806
0 0.841326 0.828763 0.002446 0.003571
0 0.839491 0.823820 0.002518 0.002615
0 0.837549 0.822704 0.002087 0.002933
0 0.834311 0.823725 0.002518 0.002678
0 0.836109 0.827710 0.002518 0.003890
0 0.829562 0.821588 0.002374 0.002615
0 0.827655 0.822736 0.002015 0.002232
0 0.825892 0.823661 0.001655 0.003189
0 0.827223 0.827168 0.002302 0.002551
0 0.826684 0.819739 0.003094 0.003252
0 0.828375 0.811991 0.001871 0.003316
0 0.830677 0.808994 0.002015 0.002423
0 0.828303 0.808069 0.003022 0.002997
0 0.825496 0.814478 0.002878 0.002933
0 0.862494 0.839799 0.001946 0.002539
0 0.863494 0.839033 0.001784 0.002348
0 0.864576 0.838290 0.001784 0.003162
0 0.867873 0.842554 0.001676 0.002779
0 0.870198 0.842315 0.003298 0.002779
0 0.102582 0.863742 0.001820 0.003157
0 0.099218 0.854061 0.003166 0.002876
0 0.069934 0.841014 0.002533 0.003578
0 0.058220 0.824845 0.002058 0.003227
0 0.060911 0.823477 0.002691 0.002595
0 0.035583 0.799381 0.002058 0.003367
0 0.042667 0.785597 0.002295 0.003858
0 0.074327 0.765086 0.003476 0.003081
0 0.056787 0.778017 0.002318 0.003548
0 0.065689 0.830350 0.002212 0.003641
0 0.025431 0.558534 0.002931 0.002871
0 0.045020 0.594623 0.003239 0.002324
0 0.056125 0.617998 0.002622 0.004238
0 0.090495 0.643296 0.002662 0.003125
