0 0.368697 0.334313 0.003895 0.005120
0 0.359794 0.322026 0.003338 0.003072
0 0.360350 0.327145 0.002782 0.004096
0 0.357290 0.324714 0.003338 0.003840
0 0.352978 0.324074 0.002504 0.003584
0 0.351448 0.324970 0.003338 0.004352
0 0.351030 0.329833 0.003060 0.004864
0 0.341293 0.322538 0.003617 0.003584
0 0.341711 0.324586 0.002782 0.002560
0 0.338094 0.327273 0.003895 0.004352
0 0.465652 0.306794 0.003617 0.004352
0 0.362295 0.331856 0.002284 0.003415
0 0.365722 0.332578 0.001999 0.003021
0 0.364008 0.330542 0.001999 0.004466
0 0.365079 0.330673 0.001856 0.003941
0 0.363509 0.331790 0.001856 0.003547
0 0.959516 0.344234 0.003848 0.005176
0 0.956455 0.346305 0.005115 0.004236
