0 0.976340 0.710586 0.007408 0.007805
0 0.977080 0.738364 0.008890 0.007346
0 0.956584 0.742725 0.007408 0.007805
0 0.935840 0.750990 0.007408 0.007805
0 0.920529 0.751449 0.005433 0.006887
0 0.922011 0.759024 0.005433 0.007346
0 0.915096 0.752138 0.005433 0.008264
0 0.885956 0.764534 0.004445 0.004591
0 0.888673 0.761091 0.006915 0.005969
0 0.882252 0.755811 0.005927 0.007346
0 0.887932 0.739511 0.009384 0.007805
0 0.916578 0.722753 0.006421 0.006428
0 0.921023 0.723442 0.004445 0.007805
0 0.927938 0.722524 0.005433 0.009642
0 0.933370 0.721376 0.004445 0.009183
0 0.935346 0.715866 0.004445 0.012856
0 0.948681 0.686023 0.005433 0.009183
0 0.949669 0.678677 0.005433 0.007346
0 0.935593 0.674774 0.006915 0.008723
0 0.921270 0.677529 0.006915 0.005969
0 0.903090 0.686823 0.002699 0.006585
0 0.899716 0.682276 0.004048 0.006272
0 0.876777 0.699994 0.005397 0.005958
0 0.875091 0.695290 0.004723 0.007213
0 0.862946 0.708461 0.004723 0.007213
0 0.861597 0.702973 0.005397 0.006899
0 0.858561 0.729158 0.004723 0.007213
0 0.851814 0.729158 0.004723 0.006585
0 0.845405 0.733548 0.004048 0.007213
0 0.873910 0.745621 0.005060 0.007526
0 0.846923 0.723513 0.005060 0.005331
0 0.846586 0.713321 0.006409 0.005645
0 0.833935 0.718496 0.004723 0.005331
0 0.836634 0.726022 0.005397 0.004704
0 0.834947 0.729158 0.004723 0.005331
0 0.830899 0.726492 0.005397 0.005017
0 0.830731 0.731510 0.002361 0.004390
0 0.827863 0.735273 0.003373 0.005645
0 0.831743 0.736057 0.004385 0.005331
0 0.824996 0.732764 0.005060 0.005017
0 0.816731 0.731823 0.003373 0.003763
0 0.815550 0.728844 0.001687 0.004077
0 0.821116 0.706422 0.004048 0.006272
0 0.816731 0.710029 0.004048 0.007840
0 0.809223 0.729196 0.006221 0.003641
0 0.802426 0.734765 0.004147 0.006211
0 0.792979 0.729732 0.005069 0.004712
0 0.793325 0.724270 0.003456 0.005783
0 0.783187 0.727804 0.002995 0.005569
0 0.774546 0.725984 0.002304 0.004498
0 0.773970 0.724163 0.002995 0.005569
0 0.764524 0.722128 0.002995 0.003213
0 0.763717 0.725234 0.002765 0.002999
0 0.763717 0.728340 0.003226 0.002784
0 0.751506 0.722557 0.004147 0.004498
0 0.754501 0.717630 0.002304 0.006211
0 0.758187 0.716345 0.002765 0.004498
0 0.757842 0.710776 0.003456 0.005355
0 0.753810 0.708956 0.002765 0.005140
0 0.744133 0.705636 0.004608 0.004926
0 0.751966 0.716773 0.003226 0.004070
0 0.756344 0.697282 0.005530 0.004070
0 0.753464 0.688072 0.003917 0.004926
0 0.725585 0.713775 0.003456 0.004498
0 0.719364 0.706171 0.004839 0.003855
0 0.714871 0.702851 0.004608 0.004926
0 0.703351 0.701673 0.002765 0.005569
0 0.695517 0.694819 0.004147 0.005140
0 0.689065 0.685395 0.004608 0.005569
0 0.679619 0.681326 0.004147 0.006854
0 0.663490 0.669974 0.004608 0.004284
0 0.664642 0.672758 0.002765 0.005140
0 0.655196 0.669545 0.004147 0.004284
0 0.656117 0.673722 0.003687 0.005355
0 0.275817 0.679039 0.003802 0.006833
0 0.272776 0.655596 0.004816 0.006597
0 0.220439 0.670675 0.003041 0.004712
0 0.222213 0.668790 0.003548 0.004712
0 0.221833 0.665020 0.003802 0.005183
0 0.216257 0.661015 0.003802 0.005183
0 0.209794 0.678096 0.004562 0.006833
0 0.204472 0.690466 0.005069 0.007068
0 0.185336 0.696709 0.005829 0.006833
0 0.176592 0.691055 0.003548 0.005890
0 0.170636 0.689994 0.005829 0.006126
0 0.163286 0.697416 0.007857 0.005890
0 0.149980 0.697416 0.003548 0.005890
0 0.144912 0.697298 0.004562 0.007539
0 0.139589 0.694942 0.005576 0.005655
0 0.101192 0.696827 0.004309 0.005183
0 0.100938 0.701775 0.004309 0.005655
0 0.094222 0.703424 0.003548 0.005183
0 0.066470 0.706369 0.004309 0.005419
0 0.062668 0.707311 0.004309 0.005890
0 0.059626 0.701539 0.003802 0.006597
0 0.053417 0.704602 0.004562 0.006126
0 0.043659 0.718267 0.004816 0.004712
0 0.038717 0.716500 0.004562 0.005419
0 0.037576 0.712848 0.004309 0.006126
0 0.030733 0.706722 0.004816 0.005183
0 0.030987 0.702835 0.004309 0.003534
0 0.027439 0.708607 0.003802 0.007539
0 0.015400 0.717796 0.003041 0.007068
0 0.009190 0.718149 0.005322 0.006361
0 0.003741 0.710846 0.005069 0.004948
