0 0.979134 0.724834 0.003143 0.003298
0 0.983587 0.728015 0.003143 0.004005
0 0.980444 0.733669 0.002619 0.004005
0 0.978086 0.734023 0.002619 0.004241
0 0.978702 0.831844 0.003405 0.005655
0 0.986429 0.835732 0.003143 0.005419
0 0.965736 0.843389 0.003667 0.004241
0 0.956437 0.838324 0.004453 0.004005
0 0.951854 0.846923 0.003143 0.004712
0 0.934828 0.832787 0.003667 0.005183
0 0.931946 0.835378 0.004191 0.003770
0 0.921993 0.838206 0.004715 0.002827
0 0.908110 0.834436 0.003667 0.004712
0 0.904836 0.829960 0.002881 0.005655
0 0.885584 0.829842 0.003667 0.003534
0 0.862403 0.823598 0.004977 0.002356
0 0.873273 0.828546 0.003143 0.002827
0 0.875369 0.829017 0.004715 0.004241
0 0.846818 0.829488 0.003143 0.003770
0 0.844067 0.828193 0.002357 0.004005
0 0.822804 0.823176 0.003739 0.003717
0 0.802141 0.820698 0.002952 0.003363
0 0.803420 0.822910 0.002755 0.003186
0 0.793187 0.795473 0.002755 0.003540
0 0.754123 0.776975 0.002165 0.003363
0 0.727457 0.790871 0.002755 0.004602
0 0.716338 0.796447 0.005313 0.003717
0 0.728539 0.820344 0.003739 0.004071
0 0.752352 0.825743 0.002558 0.004602
0 0.716338 0.817865 0.002952 0.003363
0 0.712796 0.826362 0.002952 0.004425
0 0.700299 0.827424 0.003936 0.004425
0 0.679439 0.822468 0.004723 0.003009
0 0.675995 0.834062 0.003346 0.004248
0 0.676684 0.837337 0.002755 0.003717
0 0.659956 0.829283 0.003936 0.003894
0 0.786924 0.734350 0.003897 0.004089
0 0.641792 0.838591 0.002928 0.003950
0 0.633335 0.841005 0.002277 0.004096
0 0.639434 0.834641 0.002114 0.004535
0 0.640654 0.834860 0.001952 0.004681
0 0.613330 0.827326 0.002602 0.003657
0 0.610972 0.831642 0.002440 0.003218
0 0.595683 0.836250 0.003415 0.003072
0 0.596497 0.839468 0.003415 0.002780
0 0.596009 0.841517 0.004066 0.001902
0 0.598692 0.841882 0.003578 0.002048
0 0.550794 0.832885 0.004391 0.002194
0 0.552665 0.837932 0.002928 0.004389
0 0.528324 0.837948 0.003810 0.004712
0 0.501536 0.836341 0.004048 0.004070
0 0.494630 0.834414 0.004524 0.004498
0 0.482010 0.842339 0.003572 0.004498
0 0.469389 0.835378 0.005477 0.004712
0 0.440100 0.845659 0.003572 0.004284
0 0.412597 0.843410 0.002857 0.003641
0 0.402596 0.836341 0.003810 0.004498
0 0.400453 0.842446 0.003810 0.005140
0 0.406406 0.771336 0.002857 0.003427
0 0.263630 0.880171 0.003031 0.004478
0 0.261032 0.893704 0.003464 0.004673
0 0.246312 0.892633 0.003031 0.004089
0 0.259516 0.949782 0.003464 0.003505
0 0.206805 0.913565 0.003247 0.003894
0 0.196522 0.908502 0.003031 0.004284
0 0.194033 0.915999 0.002381 0.002921
0 0.175308 0.912689 0.002165 0.003700
0 0.158206 0.916291 0.002598 0.004673
0 0.145218 0.915804 0.003464 0.003700
0 0.133420 0.878127 0.003247 0.003894
0 0.134069 0.853885 0.002814 0.003310
0 0.114153 0.920283 0.002814 0.003700
0 0.133977 0.963423 0.001948 0.003700
0 0.129647 0.967609 0.003247 0.004284
0 0.109407 0.989320 0.002165 0.004868
0 0.107783 0.989709 0.002381 0.004089
0 0.106917 0.985717 0.001948 0.005063
0 0.105618 0.984257 0.001948 0.004478
0 0.093929 0.982407 0.003247 0.003115
0 0.100964 0.990099 0.002598 0.003700
0 0.098366 0.992338 0.002165 0.003894
0 0.096093 0.992338 0.002381 0.003894
0 0.097392 0.989514 0.002381 0.004089
0 0.098279 0.919550 0.002602 0.003657
0 0.079982 0.912308 0.002114 0.003804
0 0.068435 0.908066 0.002765 0.003511
0 0.066727 0.909382 0.002277 0.003804
0 0.069980 0.908724 0.003253 0.003072
0 0.024987 0.861901 0.003247 0.004673
0 0.713751 0.907907 0.003680 0.004478
0 0.718839 0.908686 0.004762 0.002142
0 0.719596 0.911704 0.001948 0.003505
0 0.725441 0.914917 0.002814 0.004478
0 0.725658 0.903818 0.002814 0.004089
0 0.725879 0.906511 0.002277 0.003072
0 0.726611 0.907901 0.004066 0.003804
