0 0.960671 0.790769 0.002344 0.003774
0 0.958483 0.807711 0.002344 0.004167
0 0.973717 0.841359 0.002344 0.004167
0 0.960046 0.844739 0.002344 0.004167
0 0.964342 0.838686 0.002344 0.004167
0 0.971374 0.835384 0.002344 0.004167
0 0.677739 0.546843 0.003120 0.005546
0 0.609501 0.672449 0.003120 0.005546
0 0.953751 0.811902 0.003359 0.004167
0 0.948516 0.827861 0.003359 0.004167
0 0.954219 0.855456 0.003359 0.004167
0 0.967100 0.838870 0.003359 0.004167
0 0.951787 0.856716 0.003359 0.004167
0 0.027998 0.843161 0.003695 0.004583
0 0.022326 0.829065 0.003695 0.004583
0 0.024045 0.850338 0.003695 0.004583
