0 0.013858 0.269562 0.002352 0.002876
0 0.013911 0.271462 0.002459 0.002157
0 0.008726 0.283890 0.002780 0.002773
0 0.010651 0.274852 0.002780 0.003184
0 0.007925 0.276135 0.002673 0.003492
0 0.008994 0.275006 0.002673 0.003903
0 0.209072 0.167816 0.002470 0.003050
0 0.248879 0.161094 0.003058 0.003389
0 0.172822 0.196876 0.002169 0.003318
0 0.172501 0.200194 0.002972 0.002546
0 0.175472 0.203358 0.002651 0.003164
0 0.178645 0.201660 0.003695 0.003627
0 0.178605 0.205017 0.002811 0.003549
0 0.186758 0.200541 0.002570 0.002778
0 0.192501 0.200773 0.002169 0.003395
0 0.194951 0.201660 0.002249 0.002701
0 0.197481 0.202239 0.002811 0.004475
0 0.199248 0.198419 0.002008 0.002855
0 0.202420 0.202933 0.002249 0.002778
0 0.205071 0.202586 0.002249 0.003318
0 0.204991 0.205441 0.001767 0.002701
0 0.207240 0.202818 0.002731 0.002392
0 0.211176 0.197300 0.003695 0.001698
0 0.210493 0.194445 0.001847 0.003087
0 0.201175 0.190394 0.002811 0.001775
0 0.214388 0.187385 0.002570 0.004707
0 0.219288 0.187694 0.002731 0.003164
0 0.221617 0.188350 0.002570 0.003549
0 0.224348 0.187732 0.002249 0.003087
0 0.227682 0.186806 0.003133 0.003241
0 0.227802 0.190009 0.003695 0.003472
0 0.232983 0.185263 0.002329 0.002778
0 0.238806 0.186575 0.003374 0.003858
0 0.244067 0.187655 0.003614 0.002932
0 0.253104 0.203744 0.002731 0.002701
0 0.249529 0.203358 0.002490 0.002238
0 0.251015 0.206830 0.002892 0.002083
0 0.205834 0.158256 0.003293 0.003395
0 0.204428 0.160725 0.002731 0.002624
0 0.362892 0.234392 0.002329 0.003627
0 0.361808 0.238405 0.003052 0.003935
0 0.361968 0.242186 0.003855 0.003318
0 0.355302 0.249439 0.002570 0.003627
0 0.361928 0.253104 0.004096 0.002778
0 0.349478 0.257618 0.002811 0.003009
0 0.349318 0.250789 0.002651 0.003704
0 0.353173 0.258197 0.002169 0.003395
0 0.361005 0.267572 0.002088 0.003318
0 0.367189 0.272665 0.002731 0.003472
0 0.364217 0.275597 0.002731 0.003009
0 0.358956 0.266723 0.002169 0.002855
0 0.358675 0.265412 0.002088 0.002855
0 0.380001 0.271623 0.002169 0.002315
0 0.382129 0.271932 0.002892 0.002932
0 0.404499 0.281153 0.003775 0.002083
0 0.404338 0.271276 0.003293 0.004090
0 0.457306 0.387650 0.002191 0.003157
0 0.460300 0.385475 0.002629 0.002736
0 0.472349 0.387966 0.002775 0.002946
0 0.472093 0.396173 0.002410 0.002806
0 0.478628 0.391894 0.002191 0.003507
0 0.480417 0.396068 0.002410 0.003858
0 0.483849 0.404345 0.002702 0.002595
0 0.486186 0.399926 0.001972 0.003297
0 0.489107 0.396629 0.002848 0.002595
0 0.489180 0.400101 0.001825 0.003227
0 0.492027 0.400382 0.002410 0.003648
0 0.614724 0.385209 0.002927 0.002977
0 0.614678 0.388213 0.003293 0.002932
0 0.629578 0.385050 0.002892 0.003241
0 0.635080 0.399209 0.002651 0.004090
0 0.641666 0.396701 0.002490 0.002932
0 0.665000 0.424055 0.002731 0.003164
0 0.667209 0.430884 0.002811 0.003704
0 0.727289 0.403414 0.003133 0.003549
0 0.730663 0.401215 0.003133 0.003472
0 0.732912 0.399479 0.003614 0.003395
0 0.615853 0.235662 0.003213 0.002455
0 0.620343 0.233803 0.003286 0.002385
0 0.622242 0.233628 0.003432 0.002315
0 0.633450 0.220229 0.002775 0.002876
0 0.634473 0.222158 0.002483 0.002245
0 0.636116 0.220264 0.002994 0.002666
0 0.710472 0.278368 0.001995 0.002613
0 0.877648 0.333236 0.002458 0.003107
0 0.876937 0.336156 0.003363 0.002485
0 0.880300 0.339884 0.003622 0.002485
0 0.876031 0.340568 0.002587 0.002610
0 0.961004 0.295167 0.002430 0.002614
0 0.963822 0.294514 0.002041 0.003921
0 0.965378 0.292553 0.002430 0.003361
0 0.966009 0.284617 0.003110 0.003174
