0 0.164642 0.313927 0.002249 0.003310
0 0.171974 0.314267 0.002339 0.002971
0 0.173593 0.310744 0.002339 0.002886
0 0.168421 0.309301 0.001709 0.003056
0 0.190461 0.319784 0.001889 0.002461
0 0.190281 0.328357 0.002789 0.002801
0 0.207801 0.323322 0.003379 0.002423
0 0.209964 0.326702 0.002028 0.003061
0 0.214323 0.330114 0.001960 0.002870
0 0.216587 0.333206 0.002298 0.002296
0 0.236526 0.339807 0.001757 0.003125
0 0.244095 0.341210 0.003244 0.002870
0 0.257512 0.347682 0.002366 0.003444
0 0.257072 0.352146 0.002298 0.002933
0 0.255045 0.344526 0.003515 0.001977
0 0.266095 0.353358 0.002366 0.003316
0 0.267515 0.358747 0.002636 0.002870
0 0.285087 0.349340 0.002771 0.003316
0 0.307044 0.342876 0.002069 0.002971
0 0.307648 0.367924 0.002898 0.001988
0 0.382116 0.304501 0.003844 0.002469
0 0.417364 0.310674 0.002208 0.003549
0 0.417609 0.314956 0.001717 0.002855
0 0.418386 0.317078 0.001963 0.003087
0 0.428813 0.314570 0.002535 0.003009
0 0.433434 0.313143 0.002781 0.003087
0 0.421511 0.302386 0.002151 0.003189
0 0.421664 0.304966 0.001843 0.002551
0 0.427594 0.300966 0.002642 0.003015
0 0.432694 0.302009 0.002273 0.002435
0 0.435981 0.301574 0.003072 0.002029
0 0.440036 0.301690 0.002949 0.002377
0 0.445689 0.301951 0.002581 0.002899
0 0.450359 0.302995 0.002212 0.003362
0 0.457302 0.305140 0.002581 0.002435
0 0.440128 0.315372 0.001905 0.002725
0 0.462862 0.305893 0.002151 0.002667
0 0.463815 0.302183 0.002212 0.002899
0 0.472017 0.303313 0.002151 0.003189
0 0.474444 0.301893 0.002089 0.003015
0 0.475243 0.302879 0.001843 0.002783
0 0.442164 0.314005 0.001769 0.002945
0 0.484426 0.309342 0.002150 0.003174
0 0.492368 0.306331 0.002150 0.002978
0 0.489142 0.309718 0.002289 0.002880
0 0.489957 0.312614 0.001977 0.002389
0 0.502139 0.323358 0.002273 0.002841
0 0.503798 0.323271 0.001905 0.003131
0 0.511448 0.326575 0.002335 0.003710
0 0.517254 0.321068 0.002028 0.003478
0 0.516394 0.326923 0.001659 0.002783
0 0.520726 0.335967 0.002335 0.003247
0 0.521678 0.344605 0.002273 0.003362
0 0.526532 0.345649 0.002765 0.002203
0 0.527945 0.353852 0.002765 0.002725
0 0.526563 0.354200 0.002335 0.002145
0 0.588865 0.338476 0.003328 0.002292
0 0.596634 0.307225 0.002007 0.003087
0 0.609272 0.307295 0.002453 0.002806
0 0.613696 0.306769 0.002676 0.003437
0 0.615220 0.311995 0.002156 0.002666
0 0.617599 0.311609 0.002305 0.002736
0 0.609674 0.301333 0.001676 0.002539
0 0.610689 0.301717 0.001980 0.002444
0 0.627975 0.311807 0.003582 0.002232
0 0.631583 0.304789 0.002082 0.002204
0 0.632345 0.303735 0.001980 0.002300
0 0.638032 0.304813 0.001980 0.003306
0 0.640241 0.304334 0.003148 0.002252
0 0.646563 0.300453 0.002590 0.002731
0 0.653952 0.297290 0.002742 0.002252
0 0.933180 0.284722 0.002617 0.003009
0 0.926555 0.284953 0.001963 0.003472
0 0.923611 0.285069 0.002617 0.002932
0 0.925410 0.279321 0.002617 0.003318
0 0.922834 0.287808 0.002372 0.003318
0 0.932280 0.287770 0.002453 0.003241
0 0.926202 0.303041 0.001720 0.002899
0 0.921471 0.302258 0.002335 0.003304
0 0.923038 0.310635 0.002028 0.003362
0 0.937600 0.309824 0.003625 0.002667
0 0.928875 0.309592 0.002396 0.002899
0 0.929827 0.306635 0.002335 0.002319
0 0.929643 0.304664 0.002089 0.002087
0 0.909244 0.299707 0.002581 0.002957
0 0.910380 0.319737 0.002028 0.003362
0 0.896827 0.295001 0.003517 0.002161
0 0.888485 0.296930 0.002208 0.002778
0 0.886073 0.298010 0.002617 0.003704
0 0.882106 0.308427 0.002045 0.003087
0 0.889928 0.319985 0.002793 0.002300
0 0.885409 0.324752 0.003199 0.002923
0 0.887999 0.321039 0.002184 0.003066
