0 0.018488 0.626870 0.003349 0.004159
0 0.067536 0.673893 0.003966 0.003650
0 0.375514 0.598829 0.003686 0.002469
0 0.416537 0.579153 0.003205 0.002315
0 0.424370 0.570429 0.002090 0.003162
0 0.426783 0.575556 0.003035 0.002300
0 0.425191 0.576538 0.003632 0.001964
0 0.420788 0.575388 0.003483 0.002827
0 0.428226 0.570406 0.001841 0.003210
0 0.429345 0.571507 0.001891 0.002252
0 0.430265 0.568992 0.002239 0.002491
0 0.434668 0.579557 0.003483 0.001677
0 0.441907 0.579557 0.002935 0.002635
0 0.441783 0.573232 0.002388 0.003114
0 0.438897 0.571172 0.001791 0.002923
0 0.435987 0.571148 0.003333 0.002204
0 0.437703 0.567794 0.003483 0.001629
0 0.437728 0.566381 0.003333 0.002444
0 0.439295 0.572801 0.001990 0.002539
0 0.448741 0.567809 0.002256 0.003048
0 0.451755 0.565620 0.003502 0.001654
0 0.453455 0.564745 0.003603 0.002043
0 0.446906 0.564728 0.003704 0.002010
0 0.445862 0.565798 0.003367 0.002075
0 0.462159 0.566236 0.003771 0.002043
0 0.459482 0.559929 0.002593 0.002659
0 0.460088 0.558665 0.002593 0.002529
0 0.465761 0.558405 0.002559 0.002205
0 0.468808 0.557319 0.002660 0.001848
0 0.470290 0.555730 0.003872 0.001783
0 0.476367 0.559589 0.002694 0.003405
0 0.474111 0.552082 0.004310 0.001946
0 0.477866 0.552909 0.003468 0.001913
0 0.481990 0.551726 0.003569 0.001881
0 0.443623 0.551693 0.002997 0.002075
0 0.450610 0.543701 0.003367 0.002367
0 0.457192 0.541025 0.002458 0.003243
0 0.460239 0.544787 0.002155 0.003437
0 0.457041 0.547138 0.002088 0.002691
0 0.451889 0.547365 0.002626 0.003016
0 0.452276 0.534151 0.003064 0.002659
0 0.465963 0.528250 0.001751 0.002983
0 0.463253 0.532546 0.002256 0.002821
0 0.463455 0.535400 0.003603 0.002043
0 0.469246 0.533795 0.002054 0.003113
0 0.475223 0.536308 0.002155 0.003405
0 0.475812 0.530195 0.002997 0.002464
0 0.474297 0.529320 0.001919 0.003307
0 0.476822 0.527682 0.001987 0.003016
0 0.479347 0.529125 0.002189 0.002853
0 0.482866 0.525380 0.003434 0.002108
0 0.484010 0.526499 0.003704 0.001881
0 0.488943 0.537718 0.001852 0.002335
0 0.502091 0.532822 0.002492 0.003243
0 0.506165 0.525137 0.002222 0.002853
0 0.488034 0.546862 0.003805 0.001881
0 0.493169 0.542630 0.003973 0.002108
0 0.498842 0.545824 0.003333 0.002205
0 0.496788 0.547008 0.002795 0.003016
0 0.495526 0.552034 0.003704 0.002108
0 0.497866 0.557530 0.002727 0.002983
0 0.516077 0.545935 0.003111 0.002604
0 0.533429 0.542154 0.002926 0.002818
0 0.558555 0.547720 0.003182 0.002935
0 0.574660 0.547303 0.002929 0.002529
0 0.605001 0.545577 0.002505 0.003447
0 0.918537 0.534973 0.002938 0.003364
0 0.924650 0.540248 0.002620 0.002905
0 0.932748 0.542236 0.002302 0.003211
0 0.933780 0.545638 0.002302 0.002829
0 0.922586 0.549155 0.002779 0.003288
0 0.941606 0.550064 0.002997 0.001686
0 0.942768 0.548199 0.002155 0.003210
0 0.949047 0.550534 0.003603 0.002173
0 0.943576 0.553387 0.002155 0.002886
0 0.935512 0.555219 0.002121 0.003632
0 0.939165 0.563391 0.002694 0.003243
0 0.944350 0.564234 0.001953 0.003178
0 0.946993 0.564347 0.001852 0.002951
0 0.948408 0.564088 0.001919 0.003145
0 0.952768 0.568660 0.002694 0.002951
0 0.963740 0.581036 0.002407 0.003460
0 0.966555 0.573581 0.002778 0.002675
0 0.967388 0.576880 0.003037 0.002283
0 0.970221 0.580786 0.002185 0.003317
0 0.971962 0.582337 0.002037 0.003067
0 0.968944 0.586546 0.002815 0.003281
0 0.969888 0.576773 0.002111 0.002925
0 0.424482 0.545207 0.004859 0.002955
0 0.426528 0.530123 0.003324 0.004802
0 0.493272 0.514115 0.002302 0.004310
0 0.453827 0.495091 0.003964 0.004187
0 0.425250 0.472748 0.002494 0.003394
0 0.413402 0.487944 0.002549 0.004021
0 0.426524 0.484550 0.002223 0.003290
0 0.423650 0.491652 0.003416 0.002977
0 0.439818 0.471524 0.002222 0.003178
0 0.441333 0.471751 0.002155 0.003567
0 0.464166 0.500741 0.002088 0.002724
