0 0.382112 0.356200 0.002696 0.002701
0 0.387300 0.363530 0.002124 0.002855
0 0.396410 0.363954 0.002696 0.003241
0 0.401803 0.362874 0.002369 0.002624
0 0.412751 0.360521 0.002696 0.003781
0 0.413282 0.367041 0.002288 0.003549
0 0.409932 0.372095 0.002778 0.001775
0 0.410382 0.373715 0.002206 0.002546
0 0.409891 0.376571 0.002206 0.003009
0 0.412955 0.381393 0.002124 0.002624
0 0.408094 0.384480 0.002369 0.002778
0 0.403723 0.398948 0.001961 0.003164
0 0.587000 0.374748 0.002936 0.002465
0 0.579224 0.376391 0.002392 0.003081
0 0.603199 0.354442 0.001961 0.002778
0 0.608671 0.346584 0.002009 0.002635
0 0.631077 0.343633 0.002288 0.002846
0 0.638722 0.341788 0.002288 0.002951
0 0.646591 0.348482 0.002400 0.002951
0 0.655380 0.343712 0.002567 0.002793
0 0.661686 0.347638 0.002455 0.002530
0 0.664951 0.347507 0.002623 0.002266
0 0.677926 0.345240 0.002232 0.002582
0 0.686520 0.353963 0.002121 0.002741
0 0.700359 0.351749 0.002567 0.002635
0 0.708563 0.353119 0.002232 0.002530
0 0.708284 0.356018 0.002232 0.002635
0 0.666152 0.361746 0.001906 0.002808
0 0.665352 0.364662 0.003049 0.001872
0 0.661597 0.364518 0.002173 0.002664
0 0.649857 0.358740 0.002249 0.002052
0 0.647894 0.358488 0.002516 0.002196
0 0.647666 0.362538 0.001830 0.002592
0 0.652202 0.361962 0.001906 0.002232
0 0.652811 0.360684 0.001677 0.002268
0 0.637441 0.374108 0.002587 0.002683
0 0.628893 0.370395 0.001928 0.002635
0 0.645863 0.382229 0.002384 0.002731
0 0.720426 0.356239 0.002451 0.002876
0 0.722765 0.348663 0.002228 0.003016
0 0.739106 0.344875 0.002377 0.002595
0 0.881930 0.379494 0.001823 0.002487
0 0.885070 0.392822 0.002566 0.002742
0 0.862166 0.359292 0.002009 0.002635
0 0.855721 0.354443 0.002400 0.002741
0 0.828792 0.323116 0.002149 0.002841
0 0.820812 0.322044 0.002394 0.002319
0 0.531128 0.436891 0.002344 0.002688
0 0.531797 0.452676 0.002232 0.003057
0 0.535285 0.458500 0.002065 0.002899
0 0.539610 0.461477 0.001897 0.002846
0 0.541926 0.465694 0.002400 0.002530
0 0.543265 0.465272 0.001953 0.002635
0 0.549348 0.468566 0.002511 0.002161
0 0.593001 0.435125 0.002009 0.002530
0 0.593559 0.432622 0.002121 0.002161
0 0.593113 0.431462 0.002232 0.002582
0 0.586305 0.433676 0.002790 0.002055
0 0.605334 0.448696 0.003460 0.001845
0 0.628243 0.444164 0.002065 0.002582
0 0.629721 0.442240 0.002009 0.002635
0 0.625006 0.441160 0.003069 0.002477
0 0.623583 0.441423 0.002790 0.002582
0 0.598080 0.451727 0.003460 0.001897
0 0.598052 0.450672 0.003293 0.001897
0 0.639691 0.449314 0.003164 0.001961
