0 0.951542 0.606070 0.002555 0.004042
0 0.923269 0.658136 0.002555 0.004042
0 0.916882 0.661450 0.002555 0.004042
0 0.938597 0.641966 0.004258 0.002425
0 0.902487 0.695569 0.003292 0.001875
0 0.897616 0.694882 0.003292 0.002500
0 0.890308 0.700757 0.003292 0.002500
0 0.892349 0.697319 0.001975 0.003750
0 0.215695 0.558622 0.002629 0.004991
0 0.194030 0.562514 0.001975 0.003750
0 0.187513 0.559827 0.001975 0.003750
0 0.178230 0.577202 0.001975 0.003750
0 0.181259 0.576827 0.001975 0.003750
0 0.212727 0.551827 0.001975 0.003750
0 0.175531 0.566514 0.001975 0.003750
0 0.169080 0.575139 0.001975 0.003750
0 0.148342 0.601827 0.001975 0.003750
0 0.148145 0.608327 0.001975 0.003750
0 0.145117 0.620889 0.001975 0.003750
0 0.179350 0.609702 0.001975 0.003750
0 0.163879 0.602827 0.001975 0.003750
0 0.192582 0.615452 0.001975 0.003750
0 0.213912 0.625264 0.001975 0.003750
0 0.222602 0.628202 0.001975 0.003750
0 0.150976 0.594202 0.001975 0.003750
0 0.207498 0.617786 0.002390 0.004537
0 0.195583 0.613782 0.002765 0.003750
0 0.169118 0.606845 0.002765 0.003750
0 0.170633 0.605220 0.002765 0.003750
0 0.176755 0.609282 0.002765 0.003750
0 0.146735 0.613564 0.003950 0.002562
0 0.174451 0.601626 0.003950 0.002562
0 0.147789 0.623564 0.003950 0.002562
0 0.220271 0.556439 0.004082 0.004375
0 0.172640 0.573907 0.003357 0.004312
0 0.957100 0.578459 0.004916 0.006131
