0 0.333266 0.053709 0.002344 0.004277
0 0.336625 0.063375 0.002344 0.004277
0 0.352016 0.086301 0.002344 0.004277
0 0.367797 0.128559 0.002344 0.004277
0 0.383500 0.161236 0.002344 0.004277
0 0.376703 0.171416 0.002344 0.004277
0 0.380297 0.168508 0.002344 0.004277
0 0.391156 0.214958 0.002344 0.004277
0 0.349516 0.237798 0.002344 0.004277
0 0.410714 0.324145 0.002344 0.004277
0 0.400011 0.327738 0.002344 0.004277
0 0.400636 0.341596 0.002344 0.004277
0 0.402695 0.412603 0.002344 0.004277
0 0.357851 0.418420 0.002344 0.004277
0 0.395429 0.444169 0.002344 0.004277
0 0.386913 0.462817 0.002344 0.004277
0 0.395084 0.481609 0.002344 0.004277
0 0.411334 0.503080 0.002344 0.004277
0 0.410084 0.510779 0.002344 0.004277
0 0.410162 0.531138 0.002344 0.004277
0 0.395741 0.576776 0.002344 0.004277
0 0.395819 0.596708 0.002344 0.004277
0 0.387850 0.625878 0.002344 0.004277
0 0.397850 0.660181 0.002344 0.004277
0 0.395897 0.662576 0.002344 0.004277
0 0.409179 0.675065 0.002344 0.004277
0 0.432929 0.705946 0.002344 0.004277
0 0.382069 0.713132 0.002344 0.004277
0 0.444100 0.712790 0.002344 0.004277
0 0.348580 0.819313 0.002344 0.004277
0 0.322877 0.806738 0.002344 0.004277
0 0.361783 0.804257 0.002344 0.004277
0 0.369049 0.779706 0.002344 0.004277
0 0.323580 0.823675 0.002344 0.004277
0 0.355612 0.830776 0.002344 0.004277
0 0.352174 0.829749 0.002344 0.004277
0 0.368424 0.754385 0.002344 0.004277
0 0.323190 0.756096 0.002344 0.004277
0 0.371002 0.729065 0.002344 0.004277
0 0.338755 0.871656 0.002836 0.005175
0 0.345277 0.873312 0.002836 0.005175
0 0.334973 0.873312 0.002836 0.005175
0 0.350287 0.856336 0.002836 0.005175
0 0.306330 0.861615 0.002836 0.005175
0 0.323346 0.880971 0.002836 0.005175
0 0.331948 0.886975 0.002836 0.005175
0 0.355392 0.858303 0.002836 0.005175
0 0.343387 0.876934 0.002836 0.005175
0 0.354825 0.847745 0.002836 0.005175
0 0.342252 0.894893 0.005105 0.004658
0 0.364784 0.779113 0.004219 0.003165
0 0.363300 0.782449 0.004219 0.003165
0 0.361269 0.756187 0.004219 0.003165
0 0.349159 0.721713 0.004219 0.003165
0 0.419628 0.715127 0.004219 0.003165
0 0.412753 0.685700 0.004219 0.003165
0 0.406113 0.583647 0.004219 0.003165
0 0.390956 0.586299 0.004219 0.003165
0 0.387988 0.591688 0.004219 0.003165
0 0.414674 0.535505 0.004219 0.003165
0 0.409284 0.544573 0.004219 0.003165
0 0.418424 0.506592 0.004219 0.003165
0 0.404206 0.542948 0.004219 0.003165
0 0.414752 0.487345 0.004219 0.003165
0 0.419518 0.494102 0.004219 0.003165
0 0.394284 0.423102 0.004219 0.003165
0 0.397721 0.432853 0.004219 0.003165
0 0.417799 0.444830 0.004219 0.003165
0 0.411862 0.425240 0.004219 0.003165
0 0.390612 0.445428 0.004219 0.003165
0 0.378507 0.160025 0.004219 0.003165
0 0.373976 0.157116 0.004219 0.003165
0 0.374445 0.153096 0.004219 0.003165
0 0.374601 0.148476 0.004219 0.003165
0 0.372882 0.141376 0.004219 0.003165
0 0.353424 0.072665 0.005105 0.003830
0 0.329095 0.048552 0.004219 0.003165
0 0.283313 0.023317 0.004219 0.003165
0 0.292610 0.036063 0.004219 0.003165
0 0.385570 0.059893 0.004219 0.003165
0 0.482938 0.589429 0.004219 0.003165
0 0.461116 0.530277 0.004641 0.003482
0 0.447147 0.547104 0.004219 0.003165
0 0.494960 0.525034 0.004219 0.003165
0 0.166792 0.761194 0.004219 0.003165
0 0.161948 0.755976 0.004219 0.003165
0 0.134682 0.746651 0.004219 0.003165
0 0.149448 0.741091 0.004219 0.003165
0 0.140542 0.728944 0.004219 0.003165
0 0.138042 0.752981 0.004219 0.003165
0 0.127573 0.755377 0.004219 0.003165
0 0.134995 0.762562 0.004219 0.003165
0 0.136479 0.758798 0.004219 0.003165
0 0.110151 0.752810 0.004219 0.003165
0 0.111557 0.756489 0.004219 0.003165
0 0.098667 0.773854 0.004219 0.003165
0 0.167158 0.713946 0.004641 0.003482
0 0.168619 0.695502 0.004641 0.003482
0 0.130293 0.050179 0.006794 0.005097
0 0.147153 0.093438 0.006794 0.005097
0 0.132180 0.114517 0.006794 0.005097
0 0.172946 0.112726 0.006794 0.005097
0 0.180621 0.097984 0.006794 0.005097
0 0.126770 0.039708 0.006794 0.005097
0 0.423707 0.353407 0.006794 0.005097
0 0.168821 0.947683 0.007474 0.005607
0 0.236289 0.771271 0.001797 0.004448
0 0.215358 0.797368 0.001797 0.004448
