0 0.935323 0.217468 0.004934 0.006272
0 0.911733 0.215187 0.005859 0.007982
0 0.922526 0.203071 0.004626 0.007127
0 0.969090 0.216470 0.004626 0.006557
0 0.943032 0.257380 0.004317 0.007982
0 0.937790 0.258092 0.003700 0.007697
0 0.946116 0.281754 0.004317 0.006557
0 0.955984 0.276480 0.003700 0.007412
0 0.962923 0.283180 0.004626 0.007697
0 0.909266 0.290022 0.006476 0.004846
0 0.837569 0.203927 0.004317 0.008838
0 0.816137 0.208345 0.005859 0.006842
0 0.801798 0.209343 0.008634 0.008267
0 0.787921 0.217183 0.004934 0.005702
0 0.787921 0.210769 0.005551 0.007127
0 0.919630 0.289972 0.004028 0.003192
0 0.918119 0.292765 0.003309 0.003724
0 0.903374 0.283854 0.003740 0.004522
0 0.764310 0.216676 0.003012 0.004926
0 0.760951 0.214320 0.003707 0.004926
0 0.755275 0.222780 0.004402 0.004284
0 0.739057 0.217747 0.003939 0.005783
0 0.732338 0.212392 0.003939 0.007068
0 0.738174 0.206553 0.003791 0.007789
0 0.420942 0.142174 0.006167 0.007412
0 0.418321 0.130201 0.004009 0.005702
0 0.414929 0.124499 0.004626 0.007412
0 0.383474 0.120936 0.008326 0.006557
0 0.372681 0.119510 0.006476 0.007127
0 0.360192 0.123787 0.004934 0.006557
0 0.405677 0.169542 0.005242 0.006842
0 0.403056 0.157284 0.006167 0.007412
0 0.395809 0.151297 0.005242 0.005702
0 0.390721 0.156856 0.004934 0.007697
0 0.377615 0.156856 0.006476 0.007697
0 0.363739 0.141889 0.004626 0.005702
0 0.357109 0.159707 0.004934 0.009978
0 0.387021 0.183511 0.004317 0.006842
0 0.372219 0.188928 0.005551 0.009693
0 0.354179 0.188358 0.005242 0.006272
0 0.327659 0.186362 0.005859 0.006272
0 0.337219 0.163128 0.005859 0.006557
0 0.323958 0.164126 0.005242 0.011403
0 0.319795 0.159137 0.004317 0.008267
0 0.350016 0.138753 0.006167 0.006272
0 0.342307 0.123216 0.004934 0.007127
0 0.333518 0.128348 0.006476 0.007127
0 0.324421 0.107822 0.006784 0.006557
0 0.321337 0.128205 0.004317 0.007982
0 0.312703 0.127920 0.004317 0.006842
0 0.304531 0.099697 0.005242 0.006842
0 0.292504 0.118798 0.004626 0.007412
0 0.305764 0.143315 0.005242 0.005702
0 0.290192 0.141319 0.003700 0.007982
0 0.284949 0.134620 0.004934 0.005417
0 0.296064 0.192946 0.004978 0.005133
0 0.283714 0.202151 0.005553 0.006195
0 0.292714 0.162057 0.004404 0.004956
0 0.269545 0.174448 0.003638 0.005310
0 0.255950 0.167102 0.003638 0.006195
0 0.250876 0.157544 0.003447 0.006195
0 0.242164 0.153295 0.003255 0.005841
0 0.250972 0.146215 0.004787 0.005487
0 0.233260 0.165332 0.003064 0.004425
0 0.233165 0.160907 0.004021 0.004779
0 0.239196 0.175245 0.003830 0.005133
0 0.241494 0.177458 0.003447 0.004602
0 0.244845 0.195690 0.005170 0.004602
0 0.250206 0.192061 0.003638 0.004425
0 0.226080 0.179936 0.003638 0.005310
0 0.279310 0.164624 0.004404 0.005133
0 0.278353 0.141878 0.003255 0.006018
0 0.281991 0.141701 0.002489 0.004956
0 0.281608 0.137187 0.004021 0.005133
0 0.262556 0.134709 0.003447 0.004071
0 0.260737 0.137718 0.003255 0.004779
0 0.242834 0.133381 0.003830 0.004956
0 0.230197 0.134620 0.006510 0.004248
0 0.215357 0.128336 0.003255 0.005841
0 0.212294 0.125062 0.003638 0.004956
0 0.226559 0.200470 0.003447 0.006018
0 0.273757 0.094350 0.002872 0.004425
0 0.279310 0.130106 0.002489 0.004071
0 0.275672 0.130726 0.004021 0.005310
0 0.271747 0.127540 0.003830 0.004248
0 0.207679 0.068540 0.004333 0.004712
0 0.210100 0.117428 0.005607 0.006833
0 0.195063 0.125203 0.003568 0.006361
0 0.195063 0.117546 0.003568 0.005183
0 0.195446 0.142520 0.005862 0.007539
0 0.178159 0.146760 0.004595 0.005664
0 0.150012 0.152424 0.003064 0.006018
0 0.135747 0.095160 0.003638 0.005133
0 0.135077 0.116048 0.004212 0.004425
0 0.152310 0.127908 0.004595 0.005133
0 0.062058 0.103815 0.003481 0.004667
0 0.055879 0.110976 0.003307 0.005149
0 0.079494 0.206891 0.005055 0.004673
0 0.110140 0.179923 0.005266 0.006815
0 0.150455 0.115422 0.004595 0.004602
