0 0.003387 0.314637 0.002661 0.003109
0 0.002530 0.324202 0.002720 0.002846
0 0.020651 0.321646 0.003961 0.002477
0 0.010629 0.344941 0.003193 0.003215
0 0.039895 0.337273 0.003074 0.003162
0 0.056449 0.334137 0.003666 0.002477
0 0.077438 0.333979 0.003666 0.002477
0 0.084178 0.336640 0.002956 0.002951
0 0.096711 0.327786 0.004139 0.001897
0 0.102831 0.325441 0.002661 0.003215
0 0.119089 0.326890 0.002542 0.003057
0 0.125977 0.332767 0.003429 0.003215
0 0.135584 0.337062 0.002897 0.003373
0 0.161841 0.325964 0.003561 0.003828
0 0.183365 0.344637 0.003037 0.003081
0 0.183575 0.350799 0.003037 0.003268
0 0.208293 0.357102 0.003666 0.003921
0 0.222066 0.363637 0.003352 0.003735
0 0.303790 0.333243 0.003687 0.002876
0 0.067951 0.350573 0.005680 0.003963
