0 0.161926 0.294591 0.002844 0.003565
0 0.081553 0.296940 0.002569 0.002971
0 0.162975 0.283232 0.002661 0.003225
0 0.152155 0.253428 0.002183 0.003128
0 0.104481 0.201411 0.002412 0.003061
0 0.096623 0.177242 0.002412 0.003189
0 0.098519 0.148832 0.004411 0.002742
0 0.258306 0.171883 0.002382 0.003114
0 0.261413 0.166302 0.003004 0.002779
0 0.265634 0.162301 0.003573 0.002539
0 0.267265 0.163667 0.002693 0.002875
0 0.272936 0.169751 0.004298 0.002396
0 0.281972 0.193588 0.004039 0.002444
0 0.294142 0.196869 0.002279 0.003162
0 0.278735 0.236185 0.002506 0.002951
0 0.389321 0.333278 0.002451 0.002880
0 0.387609 0.326078 0.002296 0.003024
0 0.389298 0.310206 0.002108 0.003373
0 0.376176 0.286216 0.002381 0.002957
0 0.371289 0.244447 0.002005 0.003247
0 0.827837 0.345567 0.003027 0.003650
0 0.809580 0.329822 0.003027 0.003225
0 0.857789 0.282189 0.003173 0.002304
0 0.852739 0.279080 0.003719 0.001957
0 0.873155 0.261724 0.002559 0.003409
0 0.869624 0.263918 0.002184 0.003125
0 0.883527 0.252791 0.003037 0.002146
0 0.886376 0.253375 0.002115 0.003062
0 0.886512 0.255932 0.002866 0.002872
0 0.889071 0.256058 0.002934 0.002936
0 0.907972 0.264209 0.002394 0.002941
0 0.907621 0.267303 0.003261 0.002559
0 0.910862 0.269270 0.002147 0.003361
0 0.915197 0.261173 0.002229 0.002826
0 0.917777 0.261593 0.002601 0.003667
0 0.914412 0.264476 0.002064 0.003094
0 0.923577 0.262605 0.003798 0.002177
0 0.927185 0.265353 0.002968 0.002462
0 0.930648 0.264832 0.003275 0.002872
0 0.924046 0.268509 0.003514 0.002210
0 0.920856 0.267515 0.002184 0.002367
0 0.920413 0.270861 0.002593 0.003062
0 0.942538 0.273497 0.002695 0.002967
0 0.946479 0.275848 0.002115 0.003819
0 0.952893 0.270640 0.002456 0.003125
0 0.939297 0.262323 0.002559 0.002967
0 0.936346 0.261754 0.002729 0.003346
0 0.937199 0.269693 0.002320 0.002367
0 0.936670 0.265084 0.002354 0.002557
0 0.937114 0.266537 0.002422 0.002557
0 0.937677 0.272787 0.002320 0.003188
