0 0.132900 0.642992 0.001958 0.003750
0 0.131024 0.641664 0.001958 0.003750
0 0.126619 0.642914 0.001958 0.003750
0 0.129556 0.646195 0.001958 0.003750
0 0.123030 0.643305 0.001958 0.003750
0 0.120420 0.641352 0.001958 0.003750
0 0.123764 0.660492 0.001958 0.003750
0 0.122786 0.662445 0.001958 0.003750
0 0.125233 0.659789 0.001958 0.003750
0 0.126945 0.661273 0.001958 0.003750
0 0.110306 0.645570 0.001958 0.003750
0 0.109083 0.639945 0.001958 0.003750
0 0.108348 0.642914 0.001958 0.003750
0 0.100600 0.640883 0.001958 0.003750
0 0.126864 0.653773 0.001958 0.003750
0 0.123601 0.654398 0.001958 0.003750
0 0.125518 0.652172 0.003670 0.002578
0 0.122174 0.656781 0.003670 0.002578
0 0.125518 0.654906 0.003670 0.002578
0 0.105440 0.636292 0.003670 0.002578
0 0.102178 0.636448 0.003670 0.002578
0 0.069388 0.628401 0.003670 0.002578
0 0.066289 0.636214 0.003670 0.002578
0 0.069878 0.633948 0.003670 0.002578
0 0.070693 0.631370 0.003670 0.002578
0 0.085294 0.613245 0.003670 0.002578
0 0.086925 0.615315 0.003344 0.001875
0 0.121917 0.652972 0.002202 0.003281
0 0.080400 0.641800 0.002202 0.003281
0 0.078442 0.627034 0.002202 0.003281
0 0.080236 0.629065 0.002202 0.003281
0 0.074037 0.626487 0.002202 0.003281
0 0.106909 0.627268 0.002202 0.003281
0 0.079584 0.611722 0.002202 0.003281
0 0.074364 0.623518 0.002202 0.003281
0 0.075261 0.632737 0.002202 0.003281
0 0.080318 0.608362 0.002202 0.003281
0 0.085538 0.616409 0.002202 0.003281
0 0.074690 0.603440 0.002202 0.003281
0 0.074364 0.607034 0.002202 0.003281
0 0.083499 0.616565 0.002202 0.003281
0 0.078279 0.620706 0.002202 0.003281
0 0.074527 0.638206 0.002202 0.003281
0 0.072977 0.635940 0.002202 0.003281
0 0.084723 0.600315 0.002202 0.003281
0 0.083254 0.605550 0.002202 0.003281
0 0.074119 0.600003 0.002202 0.003281
0 0.078279 0.603050 0.002202 0.003281
0 0.080400 0.601956 0.002202 0.003281
0 0.079665 0.604925 0.002202 0.003281
0 0.074063 0.619537 0.002202 0.003281
0 0.079283 0.621803 0.002202 0.003281
0 0.081695 0.614016 0.002202 0.003281
0 0.082918 0.618391 0.002202 0.003281
0 0.284664 0.579554 0.002202 0.003281
0 0.284990 0.576585 0.002202 0.003281
0 0.285235 0.564085 0.002202 0.003281
0 0.286866 0.567523 0.002202 0.003281
0 0.284745 0.571039 0.002202 0.003281
0 0.299590 0.550726 0.002202 0.003281
0 0.300080 0.546351 0.002202 0.003281
0 0.298122 0.547289 0.002202 0.003281
0 0.295349 0.546039 0.002202 0.003281
0 0.296572 0.551976 0.002202 0.003281
0 0.295675 0.554085 0.002202 0.003281
0 0.293881 0.557601 0.002202 0.003281
0 0.295757 0.558539 0.002202 0.003281
0 0.297225 0.561898 0.002202 0.003281
0 0.295675 0.564476 0.002202 0.003281
0 0.287763 0.577914 0.002202 0.003281
0 0.290129 0.578695 0.002202 0.003281
0 0.317127 0.572914 0.002202 0.003281
0 0.294615 0.568382 0.002202 0.003281
0 0.298775 0.567835 0.002202 0.003281
0 0.290292 0.570804 0.002202 0.003281
0 0.288497 0.573226 0.002202 0.003281
0 0.291597 0.572679 0.002202 0.003281
0 0.289965 0.575179 0.002202 0.003281
0 0.289965 0.564554 0.002202 0.003281
0 0.289965 0.567835 0.002202 0.003281
0 0.295430 0.570335 0.002202 0.003281
0 0.297388 0.570648 0.002202 0.003281
0 0.296669 0.536178 0.002202 0.003281
0 0.299932 0.524850 0.002202 0.003281
0 0.300258 0.537194 0.002202 0.003281
0 0.393845 0.530281 0.002202 0.003281
0 0.384873 0.528484 0.002202 0.003281
0 0.381447 0.529890 0.002202 0.003281
0 0.390664 0.531687 0.002202 0.003281
0 0.394171 0.541218 0.002202 0.003281
0 0.398413 0.543562 0.002202 0.003281
0 0.412850 0.539265 0.002202 0.003281
0 0.415134 0.539656 0.002202 0.003281
0 0.393845 0.536843 0.002202 0.003281
0 0.374392 0.525710 0.004812 0.004141
0 0.423617 0.544890 0.002202 0.003281
0 0.424677 0.548406 0.002202 0.003281
0 0.418804 0.546218 0.002202 0.003281
0 0.457222 0.531843 0.002202 0.003281
0 0.461300 0.535125 0.002202 0.003281
0 0.459587 0.539265 0.002202 0.003281
0 0.432263 0.547625 0.002202 0.003281
0 0.439196 0.552937 0.002202 0.003281
0 0.468641 0.536843 0.002202 0.003281
0 0.472556 0.530593 0.002202 0.003281
0 0.451757 0.539968 0.002202 0.003281
0 0.450370 0.542156 0.002202 0.003281
0 0.454041 0.543796 0.002202 0.003281
0 0.454775 0.538093 0.002202 0.003281
0 0.437728 0.543406 0.002202 0.003281
0 0.419783 0.538718 0.002202 0.003281
0 0.456162 0.543953 0.002202 0.003281
0 0.459343 0.542546 0.002202 0.003281
0 0.462034 0.542234 0.002202 0.003281
0 0.445639 0.546375 0.002202 0.003281
0 0.446618 0.544265 0.002202 0.003281
0 0.477777 0.533015 0.002202 0.003281
0 0.490746 0.529578 0.002202 0.003281
0 0.481284 0.530906 0.002202 0.003281
0 0.484873 0.535515 0.002202 0.003281
0 0.500697 0.534890 0.002202 0.003281
0 0.496047 0.529734 0.002202 0.003281
0 0.504285 0.538484 0.002202 0.003281
0 0.473943 0.534812 0.002202 0.003281
0 0.502817 0.531609 0.002202 0.003281
0 0.487483 0.525984 0.002202 0.003281
0 0.486096 0.528093 0.002202 0.003281
0 0.469049 0.543562 0.002202 0.003281
0 0.467989 0.528718 0.002202 0.003281
0 0.476798 0.539343 0.003507 0.001875
0 0.463176 0.545046 0.003507 0.001875
0 0.488706 0.535437 0.003507 0.001875
0 0.491480 0.537781 0.003507 0.001875
0 0.484383 0.540046 0.003507 0.001875
0 0.439114 0.522859 0.003507 0.001875
0 0.509451 0.541258 0.002365 0.003438
0 0.519483 0.545242 0.002365 0.003438
0 0.508635 0.549227 0.002365 0.003438
0 0.507167 0.554930 0.002365 0.003438
0 0.515650 0.550320 0.002365 0.003438
0 0.521971 0.541766 0.006117 0.005234
0 0.514141 0.552430 0.005954 0.004219
0 0.529190 0.527664 0.002365 0.003438
0 0.535470 0.520633 0.002365 0.003438
0 0.539712 0.508836 0.002365 0.003438
0 0.535062 0.509930 0.002365 0.003438
0 0.537346 0.511648 0.002365 0.003438
0 0.531881 0.517586 0.002365 0.003438
0 0.528129 0.522117 0.002365 0.003438
0 0.529842 0.523992 0.002365 0.003438
0 0.555291 0.531258 0.002365 0.003438
0 0.558146 0.529539 0.002365 0.003438
0 0.560919 0.531414 0.002365 0.003438
0 0.556596 0.533836 0.002365 0.003438
0 0.557983 0.534695 0.002365 0.003438
0 0.560674 0.534930 0.002365 0.003438
0 0.598929 0.564617 0.002365 0.003438
0 0.602354 0.564383 0.002365 0.003438
0 0.598113 0.569305 0.002365 0.003438
0 0.608146 0.561961 0.002365 0.003438
0 0.584491 0.551805 0.002365 0.003438
0 0.582860 0.558133 0.002365 0.003438
0 0.582044 0.552195 0.002365 0.003438
0 0.581881 0.554852 0.002365 0.003438
0 0.588325 0.549539 0.002365 0.003438
0 0.578537 0.561258 0.002365 0.003438
0 0.565487 0.543523 0.002365 0.003438
0 0.576906 0.558914 0.002365 0.003438
0 0.569973 0.560867 0.002365 0.003438
0 0.564671 0.547039 0.002365 0.003438
0 0.570136 0.544227 0.002365 0.003438
0 0.575193 0.552820 0.002365 0.003438
0 0.573480 0.553133 0.002365 0.003438
0 0.572501 0.551023 0.002365 0.003438
0 0.565487 0.540789 0.002365 0.003438
0 0.560226 0.542664 0.003589 0.002187
0 0.560715 0.544617 0.003589 0.002187
0 0.575397 0.548367 0.003589 0.002187
0 0.586653 0.555789 0.003589 0.002187
0 0.588611 0.557352 0.003589 0.002187
0 0.827898 0.604967 0.002365 0.003594
0 0.545205 0.604909 0.002365 0.003594
0 0.545368 0.611159 0.002365 0.003594
0 0.543492 0.613268 0.002365 0.003594
0 0.539577 0.612565 0.002365 0.003594
0 0.547815 0.588268 0.002365 0.003594
0 0.544063 0.585612 0.002365 0.003594
0 0.546021 0.585534 0.002365 0.003594
0 0.546021 0.597799 0.002365 0.003594
0 0.553362 0.599127 0.002365 0.003594
0 0.553443 0.603112 0.002365 0.003594
0 0.557359 0.603893 0.002365 0.003594
0 0.559071 0.600690 0.002365 0.003594
0 0.555483 0.601315 0.002365 0.003594
0 0.524895 0.579987 0.002365 0.003594
0 0.531094 0.583190 0.002365 0.003594
0 0.536559 0.581080 0.002365 0.003594
0 0.534357 0.579909 0.002365 0.003594
0 0.532970 0.583034 0.002365 0.003594
0 0.504575 0.554087 0.002365 0.003594
0 0.509632 0.546743 0.002365 0.003594
0 0.571459 0.560337 0.002365 0.003594
0 0.574232 0.560571 0.002365 0.003594
0 0.575293 0.564477 0.002365 0.003594
0 0.572275 0.564165 0.002365 0.003594
0 0.577332 0.556548 0.003670 0.002109
0 0.451516 0.548089 0.002447 0.003516
0 0.121817 0.650984 0.002447 0.003516
0 0.120431 0.647937 0.002447 0.003516
0 0.117739 0.649265 0.002447 0.003516
0 0.122633 0.646374 0.002447 0.003516
0 0.149786 0.738209 0.002447 0.003516
0 0.333008 0.650113 0.002447 0.003516
0 0.632547 0.520062 0.002447 0.003516
0 0.629937 0.518968 0.002447 0.003516
0 0.589399 0.530453 0.002447 0.003516
