0 0.030231 0.341700 0.000867 0.002106
0 0.026199 0.341279 0.000867 0.002106
0 0.040159 0.340605 0.000867 0.002106
0 0.041287 0.340647 0.000867 0.002106
0 0.031879 0.340984 0.000867 0.002106
0 0.032832 0.340942 0.000867 0.002106
0 0.025245 0.339720 0.000867 0.002106
0 0.035390 0.339320 0.002515 0.002022
0 0.036908 0.339046 0.000867 0.002106
0 0.066831 0.347997 0.002293 0.000696
0 0.063584 0.291009 0.001270 0.003084
0 0.064155 0.268803 0.001270 0.003084
0 0.067387 0.370346 0.001270 0.003084
0 0.092459 0.385088 0.001270 0.003084
0 0.098680 0.385952 0.001270 0.003084
0 0.088080 0.382497 0.001270 0.003084
0 0.078114 0.380709 0.001270 0.002837
0 0.086937 0.384718 0.001270 0.002837
0 0.109217 0.378796 0.001270 0.002837
0 0.078590 0.373492 0.003364 0.003022
0 0.132452 0.381937 0.002466 0.003364
0 0.256696 0.300917 0.003917 0.001717
0 0.275014 0.292707 0.001536 0.003433
0 0.272249 0.290692 0.001536 0.003433
0 0.272864 0.297783 0.001536 0.003433
0 0.274554 0.297409 0.001536 0.003433
0 0.267180 0.296439 0.001536 0.003433
0 0.268640 0.298753 0.003072 0.002463
0 0.362552 0.292805 0.001049 0.002345
0 0.365385 0.291581 0.001049 0.002345
0 0.366224 0.291122 0.001049 0.002345
0 0.377346 0.283476 0.001049 0.002345
0 0.378710 0.283272 0.001049 0.002345
0 0.379365 0.281947 0.002675 0.002090
0 0.363942 0.292142 0.002466 0.002090
0 0.709239 0.301953 0.002308 0.003308
0 0.707335 0.313448 0.001962 0.002860
0 0.706123 0.310224 0.002193 0.002692
0 0.710104 0.311037 0.001154 0.002579
0 0.708604 0.309747 0.001154 0.002579
0 0.708546 0.311598 0.001154 0.002579
0 0.949163 0.393138 0.001734 0.003876
