0 0.033930 0.282679 0.002309 0.003595
0 0.041738 0.287968 0.003189 0.003697
0 0.054055 0.285503 0.002749 0.003287
0 0.056859 0.288276 0.002639 0.003081
0 0.067416 0.287352 0.002859 0.002259
0 0.070496 0.290844 0.003299 0.001643
0 0.074730 0.294438 0.002529 0.002465
0 0.079513 0.294695 0.003739 0.001951
0 0.083373 0.298484 0.002328 0.002315
0 0.085664 0.298344 0.002253 0.002595
0 0.090736 0.300690 0.002935 0.002372
0 0.096944 0.301138 0.003837 0.001897
0 0.109862 0.305883 0.002162 0.002653
0 0.112872 0.306179 0.001738 0.003326
0 0.122475 0.308595 0.001866 0.002772
0 0.119062 0.309664 0.002247 0.003247
0 0.129026 0.309248 0.003180 0.002811
0 0.135916 0.311862 0.003561 0.001861
0 0.145307 0.316534 0.002671 0.002970
0 0.145710 0.321266 0.002205 0.003009
0 0.153978 0.324830 0.002374 0.003089
0 0.164662 0.329898 0.002459 0.003405
0 0.167651 0.325839 0.002332 0.003603
0 0.169305 0.333422 0.001738 0.003089
0 0.186031 0.322949 0.002629 0.003049
0 0.191055 0.322177 0.002671 0.002930
0 0.202826 0.361606 0.002239 0.003049
0 0.214905 0.371820 0.002705 0.003702
0 0.221598 0.367051 0.002472 0.002788
0 0.217590 0.334037 0.003160 0.002424
0 0.231557 0.336277 0.001975 0.002899
0 0.253425 0.361205 0.003950 0.002266
0 0.253171 0.339386 0.003330 0.001950
0 0.262059 0.341468 0.003047 0.002741
0 0.282408 0.339769 0.003644 0.001702
0 0.303712 0.345872 0.003995 0.002389
0 0.318429 0.352925 0.003084 0.001898
0 0.304764 0.364296 0.003504 0.001800
0 0.337087 0.356085 0.002731 0.003304
0 0.807374 0.439347 0.002049 0.003144
0 0.811984 0.437707 0.003367 0.002871
0 0.814692 0.435383 0.003513 0.002597
0 0.838928 0.426627 0.002699 0.003081
0 0.845626 0.425927 0.003899 0.002241
0 0.854274 0.422846 0.002799 0.003174
0 0.885216 0.418457 0.002699 0.002988
0 0.889765 0.420605 0.002399 0.002801
0 0.223822 0.333001 0.004453 0.002886
0 0.358134 0.360882 0.002859 0.002773
0 0.385902 0.360574 0.003189 0.002362
0 0.369549 0.310487 0.003011 0.003308
