0 0.013424 0.714289 0.003996 0.002666
0 0.012835 0.705590 0.002817 0.003367
0 0.019353 0.700504 0.002751 0.003578
0 0.044827 0.670747 0.003156 0.002678
0 0.053731 0.667877 0.002144 0.002806
0 0.069007 0.666442 0.002323 0.003252
0 0.077136 0.652190 0.002978 0.001913
0 0.070377 0.643644 0.002799 0.002296
0 0.061324 0.639914 0.004109 0.002104
0 0.064614 0.628398 0.001946 0.002778
0 0.129353 0.611463 0.002854 0.002461
0 0.130740 0.606286 0.003092 0.002122
0 0.133197 0.601278 0.002774 0.002122
0 0.147902 0.608068 0.003329 0.002122
0 0.151033 0.604546 0.002774 0.002207
0 0.152143 0.599453 0.002299 0.002377
0 0.170144 0.612875 0.002285 0.001687
0 0.177633 0.615223 0.003305 0.001753
0 0.194035 0.626949 0.002718 0.001687
0 0.207685 0.636357 0.002965 0.001720
0 0.225006 0.636934 0.002672 0.001849
0 0.245066 0.639795 0.002096 0.003169
0 0.243832 0.641402 0.002754 0.002509
0 0.257937 0.685553 0.002537 0.002876
0 0.348170 0.641156 0.002220 0.002377
0 0.341757 0.644743 0.002631 0.002333
0 0.340278 0.644831 0.002466 0.002597
0 0.350045 0.631469 0.003212 0.001819
0 0.362583 0.630526 0.003027 0.001786
0 0.381978 0.626509 0.002471 0.002414
0 0.387691 0.628592 0.001915 0.003340
0 0.393482 0.622921 0.001760 0.002381
0 0.394501 0.623946 0.003366 0.002183
0 0.407237 0.627491 0.002285 0.003340
0 0.415375 0.627458 0.002749 0.003142
0 0.439405 0.629682 0.002877 0.002441
0 0.446468 0.626881 0.002055 0.002921
0 0.453063 0.623400 0.002541 0.002521
0 0.461527 0.621859 0.001831 0.003361
0 0.475259 0.628266 0.002179 0.003213
0 0.502450 0.631677 0.001809 0.002905
0 0.507711 0.636782 0.003288 0.002201
0 0.486204 0.609179 0.003346 0.001840
0 0.502007 0.603926 0.002758 0.002857
0 0.521360 0.612108 0.002577 0.002179
0 0.552524 0.624754 0.001970 0.003165
0 0.556873 0.624445 0.002989 0.002037
0 0.554312 0.593952 0.002984 0.002290
0 0.560181 0.589025 0.002984 0.003089
0 0.587860 0.582395 0.002835 0.001864
0 0.591864 0.582927 0.002885 0.001864
0 0.599275 0.575977 0.003183 0.002343
0 0.615787 0.572169 0.002885 0.002290
0 0.625461 0.592753 0.002139 0.003408
0 0.625461 0.608251 0.001940 0.003195
0 0.607009 0.613577 0.003133 0.002556
0 0.611336 0.620314 0.002636 0.002929
0 0.604970 0.626199 0.003034 0.003089
0 0.632574 0.628330 0.002935 0.002663
0 0.629117 0.633682 0.003084 0.002397
0 0.604895 0.633922 0.003482 0.002130
0 0.587263 0.629821 0.003233 0.002024
0 0.592659 0.631099 0.003382 0.002237
0 0.594724 0.630753 0.002139 0.003249
0 0.596887 0.644999 0.002188 0.002769
0 0.589426 0.646517 0.003780 0.001971
0 0.573411 0.646597 0.003084 0.002237
0 0.566995 0.650804 0.003084 0.002343
0 0.574828 0.650618 0.002537 0.002077
0 0.577489 0.651497 0.002785 0.002769
0 0.569656 0.668060 0.003432 0.002024
0 0.559708 0.672267 0.002437 0.003302
0 0.565428 0.671894 0.002537 0.002130
0 0.568139 0.672320 0.002686 0.002024
0 0.568586 0.678205 0.003084 0.002716
0 0.568064 0.682519 0.003332 0.002716
0 0.575301 0.682120 0.003183 0.002237
0 0.590844 0.681827 0.003034 0.002184
0 0.587686 0.670137 0.002885 0.002556
0 0.602607 0.668299 0.003183 0.001971
0 0.606685 0.663879 0.002785 0.002184
0 0.603776 0.657728 0.002437 0.002982
0 0.606636 0.652162 0.003183 0.002716
0 0.611858 0.656503 0.003283 0.002343
0 0.596315 0.655810 0.002139 0.003408
0 0.598354 0.650485 0.002139 0.003302
0 0.586823 0.696857 0.003363 0.002361
0 0.494051 0.671888 0.003392 0.002226
0 0.497415 0.658385 0.002790 0.002871
0 0.532306 0.649404 0.001922 0.002487
0 0.535190 0.646316 0.001922 0.002659
0 0.542840 0.651162 0.003124 0.002059
0 0.580580 0.606524 0.003332 0.002184
0 0.634277 0.654130 0.001920 0.002835
0 0.648907 0.661679 0.002847 0.002197
0 0.661882 0.658844 0.003509 0.002056
0 0.665623 0.642788 0.003045 0.002835
0 0.674858 0.643320 0.002847 0.002339
0 0.673964 0.655484 0.002840 0.002361
0 0.675963 0.665867 0.002578 0.001841
0 0.679850 0.671089 0.002728 0.002361
0 0.686408 0.659565 0.002691 0.002041
0 0.688407 0.660445 0.002728 0.002041
0 0.688146 0.662406 0.002578 0.002041
0 0.702833 0.644162 0.002317 0.003321
0 0.700759 0.654426 0.003251 0.002081
0 0.690154 0.674476 0.002785 0.003568
0 0.697838 0.680015 0.003432 0.002610
0 0.704404 0.686379 0.002835 0.002982
0 0.710024 0.684968 0.002736 0.001971
0 0.717559 0.685527 0.003979 0.002024
0 0.722533 0.676154 0.003084 0.002663
0 0.716888 0.669816 0.003034 0.002343
0 0.718256 0.662094 0.002885 0.002663
0 0.722110 0.662360 0.002736 0.002982
0 0.730196 0.665299 0.002537 0.002503
0 0.731862 0.666204 0.002188 0.003036
0 0.733976 0.670811 0.002537 0.002769
0 0.738203 0.675365 0.003332 0.002397
0 0.734747 0.683753 0.003780 0.001917
0 0.732061 0.686389 0.003084 0.002077
0 0.737905 0.686788 0.002935 0.002130
0 0.748051 0.675418 0.002437 0.003142
0 0.746460 0.688519 0.002835 0.002077
0 0.750414 0.690836 0.002288 0.002663
0 0.729350 0.701594 0.002935 0.001917
0 0.751732 0.701754 0.002935 0.002130
0 0.756880 0.682981 0.002885 0.002823
0 0.762500 0.672728 0.002586 0.003302
0 0.772249 0.666417 0.003084 0.002077
0 0.762301 0.681676 0.003283 0.002130
0 0.759143 0.687800 0.003233 0.002343
0 0.764589 0.688519 0.003382 0.002290
0 0.767996 0.685191 0.002935 0.002343
0 0.774810 0.687774 0.003432 0.002077
0 0.778466 0.688253 0.002089 0.002610
0 0.769715 0.657221 0.003337 0.002402
0 0.768073 0.660238 0.002462 0.002461
0 0.781997 0.643952 0.002517 0.002929
0 0.799259 0.639441 0.003228 0.002109
0 0.804019 0.638299 0.003556 0.001933
0 0.781455 0.664707 0.003083 0.002333
0 0.785175 0.665917 0.003124 0.002377
0 0.794238 0.670407 0.003823 0.002377
0 0.799418 0.678835 0.003494 0.002069
0 0.805255 0.681828 0.003658 0.001805
0 0.806652 0.691292 0.002590 0.002773
0 0.812263 0.687264 0.003453 0.002465
0 0.815696 0.678901 0.003083 0.002553
0 0.820382 0.689861 0.002672 0.002641
0 0.823773 0.689839 0.003700 0.002333
0 0.826383 0.690917 0.001932 0.002817
0 0.836927 0.697366 0.003206 0.001981
0 0.838345 0.691666 0.002507 0.002201
0 0.853102 0.693360 0.002672 0.001717
0 0.862350 0.699632 0.003330 0.002465
0 0.864277 0.688665 0.003214 0.001841
0 0.861418 0.686004 0.003027 0.002041
0 0.860914 0.675961 0.003662 0.002121
0 0.854094 0.676541 0.002354 0.003201
0 0.823185 0.666750 0.001787 0.002906
0 0.832461 0.672834 0.002039 0.002503
