0 0.220340 0.706950 0.003163 0.003828
0 0.239182 0.705378 0.003438 0.002597
0 0.286938 0.730110 0.002876 0.003604
0 0.298253 0.728495 0.002250 0.003604
0 0.329624 0.735871 0.002724 0.002894
0 0.341272 0.750763 0.003100 0.003361
0 0.361938 0.761174 0.003476 0.003455
0 0.367339 0.762528 0.003757 0.002428
0 0.374204 0.777737 0.002639 0.003241
0 0.383559 0.780901 0.002872 0.004012
0 0.387440 0.787498 0.002717 0.002855
0 0.387634 0.791511 0.003726 0.002083
0 0.413757 0.778354 0.003183 0.002624
0 0.425635 0.776001 0.003338 0.001929
0 0.443752 0.750104 0.004030 0.002259
0 0.469946 0.745688 0.003926 0.003697
0 0.514337 0.786244 0.003410 0.002259
0 0.473188 0.725180 0.003028 0.003164
0 0.479204 0.713876 0.004192 0.002006
0 0.495235 0.706854 0.002717 0.003704
0 0.500514 0.708397 0.003028 0.003858
0 0.563960 0.766059 0.003926 0.003287
0 0.602759 0.752964 0.002170 0.003389
0 0.643499 0.750330 0.002562 0.002932
0 0.646216 0.749288 0.003338 0.001775
0 0.642956 0.784976 0.003338 0.002469
0 0.652562 0.786280 0.003529 0.002487
0 0.648231 0.785387 0.003336 0.001849
0 0.649707 0.789054 0.002566 0.003316
0 0.647117 0.797599 0.002158 0.003652
0 0.671906 0.790788 0.003558 0.002203
0 0.691595 0.775931 0.003649 0.002701
0 0.701920 0.793524 0.002872 0.002701
0 0.729363 0.785731 0.002484 0.003318
0 0.783638 0.772385 0.002306 0.002971
0 0.817455 0.798655 0.002476 0.004074
0 0.836412 0.788470 0.002989 0.004244
0 0.849819 0.827175 0.003160 0.003735
0 0.853619 0.828490 0.002562 0.002971
0 0.879622 0.849752 0.002989 0.003225
0 0.814994 0.899572 0.003928 0.004074
0 0.915303 0.837521 0.002310 0.003316
0 0.915014 0.826903 0.003529 0.002997
0 0.939106 0.828721 0.003593 0.003061
0 0.943533 0.825245 0.003978 0.001977
0 0.963390 0.819570 0.002630 0.003635
0 0.970383 0.817529 0.002759 0.003762
0 0.944816 0.807549 0.002951 0.003316
0 0.956557 0.798653 0.003336 0.002997
0 0.964928 0.781716 0.002096 0.003781
0 0.922502 0.754053 0.002795 0.003395
0 0.916796 0.758374 0.002407 0.003395
0 0.910935 0.749848 0.003261 0.003318
0 0.793908 0.739919 0.003720 0.002157
0 0.824700 0.726619 0.002687 0.003903
0 0.855450 0.712128 0.002903 0.003904
0 0.867261 0.766113 0.002391 0.003310
0 0.872258 0.736447 0.003328 0.004661
0 0.719283 0.724443 0.002647 0.003395
0 0.699685 0.722703 0.002391 0.003820
