0 0.275846 0.436698 0.001968 0.002635
0 0.278910 0.440176 0.002586 0.002003
0 0.279303 0.439518 0.002024 0.002055
0 0.279359 0.437172 0.001799 0.002635
0 0.275171 0.432534 0.002530 0.001792
0 0.277054 0.430611 0.002249 0.002793
0 0.278319 0.430189 0.002867 0.002161
0 0.332816 0.391492 0.002844 0.003227
0 0.333527 0.388195 0.002769 0.002666
0 0.338989 0.382653 0.003218 0.002104
0 0.339027 0.384407 0.003741 0.002385
0 0.340449 0.372762 0.001946 0.002525
0 0.343367 0.372552 0.002395 0.003367
0 0.349877 0.368308 0.002395 0.003016
0 0.347146 0.362801 0.002918 0.003087
0 0.411434 0.281255 0.002807 0.002207
0 0.275261 0.433800 0.003622 0.002315
