0 0.114823 0.336626 0.002756 0.003144
0 0.114823 0.321726 0.002466 0.003964
0 0.116564 0.312977 0.002466 0.003964
0 0.114469 0.306392 0.001801 0.003310
0 0.114649 0.299814 0.002162 0.003565
0 0.116135 0.290690 0.001892 0.003310
0 0.116585 0.280929 0.002072 0.003141
0 0.102984 0.269385 0.002612 0.004159
0 0.111316 0.259963 0.002522 0.003310
0 0.115189 0.257544 0.002522 0.003056
0 0.115009 0.254913 0.001801 0.003395
0 0.134059 0.249014 0.003333 0.002292
0 0.144823 0.245364 0.001982 0.003480
0 0.154506 0.240738 0.003693 0.003056
0 0.160305 0.244764 0.001765 0.003445
0 0.164885 0.248586 0.001933 0.002772
0 0.174801 0.248586 0.002185 0.003485
0 0.194908 0.249813 0.003656 0.001584
0 0.194277 0.254050 0.003151 0.002138
0 0.196651 0.258999 0.002605 0.003168
0 0.202051 0.262919 0.002227 0.003880
0 0.207513 0.268107 0.002059 0.003485
0 0.285975 0.313280 0.002013 0.002530
0 0.286535 0.295282 0.004251 0.002161
0 0.286087 0.284056 0.002349 0.003742
0 0.281809 0.282950 0.002405 0.003426
0 0.279279 0.257151 0.002017 0.003366
0 0.281968 0.255785 0.002941 0.002772
0 0.291674 0.246876 0.001933 0.002930
0 0.299637 0.240897 0.002899 0.002138
0 0.309200 0.234201 0.002789 0.002448
0 0.318807 0.230026 0.002521 0.003312
0 0.335951 0.222894 0.001839 0.002804
0 0.345780 0.217475 0.002240 0.003056
0 0.357616 0.216530 0.001973 0.002867
0 0.352133 0.209284 0.002574 0.001985
0 0.359488 0.225698 0.002574 0.002237
0 0.369886 0.225745 0.003109 0.001890
0 0.387004 0.227778 0.004246 0.001859
0 0.392253 0.231259 0.002173 0.003529
0 0.404570 0.231426 0.002427 0.003393
0 0.433157 0.245700 0.002207 0.003245
0 0.464886 0.243006 0.003009 0.002331
0 0.471104 0.240533 0.002407 0.002300
0 0.537819 0.242520 0.002215 0.002886
0 0.527102 0.237793 0.002411 0.003622
0 0.490421 0.234416 0.003453 0.002394
0 0.595969 0.198527 0.002997 0.003008
0 0.624766 0.196808 0.002867 0.003991
0 0.636722 0.195549 0.003192 0.002579
0 0.753688 0.219061 0.003073 0.003290
0 0.744486 0.226017 0.002932 0.003500
0 0.751099 0.247475 0.002345 0.003438
0 0.760187 0.255641 0.003192 0.002947
