0 0.916239 0.522071 0.005896 0.005183
0 0.905149 0.497709 0.004492 0.004665
0 0.899253 0.503281 0.003931 0.007516
0 0.904026 0.524014 0.006177 0.004924
0 0.870896 0.525699 0.004492 0.004147
0 0.860227 0.532696 0.005615 0.005183
0 0.856577 0.538657 0.005615 0.006738
0 0.878898 0.505354 0.004773 0.006479
0 0.873563 0.481511 0.004211 0.004406
0 0.885075 0.477624 0.003650 0.005961
0 0.888023 0.465313 0.003369 0.006738
0 0.892515 0.462851 0.003931 0.005961
0 0.906974 0.462074 0.004211 0.006479
0 0.910484 0.465702 0.004492 0.006997
0 0.928733 0.488249 0.007300 0.005442
0 0.943052 0.487213 0.004492 0.005961
0 0.946702 0.489804 0.004492 0.004924
0 0.945860 0.485658 0.003369 0.004924
0 0.949650 0.481770 0.004773 0.004924
0 0.946281 0.478401 0.002527 0.003369
0 0.944456 0.480863 0.003931 0.005183
0 0.935331 0.477235 0.004211 0.006738
0 0.974077 0.500042 0.003088 0.004147
0 0.967338 0.490452 0.003650 0.005702
0 0.967479 0.503022 0.002808 0.004406
0 0.965233 0.506132 0.003369 0.003887
0 0.960740 0.500689 0.004492 0.005442
0 0.960038 0.497968 0.002527 0.005702
0 0.961302 0.496284 0.003369 0.006479
0 0.971830 0.477883 0.003088 0.005442
0 0.969023 0.475680 0.003088 0.005183
0 0.964250 0.472181 0.003650 0.006479
0 0.938700 0.464277 0.003088 0.006220
0 0.931120 0.455854 0.003650 0.005442
0 0.931962 0.450152 0.003650 0.005442
0 0.927189 0.463370 0.004211 0.005961
0 0.921293 0.456242 0.004773 0.004665
0 0.920591 0.453003 0.004492 0.004924
0 0.973796 0.459482 0.003650 0.003887
0 0.978709 0.455206 0.002808 0.005702
0 0.977727 0.450282 0.002527 0.004665
0 0.969725 0.444191 0.002246 0.004924
0 0.968181 0.440304 0.003650 0.006479
0 0.965654 0.437712 0.002527 0.004406
0 0.961723 0.448986 0.003088 0.004147
0 0.965934 0.450022 0.003088 0.003628
0 0.967057 0.453651 0.003088 0.006220
0 0.966496 0.456242 0.004211 0.009330
0 0.966496 0.458575 0.002527 0.004665
0 0.966917 0.462462 0.003369 0.003628
0 0.965654 0.464665 0.004211 0.003887
0 0.958775 0.448597 0.003369 0.005442
0 0.956248 0.446912 0.002808 0.004147
0 0.950212 0.443932 0.003088 0.003887
0 0.946843 0.422162 0.005335 0.004924
0 0.936454 0.428900 0.003088 0.005442
0 0.919889 0.430326 0.004773 0.005183
0 0.917082 0.443414 0.005335 0.003887
0 0.907255 0.449893 0.004773 0.003887
0 0.899534 0.450411 0.003369 0.005442
0 0.914414 0.425531 0.003931 0.004924
0 0.920451 0.419570 0.003088 0.005961
0 0.926206 0.417756 0.002808 0.006479
0 0.947123 0.413091 0.004773 0.003887
0 0.967057 0.414776 0.004211 0.004147
0 0.980253 0.419182 0.005335 0.006738
0 0.965092 0.382380 0.005335 0.006220
0 0.957090 0.380307 0.003931 0.006220
0 0.967900 0.367219 0.004773 0.006479
0 0.974077 0.353613 0.003650 0.004665
0 0.962706 0.352835 0.004492 0.003110
0 0.958635 0.359055 0.004211 0.005183
0 0.950773 0.355038 0.004211 0.004406
0 0.944596 0.355297 0.004773 0.006479
0 0.947544 0.342339 0.003931 0.004924
0 0.933647 0.339099 0.004211 0.005183
0 0.936454 0.343246 0.003088 0.004147
0 0.938139 0.347781 0.003088 0.004406
0 0.932804 0.346615 0.003088 0.005183
0 0.930418 0.345319 0.003369 0.006220
0 0.920170 0.377197 0.004211 0.004665
0 0.936454 0.400003 0.003088 0.003628
0 0.941929 0.388470 0.002808 0.004406
0 0.943333 0.384194 0.003931 0.005183
0 0.943193 0.379011 0.003088 0.004665
0 0.945719 0.376030 0.002527 0.003887
0 0.948948 0.376030 0.002808 0.004406
0 0.946281 0.380307 0.002527 0.003110
0 0.949510 0.382898 0.003369 0.005702
0 0.946141 0.383417 0.002246 0.004147
0 0.946421 0.387563 0.002808 0.003110
0 0.942912 0.392099 0.003650 0.003369
0 0.949089 0.393265 0.003650 0.003628
0 0.951616 0.392099 0.002527 0.004406
0 0.954423 0.398060 0.003650 0.005961
0 0.943754 0.405446 0.003650 0.005183
0 0.934770 0.406094 0.002527 0.003887
0 0.935050 0.403891 0.003650 0.005702
0 0.924662 0.405575 0.004211 0.005961
0 0.921012 0.407130 0.002527 0.005442
0 0.919889 0.408426 0.003088 0.005442
0 0.970707 0.338840 0.003650 0.005183
0 0.967479 0.337285 0.003931 0.006738
0 0.967198 0.325104 0.003931 0.005183
0 0.960179 0.333398 0.002808 0.006738
0 0.958635 0.330547 0.003088 0.005183
0 0.957652 0.326659 0.005054 0.004147
0 0.950633 0.309166 0.004492 0.008034
0 0.962986 0.301391 0.003369 0.004406
0 0.967759 0.300095 0.004492 0.004924
0 0.962285 0.293227 0.003088 0.006220
0 0.967057 0.292709 0.003650 0.005183
0 0.971550 0.284545 0.003088 0.006479
0 0.953862 0.278195 0.004211 0.005183
0 0.949791 0.269513 0.003931 0.005961
0 0.944737 0.274826 0.004492 0.006738
0 0.941087 0.279750 0.005615 0.007775
0 0.942491 0.288044 0.005054 0.008812
0 0.936033 0.290506 0.002246 0.006479
0 0.939543 0.296726 0.003650 0.007516
0 0.937718 0.310461 0.003931 0.004924
0 0.933506 0.310461 0.003369 0.006997
0 0.934068 0.315256 0.002808 0.004665
0 0.931120 0.299965 0.004773 0.007257
0 0.930699 0.292968 0.004492 0.005183
0 0.930699 0.281046 0.004492 0.006738
0 0.921855 0.274826 0.003650 0.005702
0 0.922837 0.280657 0.003931 0.004924
0 0.923680 0.285711 0.004492 0.004147
0 0.917362 0.291542 0.004773 0.003887
0 0.913993 0.286877 0.003650 0.004924
0 0.905009 0.285581 0.004211 0.005442
0 0.898692 0.283767 0.003931 0.006479
0 0.908378 0.262127 0.004773 0.005702
0 0.936454 0.243856 0.003650 0.004406
0 0.932664 0.255518 0.003931 0.006479
0 0.943473 0.261609 0.004773 0.005702
0 0.961021 0.254482 0.005054 0.004924
0 0.958354 0.261868 0.006458 0.005183
0 0.955967 0.263423 0.005615 0.003628
0 0.958073 0.267569 0.004211 0.005702
0 0.892796 0.291542 0.003369 0.006479
0 0.903745 0.296337 0.003931 0.004665
0 0.908518 0.294782 0.002808 0.003110
0 0.910624 0.295819 0.003088 0.005183
0 0.912449 0.296985 0.002808 0.004406
0 0.911466 0.299576 0.001965 0.004924
0 0.912449 0.304760 0.004492 0.005961
0 0.914976 0.311109 0.004492 0.005183
0 0.921433 0.308647 0.005615 0.005961
0 0.923960 0.322383 0.003369 0.005961
0 0.918205 0.322124 0.005335 0.003887
0 0.917503 0.319273 0.005615 0.003887
0 0.909641 0.312924 0.004492 0.004665
0 0.911326 0.317977 0.006177 0.002851
0 0.912309 0.324845 0.003650 0.005183
0 0.905711 0.321735 0.003931 0.005183
0 0.899534 0.317200 0.005054 0.004924
0 0.900236 0.308259 0.004773 0.005183
0 0.903324 0.305667 0.004773 0.004147
0 0.893076 0.305278 0.004492 0.005961
0 0.887742 0.304112 0.005615 0.006738
0 0.879038 0.306444 0.005054 0.005702
0 0.872581 0.308647 0.003369 0.005961
0 0.874827 0.299058 0.005615 0.006479
0 0.875669 0.288044 0.003931 0.006220
0 0.881565 0.333527 0.003931 0.005442
0 0.877354 0.328344 0.005615 0.006479
0 0.865421 0.326918 0.004211 0.005183
0 0.866965 0.337026 0.006738 0.005702
0 0.864143 0.298879 0.005755 0.006830
0 0.860648 0.300207 0.003700 0.007968
0 0.856127 0.297361 0.005344 0.008348
0 0.861265 0.311780 0.006577 0.006071
0 0.855305 0.304950 0.003700 0.006830
0 0.852016 0.308365 0.007810 0.009107
0 0.846261 0.307416 0.006166 0.004933
0 0.845234 0.301156 0.006577 0.008348
0 0.883052 0.350484 0.008221 0.008348
0 0.885518 0.355796 0.004111 0.004553
0 0.889423 0.360159 0.003700 0.009486
0 0.892917 0.356555 0.006577 0.009866
0 0.908949 0.370025 0.005755 0.006451
0 0.895589 0.370784 0.004522 0.005692
0 0.891684 0.367748 0.002466 0.005692
0 0.894150 0.366231 0.004111 0.004174
0 0.889629 0.364902 0.003289 0.006071
0 0.882640 0.361677 0.002466 0.005692
0 0.884285 0.366420 0.004111 0.005312
0 0.878735 0.361298 0.003700 0.005692
0 0.876269 0.368507 0.002877 0.007968
0 0.879969 0.369835 0.004522 0.005312
0 0.895673 0.377382 0.003586 0.004868
0 0.887235 0.380692 0.003586 0.004478
0 0.887868 0.386631 0.003586 0.004284
0 0.889239 0.390525 0.002953 0.004673
0 0.894091 0.388578 0.002953 0.005063
0 0.890821 0.399093 0.002320 0.005841
0 0.888923 0.399385 0.002320 0.004868
0 0.884493 0.401137 0.003164 0.004478
0 0.886919 0.403766 0.002109 0.005063
0 0.887974 0.406979 0.002109 0.004089
0 0.893880 0.408147 0.002953 0.005257
0 0.848844 0.355671 0.003164 0.005841
0 0.835765 0.355574 0.004008 0.003310
0 0.835027 0.359955 0.002531 0.004673
0 0.833340 0.360539 0.002531 0.005452
0 0.837875 0.374169 0.004852 0.005452
0 0.844941 0.368912 0.004641 0.005452
0 0.835344 0.367841 0.002320 0.005647
0 0.833023 0.368523 0.002742 0.005841
0 0.829121 0.370080 0.001688 0.005063
0 0.829015 0.372806 0.002742 0.004284
0 0.826589 0.377674 0.002953 0.004673
0 0.833867 0.380400 0.001898 0.003894
0 0.835133 0.379914 0.001898 0.004478
0 0.836504 0.382737 0.005063 0.002337
0 0.836820 0.387702 0.004008 0.004478
0 0.841250 0.394225 0.003164 0.005841
0 0.850320 0.390039 0.002320 0.004478
0 0.855067 0.386242 0.002109 0.005063
0 0.856543 0.385171 0.002531 0.005257
0 0.861289 0.384295 0.003586 0.005452
0 0.864875 0.397146 0.002742 0.004673
0 0.868040 0.395199 0.002742 0.004673
0 0.861817 0.401819 0.005063 0.002726
0 0.860973 0.403961 0.005906 0.002337
0 0.910082 0.411971 0.006458 0.007257
0 0.900256 0.411064 0.003088 0.004924
0 0.892675 0.420135 0.004211 0.003887
0 0.893377 0.423764 0.004492 0.003887
0 0.888323 0.422209 0.003369 0.006479
0 0.886779 0.424411 0.003650 0.004665
0 0.881585 0.420524 0.003931 0.006220
0 0.883129 0.427910 0.003650 0.004406
0 0.893237 0.433871 0.004211 0.005961
0 0.880181 0.463675 0.006738 0.005442
0 0.882006 0.436981 0.003088 0.005961
0 0.878637 0.439184 0.003088 0.006220
0 0.875829 0.440998 0.002527 0.006738
0 0.874145 0.439054 0.003650 0.004406
0 0.874987 0.434519 0.003650 0.006220
0 0.875549 0.428040 0.003088 0.006220
0 0.867828 0.425837 0.003931 0.004406
0 0.869091 0.422856 0.003088 0.004665
0 0.865581 0.412879 0.005615 0.004406
0 0.870354 0.437629 0.003931 0.005183
0 0.871056 0.445663 0.004211 0.004665
0 0.866564 0.442035 0.004773 0.007257
0 0.865020 0.442035 0.002808 0.007257
0 0.863055 0.439832 0.003369 0.006479
0 0.863476 0.431539 0.004773 0.006997
0 0.864037 0.425707 0.003088 0.005183
0 0.858703 0.425319 0.004211 0.005442
0 0.855193 0.421949 0.003369 0.004406
0 0.858282 0.435944 0.002808 0.006479
0 0.856457 0.436333 0.003088 0.006738
0 0.853649 0.437370 0.004211 0.006220
0 0.860528 0.443331 0.003931 0.004665
0 0.856176 0.447088 0.005335 0.005442
0 0.853228 0.443849 0.002246 0.005183
0 0.864318 0.459788 0.004773 0.005961
0 0.860387 0.464971 0.001965 0.006479
0 0.862072 0.466267 0.003650 0.006479
0 0.908211 0.420462 0.001902 0.004681
0 0.908053 0.424119 0.001902 0.003218
0 0.910509 0.423022 0.003962 0.002487
0 0.911460 0.425143 0.002694 0.003218
0 0.866055 0.486294 0.004755 0.004389
0 0.857259 0.485709 0.003645 0.004096
0 0.843154 0.492804 0.002060 0.005413
0 0.841648 0.495437 0.003170 0.003365
0 0.836418 0.488269 0.002536 0.003950
0 0.834913 0.491487 0.003962 0.005120
0 0.845452 0.479857 0.002536 0.005852
0 0.854802 0.470714 0.005071 0.006583
0 0.839667 0.477077 0.003645 0.004974
0 0.835705 0.483368 0.003011 0.004681
0 0.826592 0.493974 0.003170 0.004828
0 0.846603 0.447500 0.003481 0.004498
0 0.844051 0.452426 0.003481 0.004926
0 0.850316 0.458424 0.004409 0.006211
0 0.844631 0.442681 0.004641 0.005569
0 0.845327 0.433364 0.003713 0.006640
0 0.839410 0.421905 0.004409 0.006426
0 0.836046 0.422440 0.003249 0.003213
0 0.835466 0.426296 0.003016 0.005355
0 0.832101 0.426831 0.003249 0.004284
0 0.828969 0.432721 0.003945 0.004926
0 0.828737 0.437433 0.003016 0.004498
0 0.823284 0.433578 0.005569 0.006211
0 0.825488 0.431436 0.003016 0.004926
0 0.823864 0.427474 0.003945 0.005569
0 0.824212 0.412695 0.003249 0.007282
0 0.838134 0.468169 0.003249 0.005569
0 0.836394 0.473417 0.003945 0.004498
0 0.828505 0.477379 0.003945 0.003855
0 0.827693 0.479949 0.003249 0.005140
0 0.829085 0.468169 0.004177 0.005140
0 0.831405 0.468276 0.003249 0.006211
0 0.828737 0.459709 0.003481 0.006211
0 0.829549 0.456068 0.004641 0.005355
0 0.828505 0.453176 0.003945 0.004284
0 0.837670 0.446965 0.003713 0.004284
0 0.837322 0.450070 0.004409 0.003641
0 0.860735 0.491185 0.005605 0.007244
0 0.849711 0.492392 0.004484 0.004829
0 0.847842 0.488770 0.004484 0.005174
0 0.838126 0.499636 0.004484 0.007589
0 0.835137 0.508088 0.008221 0.010693
0 0.823179 0.465141 0.005979 0.006209
0 0.822979 0.456906 0.004027 0.005487
0 0.816459 0.459826 0.003260 0.004248
0 0.813103 0.458233 0.004219 0.004956
0 0.810611 0.458499 0.003452 0.005133
0 0.809460 0.463898 0.003068 0.004956
0 0.809172 0.472571 0.003644 0.007081
0 0.814638 0.471775 0.004219 0.005841
0 0.818281 0.468057 0.002685 0.005841
0 0.804091 0.458233 0.003835 0.004248
0 0.803899 0.450091 0.003835 0.006727
0 0.809460 0.444515 0.003835 0.005487
0 0.811090 0.447966 0.002876 0.005310
0 0.808405 0.434248 0.004027 0.005841
0 0.804858 0.434956 0.003068 0.005133
0 0.814062 0.424423 0.003452 0.004602
0 0.808022 0.412829 0.003644 0.005487
0 0.810227 0.404775 0.003452 0.004956
0 0.824514 0.405129 0.005561 0.004602
0 0.802912 0.423014 0.005436 0.006585
0 0.799175 0.418467 0.004077 0.004390
0 0.799514 0.429129 0.004077 0.005645
0 0.793909 0.425993 0.003737 0.006272
0 0.799005 0.462997 0.005096 0.005017
0 0.797646 0.472875 0.005096 0.005331
0 0.792550 0.477422 0.006455 0.006272
0 0.787284 0.485419 0.005436 0.005331
0 0.781679 0.478676 0.004416 0.005645
0 0.777262 0.475070 0.004416 0.005331
0 0.771827 0.480872 0.005775 0.005645
0 0.768090 0.485732 0.005096 0.005331
0 0.763334 0.477579 0.007134 0.004704
0 0.762824 0.507527 0.005436 0.008153
0 0.786265 0.461743 0.003397 0.007526
0 0.790682 0.467230 0.004077 0.003450
0 0.779471 0.466133 0.004756 0.004390
0 0.777093 0.468014 0.004756 0.006272
0 0.770808 0.470680 0.005096 0.005958
0 0.770638 0.461586 0.004756 0.007213
0 0.766052 0.462840 0.005775 0.005331
0 0.763504 0.467701 0.005436 0.005645
0 0.757049 0.468798 0.004756 0.005958
0 0.748726 0.475070 0.005775 0.006585
0 0.765882 0.457352 0.004756 0.006899
0 0.763673 0.455471 0.005096 0.006272
0 0.777093 0.456568 0.006115 0.007840
0 0.785076 0.453432 0.005096 0.003450
0 0.783208 0.450453 0.005436 0.005645
0 0.783547 0.446533 0.005436 0.005958
0 0.786265 0.443868 0.006794 0.007526
0 0.780660 0.441045 0.005096 0.008153
0 0.785416 0.428659 0.004416 0.007840
0 0.777772 0.434617 0.002718 0.005958
0 0.777602 0.430697 0.003058 0.005645
0 0.787964 0.418937 0.004077 0.009094
0 0.778451 0.416742 0.004077 0.007213
0 0.774884 0.422073 0.004416 0.007213
0 0.771997 0.414861 0.004077 0.007213
0 0.778282 0.408118 0.004416 0.006272
0 0.802572 0.404355 0.005436 0.008153
0 0.799684 0.405923 0.004416 0.007526
0 0.795438 0.399808 0.004756 0.008467
0 0.766561 0.415174 0.004756 0.009094
0 0.762824 0.412979 0.004756 0.010349
0 0.759767 0.423641 0.002718 0.005331
0 0.759767 0.427875 0.004077 0.005017
0 0.753821 0.439948 0.005775 0.007213
0 0.750085 0.449669 0.006455 0.007213
0 0.746687 0.460802 0.007134 0.007526
0 0.736665 0.467230 0.004756 0.006585
0 0.733098 0.463938 0.005775 0.006272
0 0.727663 0.464878 0.003737 0.005645
0 0.717811 0.468014 0.005775 0.006272
0 0.705411 0.468955 0.005436 0.006272
0 0.691312 0.468642 0.008493 0.006899
0 0.694540 0.458450 0.004077 0.007840
0 0.686726 0.456098 0.005436 0.006899
0 0.692501 0.441045 0.005436 0.006899
0 0.719509 0.453589 0.004416 0.008153
0 0.712715 0.447161 0.005096 0.007213
0 0.717641 0.441673 0.006115 0.006899
0 0.729022 0.435244 0.005096 0.004077
0 0.734797 0.437126 0.005096 0.004077
0 0.736326 0.439634 0.004756 0.004704
0 0.732928 0.444809 0.004077 0.004390
0 0.727493 0.444025 0.005436 0.004704
0 0.736665 0.450296 0.006794 0.004077
0 0.746348 0.421289 0.004416 0.005645
0 0.733608 0.417213 0.007474 0.005017
0 0.728682 0.413449 0.007134 0.004390
0 0.727833 0.422230 0.004756 0.006272
0 0.712035 0.431011 0.006455 0.007526
0 0.707109 0.424425 0.006115 0.007526
0 0.698616 0.421916 0.007474 0.006899
0 0.705071 0.416742 0.004756 0.004077
0 0.700315 0.410627 0.005436 0.006899
0 0.692671 0.392596 0.005775 0.005331
0 0.670589 0.447944 0.006455 0.006899
0 0.663795 0.448101 0.004416 0.005331
0 0.663455 0.451237 0.003737 0.005958
0 0.659548 0.444338 0.006115 0.007213
0 0.660737 0.435087 0.004416 0.008153
0 0.762824 0.395261 0.006794 0.005645
0 0.750934 0.394634 0.005436 0.008153
0 0.753652 0.388205 0.003397 0.006585
0 0.762315 0.370487 0.005775 0.006272
0 0.792210 0.380679 0.004416 0.005331
0 0.790342 0.368606 0.004077 0.004390
0 0.786265 0.361393 0.004756 0.007526
0 0.806649 0.359669 0.004756 0.005958
0 0.795098 0.357944 0.004077 0.007526
0 0.801213 0.350104 0.005436 0.009408
0 0.811065 0.353710 0.006794 0.005958
0 0.821596 0.371271 0.002038 0.005331
0 0.823974 0.371742 0.002718 0.005645
0 0.822616 0.367195 0.003397 0.007213
0 0.810725 0.341323 0.006115 0.007526
0 0.820917 0.337874 0.006794 0.007526
0 0.819558 0.330505 0.004077 0.007213
0 0.809196 0.326585 0.004416 0.008153
0 0.797986 0.329407 0.005096 0.005645
0 0.794418 0.334268 0.006794 0.009094
0 0.812594 0.314355 0.003737 0.007526
0 0.816501 0.321567 0.005436 0.007526
0 0.817859 0.314355 0.003397 0.006899
0 0.822785 0.313727 0.003737 0.007526
0 0.820917 0.308553 0.004077 0.005958
0 0.829410 0.309024 0.004077 0.008781
0 0.833147 0.311846 0.004756 0.010662
0 0.836205 0.307142 0.006115 0.008153
0 0.770978 0.328466 0.007474 0.005017
0 0.760446 0.332386 0.004077 0.006585
0 0.767071 0.351672 0.005775 0.008153
0 0.750764 0.356689 0.005775 0.003763
0 0.748216 0.352613 0.003397 0.005645
0 0.744479 0.352770 0.004756 0.007840
0 0.743120 0.363902 0.004077 0.007526
0 0.737345 0.363118 0.004077 0.009094
0 0.719219 0.371827 0.006166 0.006830
0 0.713875 0.364427 0.006166 0.009486
0 0.713053 0.377139 0.006988 0.005312
0 0.706065 0.376949 0.006166 0.008727
0 0.706681 0.369929 0.007399 0.005312
0 0.706065 0.365945 0.003700 0.006451
0 0.708120 0.364427 0.003700 0.010245
0 0.700515 0.363668 0.007399 0.005692
0 0.693116 0.360633 0.004933 0.007209
0 0.692294 0.367842 0.004933 0.004933
0 0.694761 0.371068 0.005755 0.003036
0 0.732787 0.339474 0.002953 0.005647
0 0.725193 0.332172 0.004641 0.006620
0 0.699036 0.345899 0.005484 0.005257
0 0.689333 0.347846 0.005484 0.005647
0 0.690915 0.341421 0.006117 0.004089
0 0.677837 0.342492 0.005274 0.005063
0 0.672563 0.338890 0.005274 0.004868
0 0.665391 0.332464 0.005695 0.005257
0 0.662649 0.327012 0.003586 0.006036
0 0.659801 0.329933 0.003375 0.004478
0 0.656637 0.327888 0.003797 0.003894
0 0.653262 0.330030 0.002109 0.005452
0 0.657059 0.330809 0.003375 0.005063
0 0.644824 0.336748 0.005484 0.004478
0 0.647039 0.347165 0.004008 0.005452
0 0.648516 0.352812 0.005695 0.006620
0 0.660118 0.361769 0.004852 0.006231
0 0.672985 0.360990 0.004430 0.006231
0 0.678891 0.350378 0.004852 0.004868
0 0.645774 0.325259 0.002320 0.006815
0 0.642820 0.321268 0.003164 0.007010
0 0.636387 0.321852 0.005906 0.007789
0 0.654825 0.407695 0.004533 0.004828
0 0.651252 0.404075 0.002964 0.005310
0 0.646370 0.387339 0.004707 0.005632
0 0.667203 0.389994 0.004533 0.006437
0 0.653954 0.373741 0.003487 0.006437
0 0.642709 0.374545 0.004358 0.007402
0 0.639223 0.370925 0.002615 0.006276
0 0.633906 0.369959 0.005579 0.006598
0 0.621005 0.360063 0.003487 0.005793
0 0.610109 0.361913 0.004010 0.003058
0 0.609238 0.364971 0.004010 0.005310
0 0.605664 0.360063 0.003138 0.005149
0 0.594158 0.359338 0.004184 0.006276
0 0.590933 0.363281 0.004707 0.005149
0 0.589800 0.373982 0.004533 0.004345
0 0.588056 0.379132 0.002789 0.004345
0 0.591543 0.382994 0.003487 0.004667
0 0.586836 0.346143 0.003835 0.004345
0 0.582390 0.351292 0.001918 0.004023
0 0.581257 0.348476 0.003835 0.005471
0 0.585528 0.317981 0.004358 0.004345
0 0.581257 0.318223 0.003835 0.004506
0 0.577335 0.319510 0.004010 0.004828
0 0.588231 0.334395 0.003138 0.004989
0 0.590323 0.331338 0.003138 0.004345
0 0.599562 0.326349 0.003835 0.003701
0 0.598778 0.321844 0.004010 0.003701
0 0.602613 0.321361 0.002615 0.003701
0 0.605228 0.324901 0.002615 0.006276
0 0.608017 0.322326 0.003312 0.004345
0 0.615339 0.325384 0.002964 0.005310
0 0.620831 0.325464 0.003138 0.005149
0 0.620743 0.321280 0.004358 0.004184
0 0.585093 0.340350 0.005230 0.004345
0 0.585180 0.335924 0.004010 0.003862
0 0.576027 0.339867 0.004881 0.005954
0 0.570797 0.342522 0.002789 0.003540
0 0.568705 0.343407 0.002441 0.004345
0 0.570187 0.345982 0.002615 0.004023
0 0.563737 0.342683 0.004010 0.004506
0 0.556502 0.352499 0.005230 0.003540
0 0.557287 0.359419 0.005404 0.006437
0 0.549093 0.357246 0.002964 0.005310
0 0.545606 0.357649 0.004010 0.005471
0 0.543602 0.364568 0.003835 0.003218
0 0.531660 0.349522 0.002964 0.005310
0 0.525907 0.349281 0.004358 0.005471
0 0.509432 0.341959 0.005579 0.005310
0 0.501849 0.328200 0.005753 0.006437
0 0.627555 0.308500 0.005178 0.004956
0 0.485752 0.427881 0.004773 0.004406
0 0.484769 0.440191 0.006177 0.008293
0 0.477048 0.430083 0.003650 0.006220
0 0.480137 0.429047 0.005335 0.005183
0 0.479856 0.422568 0.004773 0.007775
0 0.472977 0.426973 0.006177 0.005702
0 0.467222 0.432416 0.004773 0.005183
0 0.463853 0.434748 0.005335 0.009330
0 0.453464 0.430861 0.004773 0.007257
0 0.448551 0.428399 0.004492 0.006997
0 0.474802 0.418939 0.005335 0.007257
0 0.468204 0.418032 0.006177 0.005442
0 0.464274 0.413626 0.005615 0.008034
0 0.467502 0.404944 0.005335 0.007775
0 0.473679 0.389524 0.004773 0.008034
0 0.473960 0.383174 0.004211 0.006220
0 0.474662 0.371771 0.005615 0.010885
0 0.463993 0.382526 0.005615 0.006997
0 0.456412 0.382656 0.003931 0.004147
0 0.455149 0.389654 0.004773 0.004665
0 0.455710 0.394966 0.004773 0.005961
0 0.448691 0.400798 0.004211 0.007775
0 0.449534 0.383434 0.004211 0.006220
0 0.440128 0.385377 0.005615 0.006479
0 0.435495 0.383563 0.004773 0.005961
0 0.431986 0.388876 0.004492 0.007257
0 0.427073 0.387839 0.004773 0.007257
0 0.422580 0.391856 0.005335 0.005961
0 0.418790 0.399113 0.005615 0.008552
0 0.430161 0.450039 0.002527 0.007257
0 0.431705 0.452242 0.002808 0.006997
0 0.422019 0.445763 0.004211 0.005961
0 0.421317 0.450687 0.004492 0.004924
0 0.419211 0.444856 0.003650 0.007257
0 0.418088 0.446670 0.002527 0.005702
0 0.415561 0.443301 0.002527 0.004665
0 0.415000 0.446411 0.003088 0.005702
0 0.412473 0.445245 0.002527 0.005961
0 0.409104 0.444208 0.004211 0.005961
0 0.406577 0.396521 0.004211 0.004924
0 0.406717 0.392634 0.003931 0.006479
0 0.411911 0.383693 0.006458 0.004665
0 0.422300 0.383434 0.005896 0.007257
0 0.420615 0.368143 0.006458 0.006220
0 0.409665 0.371641 0.005896 0.005961
0 0.404190 0.378250 0.005054 0.004665
0 0.397592 0.380194 0.004211 0.005442
0 0.395767 0.389135 0.005054 0.005183
0 0.400119 0.391468 0.004211 0.006220
0 0.397720 0.364393 0.006115 0.008467
0 0.389057 0.373331 0.005096 0.005017
0 0.390416 0.384777 0.004416 0.005958
0 0.388038 0.389480 0.005096 0.004704
0 0.383791 0.389167 0.004756 0.007213
0 0.380394 0.394968 0.004077 0.006272
0 0.351687 0.438557 0.004416 0.005645
0 0.336910 0.435892 0.006794 0.004077
0 0.331474 0.437930 0.004077 0.009408
0 0.334362 0.431345 0.005775 0.006899
0 0.321452 0.429934 0.007814 0.008467
0 0.324679 0.418174 0.006794 0.008153
0 0.322301 0.409237 0.005436 0.007840
0 0.404572 0.466731 0.006577 0.009866
0 0.432072 0.287562 0.006988 0.008727
0 0.417890 0.274472 0.008221 0.009107
0 0.418096 0.267831 0.009455 0.005692
0 0.368151 0.288132 0.005755 0.007589
0 0.371234 0.280922 0.006988 0.007589
0 0.399187 0.284527 0.009455 0.007968
0 0.412546 0.303120 0.007399 0.008727
0 0.368151 0.314503 0.005755 0.004174
0 0.366918 0.317349 0.006577 0.006071
0 0.379045 0.328543 0.008632 0.008727
0 0.371645 0.329491 0.006166 0.007589
0 0.369385 0.337649 0.006577 0.007209
0 0.359108 0.336511 0.006577 0.008727
0 0.359930 0.353965 0.008221 0.005692
0 0.334238 0.327784 0.008632 0.007968
0 0.324989 0.304827 0.006577 0.008348
0 0.313480 0.291736 0.005755 0.006451
0 0.310191 0.286993 0.006577 0.007589
0 0.319440 0.303309 0.004522 0.007589
0 0.315946 0.302361 0.006577 0.008727
0 0.315740 0.309570 0.006166 0.007968
0 0.312246 0.314124 0.007399 0.007968
0 0.309369 0.302551 0.006577 0.007589
0 0.318706 0.371287 0.006636 0.009189
0 0.312963 0.349022 0.005360 0.006597
0 0.301988 0.354794 0.003829 0.004948
0 0.297904 0.357268 0.002808 0.006597
0 0.294586 0.369873 0.004339 0.006361
0 0.288460 0.363630 0.007402 0.009895
0 0.288843 0.348786 0.005105 0.006597
0 0.277868 0.330763 0.003573 0.007304
0 0.272380 0.320985 0.005871 0.006597
0 0.278889 0.318393 0.005615 0.009895
0 0.263830 0.360802 0.005615 0.008011
0 0.255151 0.357622 0.004084 0.007304
0 0.254769 0.367988 0.005360 0.006833
0 0.264851 0.370933 0.006636 0.007539
0 0.271870 0.379651 0.004339 0.006597
0 0.280675 0.368106 0.005105 0.006126
0 0.285142 0.378119 0.002297 0.006361
0 0.285908 0.384010 0.003829 0.007304
0 0.288588 0.382360 0.004084 0.007304
0 0.289992 0.397321 0.003829 0.007068
0 0.303009 0.405096 0.004850 0.005655
0 0.300456 0.408159 0.003829 0.005655
0 0.299691 0.416523 0.003829 0.006361
0 0.309262 0.412047 0.002042 0.005890
0 0.312197 0.418055 0.004850 0.006597
0 0.305051 0.436314 0.005871 0.005419
0 0.269190 0.433369 0.004084 0.005655
0 0.264978 0.432780 0.003829 0.004948
0 0.268807 0.419233 0.004850 0.007068
0 0.267275 0.408630 0.005360 0.006126
0 0.268934 0.402622 0.005615 0.006833
0 0.275698 0.391549 0.003829 0.005890
0 0.279016 0.403565 0.004339 0.007304
0 0.291140 0.412164 0.003573 0.007068
0 0.258852 0.412282 0.003829 0.006833
0 0.259746 0.403211 0.004594 0.006126
0 0.251195 0.407806 0.005360 0.006833
0 0.255151 0.425476 0.003573 0.007775
0 0.233328 0.404389 0.005360 0.008011
0 0.232946 0.393787 0.004084 0.005655
0 0.226820 0.399442 0.005105 0.005655
0 0.223757 0.397086 0.004594 0.007068
0 0.216993 0.401327 0.002808 0.007068
0 0.251195 0.378708 0.005871 0.008482
0 0.245708 0.368106 0.007657 0.008482
0 0.216480 0.332572 0.006794 0.008467
0 0.207307 0.332101 0.006115 0.008781
0 0.209176 0.356561 0.005775 0.008153
0 0.205439 0.372241 0.005096 0.006899
0 0.200343 0.375534 0.005096 0.006585
0 0.218178 0.433235 0.004756 0.005958
0 0.223784 0.440761 0.006455 0.007213
0 0.212233 0.449071 0.005096 0.007526
0 0.203570 0.443113 0.005436 0.006899
0 0.190491 0.437154 0.005775 0.005645
0 0.185395 0.445465 0.004416 0.008467
0 0.167899 0.436527 0.004756 0.006272
0 0.180809 0.407363 0.004756 0.006272
0 0.195587 0.406266 0.007134 0.005331
0 0.270199 0.275070 0.005105 0.006361
0 0.262797 0.292740 0.005105 0.005890
0 0.256671 0.288146 0.005615 0.007539
0 0.243399 0.272832 0.005105 0.004712
0 0.234466 0.270829 0.006636 0.004948
0 0.203326 0.264585 0.006126 0.007068
0 0.184056 0.340804 0.003829 0.005890
0 0.191841 0.334325 0.005105 0.005655
0 0.174650 0.261222 0.004492 0.005961
0 0.165104 0.274051 0.002808 0.008812
0 0.147696 0.293359 0.004492 0.007516
0 0.159769 0.317720 0.006177 0.005961
0 0.175913 0.325625 0.005896 0.006738
0 0.160892 0.326402 0.006177 0.005183
0 0.153452 0.321997 0.005335 0.004147
0 0.147696 0.327569 0.003931 0.007516
0 0.163419 0.334696 0.003931 0.005702
0 0.173105 0.337028 0.005896 0.005702
0 0.174650 0.344933 0.003931 0.005961
0 0.147416 0.338324 0.004492 0.003628
0 0.146573 0.341434 0.003931 0.004147
0 0.147696 0.346358 0.005054 0.005702
0 0.136185 0.340786 0.004492 0.005442
0 0.128324 0.340268 0.004492 0.004924
0 0.124533 0.344026 0.004211 0.004665
0 0.112741 0.342989 0.002527 0.006220
0 0.103195 0.352449 0.004211 0.004406
0 0.112180 0.370720 0.006458 0.005183
0 0.121445 0.368647 0.006458 0.006220
0 0.149942 0.388473 0.007300 0.006479
0 0.157944 0.387566 0.003650 0.004665
0 0.166086 0.382253 0.004773 0.004406
0 0.174369 0.385752 0.003369 0.004147
0 0.178019 0.389121 0.004492 0.005183
0 0.177598 0.395082 0.003650 0.004665
0 0.167631 0.392231 0.005054 0.005183
0 0.174088 0.401949 0.005054 0.004924
0 0.140818 0.414130 0.005335 0.005961
0 0.141379 0.403634 0.006458 0.005183
0 0.135062 0.403116 0.005054 0.005183
0 0.134220 0.395082 0.003931 0.005183
0 0.134501 0.391453 0.005054 0.004147
0 0.121866 0.392231 0.006738 0.005183
0 0.122568 0.405707 0.004773 0.006220
0 0.117093 0.405578 0.006738 0.006479
0 0.113724 0.398839 0.004492 0.006479
0 0.109793 0.392490 0.005054 0.006738
0 0.113303 0.387047 0.004211 0.005183
0 0.104599 0.398321 0.004773 0.006479
0 0.100809 0.395859 0.003931 0.005183
0 0.091544 0.395989 0.004492 0.004924
0 0.107126 0.417888 0.005335 0.005183
0 0.116532 0.423331 0.003369 0.005183
0 0.114566 0.424108 0.003369 0.006220
0 0.111759 0.429551 0.003931 0.007257
0 0.100107 0.428514 0.004773 0.005183
0 0.095334 0.424238 0.004211 0.006479
0 0.095474 0.435641 0.006177 0.006997
0 0.075119 0.428255 0.004773 0.006220
0 0.076382 0.438233 0.004492 0.005442
0 0.065012 0.428644 0.004211 0.004924
0 0.059677 0.426829 0.004773 0.004924
0 0.052658 0.432013 0.003650 0.006479
0 0.044656 0.432401 0.002246 0.004665
0 0.037356 0.434993 0.005615 0.005183
0 0.037778 0.445230 0.003650 0.006997
0 0.046902 0.442250 0.003931 0.005702
0 0.020651 0.442509 0.004773 0.005702
0 0.026968 0.425534 0.003369 0.005442
0 0.023739 0.423071 0.003650 0.005702
0 0.014895 0.421776 0.003369 0.006738
0 0.020230 0.414908 0.003369 0.005961
0 0.019528 0.406226 0.003650 0.006738
0 0.017282 0.388473 0.003650 0.006479
0 0.027530 0.387177 0.003931 0.006479
0 0.029495 0.383937 0.003369 0.005183
0 0.034128 0.389898 0.004211 0.005183
0 0.027249 0.375903 0.005054 0.005183
0 0.020370 0.367221 0.004773 0.006997
0 0.016159 0.366832 0.004773 0.005702
0 0.017843 0.357632 0.004211 0.006997
0 0.011526 0.350635 0.005054 0.008034
0 0.023459 0.352190 0.003088 0.006479
0 0.027249 0.354004 0.003369 0.006997
0 0.032583 0.347006 0.004492 0.005961
0 0.029916 0.484364 0.004773 0.007516
0 0.041427 0.482291 0.004773 0.008034
0 0.018405 0.488770 0.005896 0.005961
0 0.089383 0.385712 0.004111 0.008279
0 0.083404 0.386402 0.005605 0.008279
0 0.078359 0.382780 0.005979 0.008624
0 0.072193 0.383470 0.007100 0.007244
0 0.059301 0.382263 0.007474 0.008279
0 0.071259 0.356219 0.007474 0.007244
0 0.062477 0.361048 0.005605 0.008624
0 0.039495 0.363118 0.007474 0.006554
0 0.062290 0.343284 0.005979 0.013108
0 0.054256 0.331728 0.007848 0.009314
0 0.040616 0.337937 0.006727 0.008624
0 0.012775 0.337074 0.006353 0.008279
0 0.018941 0.332245 0.005979 0.008969
0 0.014644 0.325174 0.005605 0.006554
0 0.009225 0.321379 0.005232 0.008624
0 0.069764 0.309133 0.005979 0.006209
0 0.070138 0.314998 0.005979 0.006209
0 0.064532 0.324311 0.006727 0.008279
0 0.086767 0.323276 0.010090 0.010349
0 0.084338 0.313273 0.008969 0.006209
0 0.097978 0.307236 0.005605 0.010004
0 0.124137 0.311031 0.006353 0.009314
0 0.094241 0.361911 0.005605 0.006899
0 0.087888 0.359324 0.005605 0.006554
0 0.082283 0.364153 0.006353 0.004484
0 0.084338 0.375709 0.005979 0.006899
0 0.078359 0.373984 0.005979 0.005519
0 0.101155 0.386575 0.005232 0.006554
0 0.102763 0.488909 0.006783 0.009600
0 0.123789 0.453849 0.006330 0.007930
0 0.120850 0.434649 0.007687 0.007930
0 0.137807 0.435275 0.006330 0.008348
0 0.210380 0.481396 0.003165 0.009600
0 0.205859 0.478266 0.005878 0.010017
0 0.191615 0.491623 0.005426 0.008348
0 0.187320 0.489327 0.005878 0.005426
0 0.183024 0.488909 0.006330 0.011270
0 0.086051 0.295282 0.007660 0.008081
0 0.079486 0.297808 0.005471 0.006061
0 0.068817 0.270535 0.006018 0.007071
0 0.054865 0.262707 0.005471 0.009596
0 0.056506 0.252859 0.009848 0.007071
0 0.067996 0.225839 0.008754 0.009596
0 0.061157 0.216243 0.006018 0.009596
0 0.058695 0.196042 0.006566 0.009596
0 0.064713 0.182911 0.009848 0.010606
0 0.082222 0.200587 0.009848 0.015656
0 0.085778 0.197304 0.008207 0.010101
0 0.100277 0.196042 0.008754 0.012626
0 0.455458 0.248937 0.004858 0.007589
0 0.451347 0.248764 0.006353 0.009314
