0 0.174418 0.400389 0.001825 0.002700
0 0.170882 0.403244 0.001834 0.002376
0 0.172453 0.404531 0.001746 0.002336
0 0.171449 0.407500 0.002445 0.002495
0 0.169310 0.407045 0.002095 0.002455
0 0.169223 0.405065 0.002008 0.002376
0 0.167542 0.404313 0.002226 0.002534
0 0.163220 0.414232 0.001965 0.002336
0 0.145626 0.361006 0.002166 0.002491
0 0.137729 0.347950 0.001902 0.003306
0 0.132737 0.337865 0.001849 0.002012
0 0.152942 0.339734 0.001902 0.003162
0 0.157141 0.341674 0.003222 0.003210
0 0.161024 0.344070 0.002430 0.003210
0 0.111597 0.329554 0.003558 0.002385
0 0.111739 0.312122 0.001981 0.002783
0 0.116884 0.311340 0.002173 0.001913
0 0.037805 0.278084 0.002320 0.002551
0 0.045152 0.264979 0.002250 0.002997
0 0.063644 0.250158 0.001852 0.002400
0 0.063992 0.254013 0.002149 0.002010
0 0.071548 0.254478 0.003108 0.001860
0 0.071283 0.252408 0.002447 0.002340
0 0.184465 0.360244 0.003048 0.001929
0 0.196125 0.357479 0.002552 0.003215
0 0.198748 0.360211 0.002410 0.002636
0 0.187549 0.351241 0.002614 0.002854
0 0.183579 0.341448 0.001937 0.003206
0 0.181424 0.339011 0.002276 0.002898
0 0.223579 0.335150 0.002771 0.002455
0 0.221517 0.333923 0.001740 0.003039
0 0.907958 0.459414 0.003397 0.003337
0 0.882342 0.453124 0.002925 0.002396
0 0.875785 0.432115 0.002453 0.003337
0 0.854886 0.428992 0.002547 0.002910
0 0.862387 0.432886 0.003019 0.002995
0 0.847103 0.433057 0.002453 0.003166
0 0.841793 0.437963 0.002127 0.002864
0 0.835413 0.441441 0.002642 0.002572
0 0.848141 0.457631 0.002062 0.002689
0 0.696262 0.411419 0.002264 0.003166
0 0.681685 0.405001 0.002170 0.003337
0 0.674609 0.408766 0.002170 0.003166
0 0.688032 0.408387 0.002552 0.002122
0 0.689698 0.408097 0.001914 0.002700
0 0.671125 0.412051 0.002481 0.003279
0 0.669637 0.413305 0.003473 0.001800
0 0.659642 0.418609 0.002197 0.003408
0 0.644614 0.417870 0.002765 0.002829
0 0.642062 0.415684 0.001772 0.002829
0 0.640538 0.418352 0.002410 0.001993
0 0.641283 0.420088 0.002481 0.001993
0 0.638943 0.419574 0.002623 0.002379
0 0.629586 0.415073 0.002056 0.003279
0 0.628948 0.407454 0.002056 0.003215
0 0.616189 0.407261 0.002623 0.003343
0 0.611298 0.407583 0.002197 0.003215
0 0.611510 0.404175 0.002197 0.002829
0 0.608321 0.401700 0.001772 0.002893
0 0.604134 0.401147 0.001971 0.002947
0 0.605412 0.399191 0.002184 0.002898
0 0.602882 0.401654 0.002024 0.002512
0 0.466473 0.396233 0.001985 0.002829
0 0.460943 0.387811 0.002268 0.003343
0 0.451941 0.391218 0.002127 0.003215
0 0.448042 0.385786 0.002552 0.003022
0 0.446979 0.395848 0.001701 0.003343
0 0.492381 0.380353 0.002481 0.003215
0 0.495465 0.368747 0.002694 0.003022
0 0.503262 0.359489 0.002410 0.003279
0 0.503688 0.356049 0.002127 0.002958
0 0.420269 0.338259 0.002316 0.003423
0 0.427560 0.335341 0.003345 0.003501
0 0.436909 0.335341 0.002659 0.003501
0 0.441155 0.334135 0.002916 0.003267
0 0.441567 0.327585 0.002835 0.002689
0 0.441342 0.324312 0.001998 0.003039
0 0.438668 0.322968 0.002578 0.002922
0 0.457259 0.313265 0.001998 0.003273
0 0.459063 0.311804 0.002255 0.003975
0 0.462737 0.307332 0.002127 0.003449
0 0.450299 0.313674 0.002127 0.003039
0 0.450525 0.308677 0.003222 0.003682
0 0.453296 0.293801 0.002707 0.002922
0 0.922369 0.146707 0.002573 0.003112
0 0.915379 0.144996 0.002830 0.002645
0 0.918466 0.149975 0.002316 0.003423
0 0.907273 0.215557 0.002745 0.002956
0 0.910018 0.216608 0.002230 0.002878
0 0.905258 0.226177 0.002144 0.002878
0 0.906072 0.227888 0.002916 0.003034
0 0.896251 0.231039 0.003174 0.002334
0 0.756293 0.216637 0.002285 0.002922
0 0.752661 0.220648 0.002402 0.003188
0 0.749439 0.216955 0.002636 0.003135
0 0.745865 0.216530 0.002285 0.003029
0 0.742907 0.216318 0.002226 0.002604
0 0.740856 0.217009 0.002695 0.002816
0 0.759427 0.243338 0.001992 0.003188
0 0.748384 0.248067 0.002168 0.002444
0 0.732708 0.263456 0.002290 0.003140
0 0.727009 0.267199 0.002397 0.003092
0 0.718648 0.269687 0.002503 0.003043
0 0.702038 0.277667 0.001917 0.002609
0 0.698923 0.281749 0.002503 0.002270
0 0.690189 0.279334 0.002184 0.003043
0 0.692292 0.282788 0.001917 0.002705
0 0.694609 0.282643 0.003142 0.001836
0 0.708690 0.247565 0.002729 0.003253
0 0.681393 0.239318 0.002929 0.002657
0 0.678874 0.234164 0.001992 0.003401
0 0.601827 0.261697 0.002268 0.003665
0 0.598991 0.265201 0.002410 0.003343
0 0.599098 0.257036 0.002765 0.003086
0 0.594526 0.247681 0.001985 0.003408
0 0.584271 0.241048 0.002082 0.002767
0 0.589137 0.237184 0.001937 0.002942
0 0.207445 0.189047 0.002050 0.003135
0 0.208265 0.187187 0.001816 0.002497
0 0.206507 0.178579 0.002285 0.002816
0 0.210052 0.179907 0.002226 0.003241
0 0.224580 0.170848 0.002461 0.001913
0 0.230058 0.172017 0.002402 0.003401
0 0.231493 0.165215 0.003164 0.002125
0 0.224077 0.144405 0.002573 0.002970
0 0.222479 0.152185 0.001715 0.002829
0 0.217020 0.148684 0.003275 0.003748
0 0.276554 0.172271 0.002105 0.002688
0 0.279492 0.162737 0.003046 0.001966
0 0.272989 0.183194 0.001992 0.003560
0 0.303687 0.180750 0.002226 0.003560
0 0.308491 0.182158 0.002109 0.002869
0 0.302720 0.185134 0.002050 0.002763
0 0.305210 0.197249 0.002812 0.003188
0 0.302808 0.199480 0.002226 0.003401
0 0.304595 0.204183 0.002871 0.003029
0 0.313500 0.210028 0.002168 0.002710
0 0.327120 0.210373 0.003046 0.002551
0 0.331309 0.213694 0.002753 0.003029
0 0.313822 0.225730 0.002226 0.002869
0 0.303394 0.221612 0.001875 0.003029
0 0.303599 0.218583 0.002285 0.002816
0 0.302105 0.219353 0.002695 0.002657
0 0.300113 0.218769 0.003164 0.003082
0 0.286376 0.228413 0.003691 0.003135
0 0.316789 0.209129 0.001933 0.002232
0 0.344636 0.189211 0.002227 0.003645
0 0.342893 0.198806 0.002711 0.002284
0 0.342457 0.180143 0.002421 0.004040
0 0.346911 0.183129 0.001743 0.003513
0 0.354279 0.213610 0.001881 0.002758
0 0.362242 0.208620 0.002201 0.002432
0 0.364343 0.206714 0.001921 0.002831
0 0.366743 0.205916 0.002161 0.002468
0 0.370965 0.209218 0.001801 0.002903
0 0.547118 0.217582 0.003222 0.002922
0 0.542783 0.203580 0.002168 0.002657
0 0.538213 0.206848 0.002168 0.002072
0 0.534757 0.204882 0.001933 0.002285
0 0.533204 0.199808 0.002578 0.002869
0 0.530334 0.199382 0.003398 0.002444
0 0.525061 0.199728 0.003046 0.002179
0 0.525735 0.201508 0.002050 0.002869
0 0.531593 0.211232 0.001816 0.002551
0 0.527405 0.205281 0.002343 0.002551
0 0.528196 0.205865 0.001933 0.002125
0 0.528869 0.207061 0.003164 0.001753
0 0.370649 0.212109 0.002807 0.002405
0 0.348387 0.184880 0.003353 0.003536
0 0.754657 0.248310 0.003495 0.004272
