0 0.500666 0.704429 0.001852 0.003261
0 0.494565 0.705500 0.001951 0.003665
0 0.497161 0.704429 0.001852 0.003137
0 0.497310 0.707410 0.001885 0.002516
0 0.497922 0.709444 0.001984 0.002609
0 0.449126 0.719786 0.003406 0.002050
0 0.453673 0.720578 0.002249 0.002143
0 0.454913 0.720035 0.001951 0.002360
0 0.450134 0.725765 0.002447 0.002329
0 0.451226 0.726339 0.002910 0.001925
0 0.451093 0.729724 0.001918 0.002547
0 0.452482 0.727768 0.002381 0.002174
0 0.451937 0.732706 0.001753 0.002919
0 0.453557 0.730206 0.001951 0.002019
0 0.452896 0.728901 0.002546 0.001708
0 0.455177 0.730019 0.002282 0.001646
0 0.456202 0.731572 0.002149 0.002391
0 0.454450 0.727752 0.001687 0.002205
0 0.456417 0.727209 0.002050 0.002422
0 0.457337 0.737849 0.002249 0.003137
0 0.455403 0.741312 0.002877 0.002733
0 0.716252 0.743593 0.002712 0.002298
0 0.717658 0.744043 0.002612 0.002391
0 0.720187 0.746403 0.003836 0.001770
0 0.723544 0.744586 0.002546 0.002360
0 0.724354 0.745161 0.003439 0.002391
0 0.731076 0.758423 0.004049 0.001819
0 0.883916 0.746113 0.004167 0.002050
0 0.884247 0.748411 0.002183 0.002981
0 0.896150 0.752281 0.004101 0.001951
0 0.364631 0.670152 0.002414 0.003509
0 0.367127 0.671813 0.002447 0.003168
0 0.366330 0.650413 0.003340 0.002733
0 0.544301 0.763024 0.004034 0.002733
0 0.607556 0.791297 0.003803 0.003354
0 0.089438 0.698116 0.003473 0.003795
0 0.506016 0.578779 0.003257 0.003100
0 0.754175 0.718864 0.003941 0.002151
