0 0.950305 0.258642 0.003957 0.005331
0 0.941401 0.263659 0.003957 0.005958
0 0.923758 0.258642 0.004287 0.006585
0 0.899026 0.293450 0.004287 0.005331
0 0.803558 0.236377 0.003957 0.004704
0 0.488878 0.224476 0.003890 0.004673
0 0.448335 0.249497 0.003890 0.004868
0 0.395097 0.235867 0.004300 0.004868
0 0.404414 0.163920 0.004095 0.005063
0 0.404516 0.157884 0.003071 0.003894
0 0.404721 0.152334 0.003481 0.004478
0 0.408100 0.156910 0.003276 0.004673
0 0.411171 0.153503 0.004505 0.002921
0 0.414345 0.154379 0.003071 0.005063
0 0.414447 0.152042 0.004914 0.002726
0 0.324455 0.171124 0.003481 0.005063
0 0.440268 0.337409 0.003686 0.004478
0 0.440473 0.327478 0.002867 0.004478
0 0.439961 0.312290 0.003481 0.005257
0 0.429108 0.346560 0.003890 0.004868
0 0.225275 0.105788 0.004095 0.002726
0 0.222921 0.107833 0.004300 0.004478
0 0.214730 0.105107 0.003481 0.004868
0 0.213911 0.097805 0.003890 0.004284
0 0.210737 0.101310 0.002457 0.004673
0 0.206130 0.101310 0.002662 0.005063
0 0.205618 0.093619 0.003686 0.004089
0 0.194664 0.092840 0.003890 0.003310
0 0.190773 0.094398 0.003481 0.004478
0 0.186371 0.091769 0.004095 0.003115
0 0.184938 0.088848 0.002048 0.003505
0 0.183709 0.098779 0.002457 0.003505
0 0.182480 0.100044 0.003276 0.002921
0 0.178488 0.097708 0.002662 0.004089
0 0.181354 0.096734 0.002662 0.003700
0 0.179614 0.089530 0.002457 0.005257
0 0.182480 0.087777 0.002457 0.004478
0 0.167635 0.096832 0.003890 0.002726
0 0.166100 0.099363 0.002867 0.004284
0 0.165076 0.103257 0.002048 0.004284
0 0.168454 0.102576 0.002662 0.004089
0 0.171526 0.099850 0.002252 0.003700
0 0.161185 0.104620 0.002457 0.003894
0 0.154633 0.125357 0.002048 0.004868
0 0.151254 0.121268 0.004300 0.003310
0 0.139481 0.125552 0.002867 0.004478
0 0.089099 0.139351 0.002792 0.004248
0 0.080629 0.139351 0.002978 0.004248
0 0.077744 0.132978 0.003164 0.004602
0 0.077930 0.141032 0.002420 0.004071
0 0.138384 0.201328 0.003276 0.003894
0 0.138076 0.205612 0.003890 0.003894
0 0.184557 0.209020 0.004300 0.004868
0 0.192952 0.218463 0.003071 0.004673
0 0.248340 0.199479 0.003686 0.004478
0 0.247828 0.218171 0.003481 0.005257
0 0.225268 0.300239 0.003686 0.004673
