0 0.699275 0.396697 0.005028 0.004147
0 0.680713 0.394175 0.005008 0.003218
0 0.686974 0.399076 0.004174 0.003950
0 0.667524 0.400392 0.004675 0.003365
0 0.648742 0.401855 0.004508 0.004535
0 0.590978 0.403757 0.003172 0.003657
0 0.582296 0.400831 0.003506 0.003365
0 0.578707 0.399368 0.003673 0.003072
0 0.575869 0.406171 0.004007 0.004389
0 0.586303 0.372085 0.003840 0.003511
0 0.586136 0.369598 0.005843 0.002926
0 0.666580 0.343445 0.002755 0.004667
0 0.527110 0.398777 0.002170 0.004096
0 0.520682 0.391609 0.003339 0.004096
0 0.513337 0.390438 0.005676 0.002633
0 0.482451 0.383343 0.005008 0.002487
0 0.325931 0.328601 0.003005 0.004974
0 0.321340 0.326700 0.003172 0.004681
0 0.311073 0.326700 0.004675 0.004681
0 0.247465 0.318580 0.004007 0.004828
0 0.242790 0.311485 0.004007 0.004974
0 0.233024 0.311266 0.003172 0.004242
0 0.378053 0.294222 0.003434 0.006195
0 0.314824 0.270060 0.003838 0.004956
0 0.308461 0.271741 0.004848 0.004071
0 0.432833 0.247095 0.002504 0.004828
0 0.434419 0.246510 0.002337 0.004828
0 0.452199 0.245852 0.002838 0.004096
0 0.461465 0.242487 0.002671 0.004096
0 0.470397 0.241902 0.002838 0.003804
0 0.480914 0.257263 0.002838 0.003804
0 0.481666 0.260993 0.002337 0.003657
0 0.493269 0.252874 0.002838 0.004974
0 0.509546 0.240585 0.003005 0.004389
0 0.498778 0.228662 0.002170 0.004535
0 0.500281 0.228809 0.002170 0.004828
0 0.498862 0.236855 0.002003 0.003950
0 0.494437 0.234221 0.002170 0.003657
0 0.489011 0.238318 0.002337 0.004535
0 0.492017 0.238245 0.002337 0.004974
0 0.493018 0.243657 0.002337 0.004096
0 0.494604 0.243072 0.003506 0.004681
0 0.476991 0.243438 0.002337 0.003657
0 0.483502 0.246071 0.003339 0.004535
0 0.481248 0.245120 0.002504 0.004389
0 0.479161 0.241244 0.002337 0.004828
0 0.396853 0.235024 0.005377 0.004284
0 0.296518 0.189428 0.004040 0.004602
0 0.278539 0.193499 0.004040 0.005310
0 0.271772 0.189428 0.003434 0.004956
0 0.232986 0.191463 0.003838 0.004425
0 0.230966 0.170399 0.004242 0.004071
0 0.210058 0.187835 0.004040 0.004956
0 0.197635 0.168275 0.003434 0.004425
0 0.174191 0.178563 0.002732 0.005320
0 0.171383 0.168722 0.002580 0.004522
0 0.151501 0.164931 0.005312 0.003857
0 0.138903 0.164267 0.004705 0.002793
0 0.137310 0.166195 0.003946 0.003990
0 0.108321 0.154159 0.003339 0.004389
0 0.096559 0.156021 0.004401 0.003325
0 0.092992 0.159346 0.002732 0.004123
0 0.094282 0.146512 0.003187 0.003990
0 0.088819 0.140926 0.005616 0.002926
0 0.082596 0.155489 0.002884 0.004389
0 0.075311 0.142589 0.003187 0.004123
0 0.068026 0.146844 0.003187 0.003591
0 0.061348 0.149105 0.002884 0.004389
0 0.112571 0.183551 0.002732 0.004123
0 0.111584 0.187075 0.002884 0.004256
0 0.091551 0.187474 0.005312 0.002660
0 0.121062 0.214802 0.003339 0.004535
0 0.108290 0.209316 0.002504 0.004681
0 0.103031 0.197027 0.003005 0.004096
0 0.096854 0.205439 0.002337 0.004242
0 0.099275 0.233088 0.005175 0.002780
0 0.091679 0.237843 0.003005 0.004974
0 0.086086 0.239964 0.003172 0.004535
0 0.068306 0.207707 0.003339 0.004681
0 0.061127 0.205293 0.002671 0.003950
0 0.059875 0.209682 0.003840 0.004828
0 0.053698 0.207195 0.004174 0.003950
0 0.054866 0.211364 0.003172 0.003804
0 0.039590 0.201855 0.005342 0.002926
0 0.024398 0.197686 0.003005 0.003950
0 0.006618 0.193224 0.003172 0.004096
0 0.042763 0.216923 0.005008 0.002926
0 0.053781 0.230748 0.003339 0.004535
0 0.059958 0.240257 0.003339 0.004828
0 0.032443 0.152213 0.003506 0.004681
0 0.083802 0.290340 0.002828 0.004425
0 0.084812 0.297243 0.003636 0.003717
0 0.082590 0.298925 0.004040 0.004602
0 0.078247 0.296978 0.002222 0.003540
0 0.075924 0.300164 0.002828 0.003894
0 0.069156 0.303173 0.002626 0.005310
0 0.020472 0.287242 0.002222 0.003540
0 0.022694 0.287154 0.003030 0.003363
0 0.018755 0.294234 0.002828 0.003717
0 0.026229 0.308218 0.002828 0.004071
0 0.166019 0.308045 0.004007 0.003072
0 0.089556 0.364660 0.003339 0.004535
0 0.227616 0.342410 0.004444 0.003540
0 0.327004 0.393656 0.002828 0.004071
0 0.330842 0.395515 0.003232 0.004602
0 0.348013 0.402064 0.003232 0.004248
0 0.357608 0.394718 0.004646 0.003009
0 0.170597 0.442807 0.004040 0.003717
0 0.169688 0.439709 0.003434 0.003894
0 0.123630 0.433602 0.005454 0.004071
0 0.575505 0.260284 0.003673 0.003862
0 0.572658 0.255939 0.002755 0.004828
0 0.571464 0.241456 0.002938 0.004506
0 0.575321 0.234295 0.002938 0.004345
0 0.564486 0.226571 0.002571 0.004667
0 0.565037 0.214421 0.002204 0.003862
0 0.559344 0.208548 0.005142 0.002736
0 0.565312 0.204444 0.003122 0.004184
0 0.616371 0.199114 0.002622 0.004111
0 0.580843 0.196152 0.001932 0.003748
0 0.708510 0.186277 0.005133 0.003213
0 0.849946 0.568244 0.004958 0.002575
