0 0.930672 0.583901 0.003416 0.004665
0 0.975928 0.620832 0.003985 0.005442
0 0.984182 0.641695 0.003416 0.005702
0 0.907048 0.634309 0.004554 0.004406
0 0.907760 0.641954 0.004269 0.004665
0 0.883282 0.648563 0.003700 0.004924
0 0.866915 0.657764 0.003985 0.003628
0 0.848842 0.659967 0.004839 0.003887
0 0.852826 0.670204 0.004839 0.003628
0 0.880435 0.678756 0.004269 0.004665
0 0.771423 0.565371 0.005408 0.004406
0 0.771281 0.622517 0.004554 0.004147
0 0.744383 0.638067 0.004269 0.003110
0 0.746582 0.638689 0.004082 0.002832
0 0.975229 0.693853 0.004140 0.004477
0 0.970959 0.690672 0.003364 0.004241
0 0.970830 0.694677 0.003105 0.005183
0 0.947284 0.702923 0.003623 0.004712
0 0.941979 0.707282 0.005951 0.004005
0 0.944955 0.719298 0.005693 0.004005
0 0.973159 0.734377 0.004140 0.004948
0 0.905107 0.695031 0.004658 0.004005
0 0.883631 0.686784 0.004658 0.004005
0 0.390772 0.606321 0.005175 0.003641
0 0.384891 0.602894 0.003293 0.003641
0 0.378893 0.602680 0.003058 0.003641
0 0.379952 0.608570 0.002352 0.003855
0 0.372660 0.605143 0.002823 0.004284
0 0.366896 0.610177 0.004469 0.002784
0 0.353724 0.607499 0.004940 0.002999
0 0.337140 0.582118 0.002823 0.004926
0 0.339963 0.580190 0.002352 0.004498
0 0.343256 0.578584 0.003293 0.004284
0 0.342197 0.568410 0.003528 0.003641
0 0.339375 0.562841 0.004469 0.003641
0 0.286801 0.547098 0.004705 0.003855
0 0.320086 0.586295 0.003999 0.003427
0 0.318792 0.597432 0.003293 0.002999
0 0.245048 0.630631 0.003999 0.003855
0 0.242343 0.636736 0.003764 0.003641
0 0.264219 0.662652 0.004705 0.004070
0 0.248106 0.658369 0.004940 0.002784
0 0.228464 0.639948 0.003293 0.003641
0 0.225759 0.641341 0.003058 0.004284
0 0.225524 0.637164 0.003058 0.004498
0 0.191889 0.647608 0.004466 0.002198
0 0.200761 0.659753 0.004104 0.002748
0 0.214589 0.679658 0.004647 0.002902
0 0.284961 0.697828 0.003105 0.004477
0 0.166405 0.658947 0.005141 0.003950
0 0.149294 0.669700 0.003695 0.004096
0 0.144394 0.667725 0.003213 0.004242
0 0.138530 0.672113 0.003053 0.004242
0 0.095793 0.658947 0.002731 0.003657
0 0.113627 0.683963 0.003374 0.004242
0 0.107521 0.685719 0.003695 0.004242
0 0.099970 0.690546 0.002731 0.004242
0 0.102380 0.692375 0.002410 0.004389
0 0.066391 0.646366 0.004017 0.003365
0 0.066391 0.670504 0.003053 0.004535
0 0.068480 0.676210 0.003695 0.003657
0 0.083904 0.683890 0.002731 0.004389
0 0.093544 0.685353 0.003053 0.004096
0 0.088242 0.692375 0.003695 0.003804
0 0.081574 0.691497 0.003535 0.004096
0 0.080931 0.693180 0.003535 0.003950
0 0.059483 0.704225 0.003374 0.004389
0 0.080771 0.710515 0.004499 0.002926
0 0.014826 0.590481 0.002921 0.003591
0 0.029651 0.594338 0.003359 0.003857
