0 0.351659 0.052706 0.007948 0.004665
0 0.335072 0.071495 0.005874 0.003369
0 0.362025 0.106871 0.007257 0.005702
0 0.302564 0.236522 0.005664 0.003009
0 0.359916 0.252719 0.005192 0.004248
0 0.367947 0.324692 0.004935 0.002736
0 0.367732 0.329681 0.004077 0.002414
0 0.373632 0.326704 0.004720 0.002897
0 0.370950 0.330807 0.004935 0.003058
0 0.343701 0.330968 0.004077 0.003701
0 0.338015 0.334670 0.004291 0.004023
0 0.345739 0.340946 0.004291 0.003058
0 0.354751 0.344647 0.005149 0.002092
0 0.353785 0.346015 0.004506 0.001931
0 0.338659 0.350199 0.003862 0.003218
0 0.361188 0.358164 0.004291 0.003701
0 0.398093 0.359612 0.005149 0.003701
0 0.439181 0.341589 0.003648 0.004023
0 0.420944 0.322359 0.003648 0.003862
0 0.444760 0.366291 0.004935 0.003540
0 0.318423 0.278262 0.004855 0.003641
0 0.444508 0.387518 0.004876 0.002926
0 0.497173 0.431479 0.004096 0.002780
0 0.408891 0.443107 0.004514 0.002660
0 0.443550 0.451208 0.004514 0.001693
0 0.519718 0.470431 0.004675 0.002660
0 0.434200 0.476053 0.003546 0.003264
0 0.414936 0.493040 0.004030 0.003143
0 0.425360 0.502051 0.005149 0.003540
0 0.399505 0.500120 0.004077 0.003218
0 0.399935 0.512833 0.005364 0.003540
0 0.424287 0.516614 0.003862 0.004023
0 0.456257 0.542442 0.004720 0.004184
0 0.450464 0.544293 0.004720 0.003058
0 0.506679 0.535523 0.004291 0.003862
0 0.388670 0.557489 0.003862 0.003701
0 0.512861 0.568864 0.004256 0.003724
0 0.476243 0.592004 0.003724 0.003724
0 0.444148 0.579370 0.004078 0.004522
0 0.399107 0.571790 0.004788 0.002660
0 0.400348 0.576112 0.003724 0.002527
0 0.399018 0.577442 0.004965 0.003325
0 0.432621 0.594997 0.003724 0.004123
0 0.395915 0.596127 0.003724 0.002660
0 0.534317 0.610424 0.003901 0.003059
0 0.374268 0.619378 0.005657 0.003657
0 0.326771 0.678261 0.002731 0.004096
0 0.329307 0.677822 0.005462 0.002633
0 0.323163 0.682869 0.003316 0.003950
0 0.319749 0.691281 0.007802 0.002341
0 0.312532 0.705179 0.007802 0.002926
0 0.411434 0.744665 0.005712 0.002999
0 0.355459 0.747664 0.005140 0.005140
0 0.336040 0.755160 0.007425 0.004284
0 0.400153 0.770582 0.005997 0.004712
0 0.332756 0.784290 0.005426 0.002999
0 0.335611 0.783647 0.003713 0.003855
0 0.357790 0.818449 0.006437 0.003379
0 0.324825 0.793143 0.006373 0.003186
0 0.340131 0.868301 0.006136 0.004071
0 0.330926 0.873877 0.007081 0.004248
0 0.301424 0.904500 0.005664 0.004956
0 0.327740 0.927954 0.004956 0.004779
0 0.284313 0.942824 0.006845 0.002301
0 0.279828 0.947868 0.004956 0.005310
0 0.231444 0.939195 0.006373 0.002832
0 0.276619 0.963129 0.004569 0.004926
0 0.270051 0.973410 0.004569 0.002784
0 0.276477 0.978015 0.007711 0.003855
0 0.615608 0.084218 0.004561 0.004846
