0 0.417283 0.208470 0.004965 0.003308
0 0.606134 0.069242 0.002989 0.003697
0 0.619259 0.077407 0.003643 0.002157
0 0.614121 0.087318 0.002335 0.003903
0 0.621875 0.099848 0.003643 0.002259
0 0.629862 0.104213 0.002616 0.002362
0 0.628507 0.126192 0.003643 0.002773
0 0.631917 0.127424 0.002989 0.001951
0 0.636682 0.102262 0.002989 0.002978
0 0.630142 0.122700 0.002242 0.002568
0 0.632571 0.123778 0.002803 0.002259
0 0.585589 0.103825 0.002162 0.003565
0 0.629365 0.082223 0.004323 0.002801
0 0.617089 0.057524 0.001853 0.003650
0 0.618363 0.059094 0.002085 0.003735
0 0.614927 0.044834 0.002316 0.002207
0 0.617707 0.045683 0.002779 0.002207
0 0.605122 0.045428 0.002471 0.003395
0 0.601069 0.053365 0.003629 0.003141
0 0.583340 0.046988 0.004076 0.002894
