0 0.939204 0.815091 0.003215 0.007096
0 0.937137 0.812795 0.003675 0.008348
0 0.931395 0.811543 0.004134 0.007513
0 0.924964 0.815091 0.003215 0.004591
0 0.925653 0.821978 0.003675 0.006678
0 0.933003 0.822395 0.003675 0.007513
0 0.928869 0.824691 0.003675 0.007096
0 0.931625 0.827195 0.003675 0.006261
0 0.912562 0.828656 0.005053 0.005843
0 0.905442 0.825108 0.005512 0.006261
0 0.904982 0.829700 0.007350 0.004591
0 0.880178 0.838673 0.005512 0.005843
0 0.874436 0.833247 0.005053 0.007513
0 0.835391 0.823230 0.008728 0.007513
0 0.824826 0.817595 0.006890 0.007096
0 0.811734 0.811752 0.008268 0.006261
0 0.820921 0.776691 0.006431 0.006261
0 0.824596 0.766048 0.005512 0.005009
0 0.826663 0.756865 0.006890 0.010017
0 0.777395 0.796061 0.004849 0.007257
0 0.768696 0.795154 0.004564 0.006479
0 0.747162 0.787249 0.003708 0.006220
0 0.740887 0.783750 0.003708 0.005961
0 0.702240 0.774291 0.006275 0.006220
0 0.672434 0.757575 0.003708 0.005961
0 0.669012 0.756797 0.003708 0.004406
0 0.669582 0.765220 0.006560 0.006738
0 0.476491 0.717566 0.004667 0.003770
0 0.472083 0.723221 0.004149 0.004712
0 0.467286 0.721925 0.003371 0.004477
0 0.464563 0.717449 0.004149 0.005419
0 0.432411 0.715564 0.005186 0.003063
0 0.432930 0.719098 0.002593 0.004005
0 0.426448 0.719451 0.005186 0.004712
0 0.242221 0.716388 0.003889 0.004241
0 0.236906 0.715328 0.004149 0.004948
0 0.233794 0.719922 0.002593 0.003298
0 0.231072 0.724281 0.003889 0.004948
0 0.228090 0.721807 0.004149 0.004241
0 0.214866 0.723103 0.005186 0.005419
0 0.222645 0.784478 0.003630 0.005655
0 0.218626 0.782711 0.003371 0.003534
0 0.219145 0.788248 0.003371 0.004712
0 0.025848 0.757678 0.002576 0.002926
0 0.024882 0.754460 0.002576 0.003218
0 0.024962 0.751168 0.003059 0.003657
0 0.024560 0.748096 0.002254 0.003657
0 0.028102 0.752046 0.002898 0.004828
0 0.030517 0.750730 0.003220 0.003365
0 0.031483 0.755996 0.004186 0.002487
0 0.028826 0.755630 0.002093 0.002926
0 0.028343 0.758117 0.003381 0.002926
0 0.028585 0.760604 0.002576 0.002926
0 0.029792 0.762506 0.003703 0.002341
0 0.035749 0.755118 0.002415 0.003365
0 0.034381 0.751607 0.002576 0.002487
0 0.034139 0.749340 0.002093 0.003804
0 0.030034 0.746414 0.003220 0.002048
0 0.032771 0.746926 0.002576 0.002780
0 0.034139 0.743708 0.003703 0.003950
0 0.031966 0.742830 0.002898 0.004242
