0 0.777180 0.296053 0.006598 0.010624
0 0.821230 0.331531 0.005433 0.010245
0 0.751566 0.308385 0.007374 0.005692
0 0.737012 0.321476 0.006210 0.005312
0 0.735653 0.316732 0.004269 0.004933
0 0.729638 0.316922 0.004657 0.005312
0 0.730608 0.323373 0.004269 0.005312
0 0.730802 0.328116 0.004657 0.005692
0 0.726906 0.323682 0.001856 0.005702
0 0.726773 0.321220 0.003181 0.004924
0 0.724785 0.321868 0.001856 0.005702
0 0.723858 0.319795 0.002651 0.005702
0 0.720677 0.324071 0.002651 0.006479
0 0.715508 0.324071 0.004506 0.007516
0 0.712857 0.331328 0.003446 0.006479
0 0.704109 0.327829 0.005037 0.005702
0 0.698542 0.329902 0.005037 0.006220
0 0.689795 0.331976 0.002916 0.005702
0 0.690060 0.325626 0.004506 0.005961
0 0.687409 0.326922 0.003446 0.004924
0 0.685421 0.328347 0.002651 0.007257
0 0.681312 0.328347 0.003446 0.005183
0 0.672034 0.328088 0.003976 0.006220
0 0.664347 0.334179 0.003446 0.006997
0 0.647249 0.351802 0.003711 0.007516
0 0.515366 0.344406 0.006415 0.007213
0 0.504461 0.341897 0.003849 0.005331
0 0.502376 0.342995 0.004170 0.006272
0 0.478480 0.345974 0.007056 0.005958
0 0.474310 0.349894 0.004490 0.007526
0 0.441274 0.345347 0.006415 0.005331
0 0.399661 0.354490 0.006831 0.008765
0 0.376181 0.348647 0.006831 0.007930
0 0.369350 0.346560 0.006831 0.007096
0 0.345443 0.349273 0.005977 0.008348
0 0.338826 0.339882 0.006404 0.006261
0 0.336264 0.343221 0.006404 0.007096
0 0.319615 0.344056 0.006404 0.009600
0 0.312997 0.341134 0.006831 0.009600
0 0.289090 0.335708 0.005977 0.010435
0 0.264116 0.339256 0.004696 0.009183
0 0.256858 0.331743 0.004696 0.008348
0 0.246185 0.334873 0.005550 0.008765
0 0.235513 0.330073 0.005550 0.005843
0 0.222705 0.332577 0.004696 0.008348
0 0.196236 0.324856 0.006404 0.007096
0 0.189406 0.325690 0.008965 0.009600
0 0.172756 0.315882 0.007258 0.005843
0 0.169981 0.325273 0.005977 0.010435
0 0.159735 0.326108 0.005977 0.009600
0 0.135828 0.321099 0.006831 0.007930
0 0.130919 0.315256 0.004696 0.007096
0 0.124728 0.315882 0.004269 0.007513
0 0.098900 0.333203 0.006404 0.009600
0 0.082464 0.304612 0.005977 0.011687
0 0.009889 0.314421 0.008538 0.010435
